1Inelastic  7Li(d,p)8Li(v1+) 7.266 AMeV ADKD-KD LEA no SO               
6.8323E+00    6.8328E+00    6.8339E+00    6.8345E+00    6.8330E+00    6.8272E+00
    6.8144E+00    6.7919E+00    6.7569E+00    6.7068E+00    6.6391E+00
    6.5521E+00    6.4443E+00    6.3148E+00    6.1636E+00    5.9911E+00
    5.7983E+00    5.5866E+00    5.3582E+00    5.1152E+00    4.8603E+00
    4.5963E+00    4.3260E+00    4.0522E+00    3.7777E+00    3.5051E+00
    3.2370E+00    2.9755E+00    2.7226E+00    2.4801E+00    2.2493E+00
    2.0314E+00    1.8273E+00    1.6376E+00    1.4625E+00    1.3024E+00
    1.1571E+00    1.0263E+00    9.0973E-01    8.0675E-01    7.1676E-01
    6.3904E-01    5.7278E-01    5.1715E-01    4.7127E-01    4.3426E-01
    4.0522E-01    3.8327E-01    3.6755E-01    3.5723E-01    3.5152E-01
    3.4966E-01    3.5096E-01    3.5477E-01    3.6050E-01    3.6759E-01
    3.7557E-01    3.8400E-01    3.9249E-01    4.0073E-01    4.0841E-01
    4.1532E-01    4.2126E-01    4.2607E-01    4.2965E-01    4.3193E-01
    4.3286E-01    4.3242E-01    4.3063E-01    4.2752E-01    4.2314E-01
    4.1756E-01    4.1085E-01    4.0310E-01    3.9441E-01    3.8488E-01
    3.7462E-01    3.6374E-01    3.5234E-01    3.4053E-01    3.2843E-01
    3.1612E-01    3.0372E-01    2.9130E-01    2.7897E-01    2.6678E-01
    2.5482E-01    2.4316E-01    2.3184E-01    2.2091E-01    2.1042E-01
    2.0041E-01    1.9090E-01    1.8190E-01    1.7344E-01    1.6553E-01
    1.5816E-01    1.5134E-01    1.4506E-01    1.3931E-01    1.3407E-01
    1.2933E-01    1.2506E-01    1.2125E-01    1.1788E-01    1.1491E-01
    1.1231E-01    1.1008E-01    1.0817E-01    1.0657E-01    1.0524E-01
    1.0416E-01    1.0332E-01    1.0268E-01    1.0224E-01    1.0196E-01
    1.0184E-01    1.0186E-01    1.0200E-01    1.0226E-01    1.0262E-01
    1.0309E-01    1.0364E-01    1.0429E-01    1.0503E-01    1.0586E-01
    1.0678E-01    1.0779E-01    1.0890E-01    1.1011E-01    1.1143E-01
    1.1285E-01    1.1440E-01    1.1606E-01    1.1786E-01    1.1980E-01
    1.2188E-01    1.2410E-01    1.2648E-01    1.2901E-01    1.3171E-01
    1.3456E-01    1.3758E-01    1.4076E-01    1.4409E-01    1.4759E-01
    1.5123E-01    1.5503E-01    1.5896E-01    1.6302E-01    1.6720E-01
    1.7149E-01    1.7588E-01    1.8035E-01    1.8489E-01    1.8949E-01
    1.9411E-01    1.9876E-01    2.0340E-01    2.0802E-01    2.1260E-01
    2.1713E-01    2.2157E-01    2.2591E-01    2.3014E-01    2.3422E-01
    2.3814E-01    2.4189E-01    2.4544E-01    2.4878E-01    2.5188E-01
    2.5474E-01    2.5734E-01    2.5967E-01    2.6171E-01    2.6346E-01
    2.6490E-01    2.6603E-01    2.6684E-01    2.6733E-01
