    0.00   6.832300E+00
    1.00   6.832800E+00
    2.00   6.833900E+00
    3.00   6.834500E+00
    4.00   6.833000E+00
    5.00   6.827200E+00
    6.00   6.814400E+00
    7.00   6.791900E+00
    8.00   6.756900E+00
    9.00   6.706800E+00
   10.00   6.639100E+00
   11.00   6.552100E+00
   12.00   6.444300E+00
   13.00   6.314800E+00
   14.00   6.163600E+00
   15.00   5.991100E+00
   16.00   5.798300E+00
   17.00   5.586600E+00
   18.00   5.358200E+00
   19.00   5.115200E+00
   20.00   4.860300E+00
   21.00   4.596300E+00
   22.00   4.326000E+00
   23.00   4.052200E+00
   24.00   3.777700E+00
   25.00   3.505100E+00
   26.00   3.237000E+00
   27.00   2.975500E+00
   28.00   2.722600E+00
   29.00   2.480100E+00
   30.00   2.249300E+00
   31.00   2.031400E+00
   32.00   1.827300E+00
   33.00   1.637600E+00
   34.00   1.462500E+00
   35.00   1.302400E+00
   36.00   1.157100E+00
   37.00   1.026300E+00
   38.00   9.097300E-01
   39.00   8.067500E-01
   40.00   7.167600E-01
   41.00   6.390400E-01
   42.00   5.727800E-01
   43.00   5.171500E-01
   44.00   4.712700E-01
   45.00   4.342600E-01
   46.00   4.052200E-01
   47.00   3.832700E-01
   48.00   3.675500E-01
   49.00   3.572300E-01
   50.00   3.515200E-01
   51.00   3.496600E-01
   52.00   3.509600E-01
   53.00   3.547700E-01
   54.00   3.605000E-01
   55.00   3.675900E-01
   56.00   3.755700E-01
   57.00   3.840000E-01
   58.00   3.924900E-01
   59.00   4.007300E-01
   60.00   4.084100E-01
   61.00   4.153200E-01
   62.00   4.212600E-01
   63.00   4.260700E-01
   64.00   4.296500E-01
   65.00   4.319300E-01
   66.00   4.328600E-01
   67.00   4.324200E-01
   68.00   4.306300E-01
   69.00   4.275200E-01
   70.00   4.231400E-01
   71.00   4.175600E-01
   72.00   4.108500E-01
   73.00   4.031000E-01
   74.00   3.944100E-01
   75.00   3.848800E-01
   76.00   3.746200E-01
   77.00   3.637400E-01
   78.00   3.523400E-01
   79.00   3.405300E-01
   80.00   3.284300E-01
   81.00   3.161200E-01
   82.00   3.037200E-01
   83.00   2.913000E-01
   84.00   2.789700E-01
   85.00   2.667800E-01
   86.00   2.548200E-01
   87.00   2.431600E-01
   88.00   2.318400E-01
   89.00   2.209100E-01
   90.00   2.104200E-01
   91.00   2.004100E-01
   92.00   1.909000E-01
   93.00   1.819000E-01
   94.00   1.734400E-01
   95.00   1.655300E-01
   96.00   1.581600E-01
   97.00   1.513400E-01
   98.00   1.450600E-01
   99.00   1.393100E-01
  100.00   1.340700E-01
  101.00   1.293300E-01
  102.00   1.250600E-01
  103.00   1.212500E-01
  104.00   1.178800E-01
  105.00   1.149100E-01
  106.00   1.123100E-01
  107.00   1.100800E-01
  108.00   1.081700E-01
  109.00   1.065700E-01
  110.00   1.052400E-01
  111.00   1.041600E-01
  112.00   1.033200E-01
  113.00   1.026800E-01
  114.00   1.022400E-01
  115.00   1.019600E-01
  116.00   1.018400E-01
  117.00   1.018600E-01
  118.00   1.020000E-01
  119.00   1.022600E-01
  120.00   1.026200E-01
  121.00   1.030900E-01
  122.00   1.036400E-01
  123.00   1.042900E-01
  124.00   1.050300E-01
  125.00   1.058600E-01
  126.00   1.067800E-01
  127.00   1.077900E-01
  128.00   1.089000E-01
  129.00   1.101100E-01
  130.00   1.114300E-01
  131.00   1.128500E-01
  132.00   1.144000E-01
  133.00   1.160600E-01
  134.00   1.178600E-01
  135.00   1.198000E-01
  136.00   1.218800E-01
  137.00   1.241000E-01
  138.00   1.264800E-01
  139.00   1.290100E-01
  140.00   1.317100E-01
  141.00   1.345600E-01
  142.00   1.375800E-01
  143.00   1.407600E-01
  144.00   1.440900E-01
  145.00   1.475900E-01
  146.00   1.512300E-01
  147.00   1.550300E-01
  148.00   1.589600E-01
  149.00   1.630200E-01
  150.00   1.672000E-01
  151.00   1.714900E-01
  152.00   1.758800E-01
  153.00   1.803500E-01
  154.00   1.848900E-01
  155.00   1.894900E-01
  156.00   1.941100E-01
  157.00   1.987600E-01
  158.00   2.034000E-01
  159.00   2.080200E-01
  160.00   2.126000E-01
  161.00   2.171300E-01
  162.00   2.215700E-01
  163.00   2.259100E-01
  164.00   2.301400E-01
  165.00   2.342200E-01
  166.00   2.381400E-01
  167.00   2.418900E-01
  168.00   2.454400E-01
  169.00   2.487800E-01
  170.00   2.518800E-01
  171.00   2.547400E-01
  172.00   2.573400E-01
  173.00   2.596700E-01
  174.00   2.617100E-01
  175.00   2.634600E-01
  176.00   2.649000E-01
  177.00   2.660300E-01
  178.00   2.668400E-01
  179.00   2.673300E-01
