    0.00   8.528700E+00
    1.00   8.517300E+00
    2.00   8.483000E+00
    3.00   8.425900E+00
    4.00   8.345800E+00
    5.00   8.242800E+00
    6.00   8.116900E+00
    7.00   7.968400E+00
    8.00   7.797800E+00
    9.00   7.605700E+00
   10.00   7.393100E+00
   11.00   7.161200E+00
   12.00   6.911600E+00
   13.00   6.646000E+00
   14.00   6.366500E+00
   15.00   6.075200E+00
   16.00   5.774500E+00
   17.00   5.466900E+00
   18.00   5.154700E+00
   19.00   4.840500E+00
   20.00   4.526600E+00
   21.00   4.215500E+00
   22.00   3.909400E+00
   23.00   3.610400E+00
   24.00   3.320300E+00
   25.00   3.041000E+00
   26.00   2.773900E+00
   27.00   2.520300E+00
   28.00   2.281000E+00
   29.00   2.056900E+00
   30.00   1.848400E+00
   31.00   1.655600E+00
   32.00   1.478500E+00
   33.00   1.316900E+00
   34.00   1.170300E+00
   35.00   1.038300E+00
   36.00   9.202100E-01
   37.00   8.153800E-01
   38.00   7.230900E-01
   39.00   6.425800E-01
   40.00   5.730500E-01
   41.00   5.137200E-01
   42.00   4.637700E-01
   43.00   4.223700E-01
   44.00   3.886800E-01
   45.00   3.618900E-01
   46.00   3.411900E-01
   47.00   3.257900E-01
   48.00   3.149600E-01
   49.00   3.080000E-01
   50.00   3.042900E-01
   51.00   3.032500E-01
   52.00   3.043600E-01
   53.00   3.071700E-01
   54.00   3.112400E-01
   55.00   3.162300E-01
   56.00   3.217700E-01
   57.00   3.275900E-01
   58.00   3.333900E-01
   59.00   3.389500E-01
   60.00   3.440600E-01
   61.00   3.485400E-01
   62.00   3.522600E-01
   63.00   3.551300E-01
   64.00   3.570700E-01
   65.00   3.580700E-01
   66.00   3.581100E-01
   67.00   3.572200E-01
   68.00   3.554300E-01
   69.00   3.528000E-01
   70.00   3.493700E-01
   71.00   3.452000E-01
   72.00   3.403500E-01
   73.00   3.348800E-01
   74.00   3.288400E-01
   75.00   3.223100E-01
   76.00   3.153300E-01
   77.00   3.079700E-01
   78.00   3.003100E-01
   79.00   2.924000E-01
   80.00   2.843200E-01
   81.00   2.761400E-01
   82.00   2.679300E-01
   83.00   2.597400E-01
   84.00   2.516400E-01
   85.00   2.436800E-01
   86.00   2.358900E-01
   87.00   2.283300E-01
   88.00   2.210200E-01
   89.00   2.139800E-01
   90.00   2.072300E-01
   91.00   2.007900E-01
   92.00   1.946700E-01
   93.00   1.888800E-01
   94.00   1.834300E-01
   95.00   1.783100E-01
   96.00   1.735300E-01
   97.00   1.690900E-01
   98.00   1.649800E-01
   99.00   1.612100E-01
  100.00   1.577500E-01
  101.00   1.546000E-01
  102.00   1.517500E-01
  103.00   1.491900E-01
  104.00   1.469000E-01
  105.00   1.448600E-01
  106.00   1.430600E-01
  107.00   1.414800E-01
  108.00   1.401200E-01
  109.00   1.389600E-01
  110.00   1.379800E-01
  111.00   1.371900E-01
  112.00   1.365700E-01
  113.00   1.361200E-01
  114.00   1.358300E-01
  115.00   1.357000E-01
  116.00   1.357300E-01
  117.00   1.359300E-01
  118.00   1.362900E-01
  119.00   1.368100E-01
  120.00   1.375100E-01
  121.00   1.383800E-01
  122.00   1.394400E-01
  123.00   1.406800E-01
  124.00   1.421200E-01
  125.00   1.437700E-01
  126.00   1.456300E-01
  127.00   1.477300E-01
  128.00   1.500500E-01
  129.00   1.526300E-01
  130.00   1.554700E-01
  131.00   1.585800E-01
  132.00   1.619800E-01
  133.00   1.656700E-01
  134.00   1.696600E-01
  135.00   1.739700E-01
  136.00   1.786100E-01
  137.00   1.835800E-01
  138.00   1.888800E-01
  139.00   1.945200E-01
  140.00   2.005000E-01
  141.00   2.068300E-01
  142.00   2.134900E-01
  143.00   2.204900E-01
  144.00   2.278100E-01
  145.00   2.354500E-01
  146.00   2.433900E-01
  147.00   2.516300E-01
  148.00   2.601400E-01
  149.00   2.689000E-01
  150.00   2.778900E-01
  151.00   2.870900E-01
  152.00   2.964700E-01
  153.00   3.060000E-01
  154.00   3.156500E-01
  155.00   3.253800E-01
  156.00   3.351700E-01
  157.00   3.449700E-01
  158.00   3.547500E-01
  159.00   3.644800E-01
  160.00   3.741000E-01
  161.00   3.835800E-01
  162.00   3.928900E-01
  163.00   4.019800E-01
  164.00   4.108100E-01
  165.00   4.193300E-01
  166.00   4.275200E-01
  167.00   4.353300E-01
  168.00   4.427300E-01
  169.00   4.496800E-01
  170.00   4.561400E-01
  171.00   4.620900E-01
  172.00   4.675000E-01
  173.00   4.723400E-01
  174.00   4.765800E-01
  175.00   4.802100E-01
  176.00   4.832100E-01
  177.00   4.855600E-01
  178.00   4.872400E-01
  179.00   4.882600E-01
