1Inelastic  7Li(d,p)8Li(gs) 7.266 AMeV ADKDFR-Watson LEA no SO          
8.5287E+00    8.5173E+00    8.4830E+00    8.4259E+00    8.3458E+00    8.2428E+00
    8.1169E+00    7.9684E+00    7.7978E+00    7.6057E+00    7.3931E+00
    7.1612E+00    6.9116E+00    6.6460E+00    6.3665E+00    6.0752E+00
    5.7745E+00    5.4669E+00    5.1547E+00    4.8405E+00    4.5266E+00
    4.2155E+00    3.9094E+00    3.6104E+00    3.3203E+00    3.0410E+00
    2.7739E+00    2.5203E+00    2.2810E+00    2.0569E+00    1.8484E+00
    1.6556E+00    1.4785E+00    1.3169E+00    1.1703E+00    1.0383E+00
    9.2021E-01    8.1538E-01    7.2309E-01    6.4258E-01    5.7305E-01
    5.1372E-01    4.6377E-01    4.2237E-01    3.8868E-01    3.6189E-01
    3.4119E-01    3.2579E-01    3.1496E-01    3.0800E-01    3.0429E-01
    3.0325E-01    3.0436E-01    3.0717E-01    3.1124E-01    3.1623E-01
    3.2177E-01    3.2759E-01    3.3339E-01    3.3895E-01    3.4406E-01
    3.4854E-01    3.5226E-01    3.5513E-01    3.5707E-01    3.5807E-01
    3.5811E-01    3.5722E-01    3.5543E-01    3.5280E-01    3.4937E-01
    3.4520E-01    3.4035E-01    3.3488E-01    3.2884E-01    3.2231E-01
    3.1533E-01    3.0797E-01    3.0031E-01    2.9240E-01    2.8432E-01
    2.7614E-01    2.6793E-01    2.5974E-01    2.5164E-01    2.4368E-01
    2.3589E-01    2.2833E-01    2.2102E-01    2.1398E-01    2.0723E-01
    2.0079E-01    1.9467E-01    1.8888E-01    1.8343E-01    1.7831E-01
    1.7353E-01    1.6909E-01    1.6498E-01    1.6121E-01    1.5775E-01
    1.5460E-01    1.5175E-01    1.4919E-01    1.4690E-01    1.4486E-01
    1.4306E-01    1.4148E-01    1.4012E-01    1.3896E-01    1.3798E-01
    1.3719E-01    1.3657E-01    1.3612E-01    1.3583E-01    1.3570E-01
    1.3573E-01    1.3593E-01    1.3629E-01    1.3681E-01    1.3751E-01
    1.3838E-01    1.3944E-01    1.4068E-01    1.4212E-01    1.4377E-01
    1.4563E-01    1.4773E-01    1.5005E-01    1.5263E-01    1.5547E-01
    1.5858E-01    1.6198E-01    1.6567E-01    1.6966E-01    1.7397E-01
    1.7861E-01    1.8358E-01    1.8888E-01    1.9452E-01    2.0050E-01
    2.0683E-01    2.1349E-01    2.2049E-01    2.2781E-01    2.3545E-01
    2.4339E-01    2.5163E-01    2.6014E-01    2.6890E-01    2.7789E-01
    2.8709E-01    2.9647E-01    3.0600E-01    3.1565E-01    3.2538E-01
    3.3517E-01    3.4497E-01    3.5475E-01    3.6448E-01    3.7410E-01
    3.8358E-01    3.9289E-01    4.0198E-01    4.1081E-01    4.1933E-01
    4.2752E-01    4.3533E-01    4.4273E-01    4.4968E-01    4.5614E-01
    4.6209E-01    4.6750E-01    4.7234E-01    4.7658E-01    4.8021E-01
    4.8321E-01    4.8556E-01    4.8724E-01    4.8826E-01
