1Inelastic  7Li(d,p)8Li(v0) 7.266 AMeV ADKD-KD LEA no SO                
8.6218E+00    8.6000E+00    8.5351E+00    8.4288E+00    8.2837E+00    8.1034E+00
    7.8920E+00    7.6540E+00    7.3944E+00    7.1177E+00    6.8285E+00
    6.5307E+00    6.2275E+00    5.9218E+00    5.6154E+00    5.3098E+00
    5.0058E+00    4.7042E+00    4.4054E+00    4.1101E+00    3.8191E+00
    3.5337E+00    3.2558E+00    2.9873E+00    2.7305E+00    2.4878E+00
    2.2613E+00    2.0525E+00    1.8625E+00    1.6917E+00    1.5394E+00
    1.4048E+00    1.2861E+00    1.1816E+00    1.0893E+00    1.0075E+00
    9.3435E-01    8.6873E-01    8.0964E-01    7.5648E-01    7.0890E-01
    6.6674E-01    6.2989E-01    5.9825E-01    5.7156E-01    5.4942E-01
    5.3125E-01    5.1634E-01    5.0391E-01    4.9323E-01    4.8364E-01
    4.7468E-01    4.6605E-01    4.5767E-01    4.4958E-01    4.4191E-01
    4.3484E-01    4.2850E-01    4.2296E-01    4.1819E-01    4.1406E-01
    4.1033E-01    4.0670E-01    4.0285E-01    3.9846E-01    3.9326E-01
    3.8708E-01    3.7986E-01    3.7162E-01    3.6250E-01    3.5268E-01
    3.4239E-01    3.3186E-01    3.2128E-01    3.1082E-01    3.0056E-01
    2.9054E-01    2.8075E-01    2.7113E-01    2.6161E-01    2.5210E-01
    2.4252E-01    2.3282E-01    2.2298E-01    2.1301E-01    2.0294E-01
    1.9284E-01    1.8278E-01    1.7285E-01    1.6315E-01    1.5374E-01
    1.4468E-01    1.3601E-01    1.2777E-01    1.1994E-01    1.1253E-01
    1.0551E-01    9.8872E-02    9.2588E-02    8.6637E-02    8.1002E-02
    7.5673E-02    7.0643E-02    6.5909E-02    6.1472E-02    5.7334E-02
    5.3500E-02    4.9970E-02    4.6745E-02    4.3821E-02    4.1193E-02
    3.8851E-02    3.6783E-02    3.4975E-02    3.3412E-02    3.2079E-02
    3.0960E-02    3.0039E-02    2.9304E-02    2.8742E-02    2.8342E-02
    2.8096E-02    2.7995E-02    2.8034E-02    2.8206E-02    2.8506E-02
    2.8930E-02    2.9473E-02    3.0129E-02    3.0894E-02    3.1763E-02
    3.2728E-02    3.3786E-02    3.4928E-02    3.6150E-02    3.7445E-02
    3.8807E-02    4.0230E-02    4.1708E-02    4.3237E-02    4.4812E-02
    4.6427E-02    4.8080E-02    4.9765E-02    5.1480E-02    5.3220E-02
    5.4983E-02    5.6765E-02    5.8562E-02    6.0372E-02    6.2191E-02
    6.4015E-02    6.5841E-02    6.7665E-02    6.9482E-02    7.1290E-02
    7.3083E-02    7.4857E-02    7.6607E-02    7.8327E-02    8.0013E-02
    8.1660E-02    8.3263E-02    8.4816E-02    8.6313E-02    8.7751E-02
    8.9123E-02    9.0425E-02    9.1652E-02    9.2800E-02    9.3864E-02
    9.4839E-02    9.5723E-02    9.6511E-02    9.7201E-02    9.7790E-02
    9.8274E-02    9.8654E-02    9.8925E-02    9.9089E-02
