    0.00   8.621800E+00
    1.00   8.600000E+00
    2.00   8.535100E+00
    3.00   8.428800E+00
    4.00   8.283700E+00
    5.00   8.103400E+00
    6.00   7.892000E+00
    7.00   7.654000E+00
    8.00   7.394400E+00
    9.00   7.117700E+00
   10.00   6.828500E+00
   11.00   6.530700E+00
   12.00   6.227500E+00
   13.00   5.921800E+00
   14.00   5.615400E+00
   15.00   5.309800E+00
   16.00   5.005800E+00
   17.00   4.704200E+00
   18.00   4.405400E+00
   19.00   4.110100E+00
   20.00   3.819100E+00
   21.00   3.533700E+00
   22.00   3.255800E+00
   23.00   2.987300E+00
   24.00   2.730500E+00
   25.00   2.487800E+00
   26.00   2.261300E+00
   27.00   2.052500E+00
   28.00   1.862500E+00
   29.00   1.691700E+00
   30.00   1.539400E+00
   31.00   1.404800E+00
   32.00   1.286100E+00
   33.00   1.181600E+00
   34.00   1.089300E+00
   35.00   1.007500E+00
   36.00   9.343500E-01
   37.00   8.687300E-01
   38.00   8.096400E-01
   39.00   7.564800E-01
   40.00   7.089000E-01
   41.00   6.667400E-01
   42.00   6.298900E-01
   43.00   5.982500E-01
   44.00   5.715600E-01
   45.00   5.494200E-01
   46.00   5.312500E-01
   47.00   5.163400E-01
   48.00   5.039100E-01
   49.00   4.932300E-01
   50.00   4.836400E-01
   51.00   4.746800E-01
   52.00   4.660500E-01
   53.00   4.576700E-01
   54.00   4.495800E-01
   55.00   4.419100E-01
   56.00   4.348400E-01
   57.00   4.285000E-01
   58.00   4.229600E-01
   59.00   4.181900E-01
   60.00   4.140600E-01
   61.00   4.103300E-01
   62.00   4.067000E-01
   63.00   4.028500E-01
   64.00   3.984600E-01
   65.00   3.932600E-01
   66.00   3.870800E-01
   67.00   3.798600E-01
   68.00   3.716200E-01
   69.00   3.625000E-01
   70.00   3.526800E-01
   71.00   3.423900E-01
   72.00   3.318600E-01
   73.00   3.212800E-01
   74.00   3.108200E-01
   75.00   3.005600E-01
   76.00   2.905400E-01
   77.00   2.807500E-01
   78.00   2.711300E-01
   79.00   2.616100E-01
   80.00   2.521000E-01
   81.00   2.425200E-01
   82.00   2.328200E-01
   83.00   2.229800E-01
   84.00   2.130100E-01
   85.00   2.029400E-01
   86.00   1.928400E-01
   87.00   1.827800E-01
   88.00   1.728500E-01
   89.00   1.631500E-01
   90.00   1.537400E-01
   91.00   1.446800E-01
   92.00   1.360100E-01
   93.00   1.277700E-01
   94.00   1.199400E-01
   95.00   1.125300E-01
   96.00   1.055100E-01
   97.00   9.887200E-02
   98.00   9.258800E-02
   99.00   8.663700E-02
  100.00   8.100200E-02
  101.00   7.567300E-02
  102.00   7.064300E-02
  103.00   6.590900E-02
  104.00   6.147200E-02
  105.00   5.733400E-02
  106.00   5.350000E-02
  107.00   4.997000E-02
  108.00   4.674500E-02
  109.00   4.382100E-02
  110.00   4.119300E-02
  111.00   3.885100E-02
  112.00   3.678300E-02
  113.00   3.497500E-02
  114.00   3.341200E-02
  115.00   3.207900E-02
  116.00   3.096000E-02
  117.00   3.003900E-02
  118.00   2.930400E-02
  119.00   2.874200E-02
  120.00   2.834200E-02
  121.00   2.809600E-02
  122.00   2.799500E-02
  123.00   2.803400E-02
  124.00   2.820600E-02
  125.00   2.850600E-02
  126.00   2.893000E-02
  127.00   2.947300E-02
  128.00   3.012900E-02
  129.00   3.089400E-02
  130.00   3.176300E-02
  131.00   3.272800E-02
  132.00   3.378600E-02
  133.00   3.492800E-02
  134.00   3.615000E-02
  135.00   3.744500E-02
  136.00   3.880700E-02
  137.00   4.023000E-02
  138.00   4.170800E-02
  139.00   4.323700E-02
  140.00   4.481200E-02
  141.00   4.642700E-02
  142.00   4.808000E-02
  143.00   4.976500E-02
  144.00   5.148000E-02
  145.00   5.322000E-02
  146.00   5.498300E-02
  147.00   5.676500E-02
  148.00   5.856200E-02
  149.00   6.037200E-02
  150.00   6.219100E-02
  151.00   6.401500E-02
  152.00   6.584100E-02
  153.00   6.766500E-02
  154.00   6.948200E-02
  155.00   7.129000E-02
  156.00   7.308300E-02
  157.00   7.485700E-02
  158.00   7.660700E-02
  159.00   7.832700E-02
  160.00   8.001300E-02
  161.00   8.166000E-02
  162.00   8.326300E-02
  163.00   8.481600E-02
  164.00   8.631300E-02
  165.00   8.775100E-02
  166.00   8.912300E-02
  167.00   9.042500E-02
  168.00   9.165200E-02
  169.00   9.280000E-02
  170.00   9.386400E-02
  171.00   9.483900E-02
  172.00   9.572300E-02
  173.00   9.651100E-02
  174.00   9.720100E-02
  175.00   9.779000E-02
  176.00   9.827400E-02
  177.00   9.865400E-02
  178.00   9.892500E-02
  179.00   9.908900E-02
