66 51
66 7271
66 11587
66 11924
79 2995
79 11446
79 12437
79 16833
79 19411
79 21187
79 22238
71 120437
71 124865
71 126802
71 130618
71 138012
73 3081
73 4670
73 5176
73 12706
73 17953
73 18531
73 20378
73 20640
73 20762
73 21378
73 22670
72 145950
72 146217
72 156177
72 162348
71 66966
71 67131
71 69271
71 70358
71 74959
71 76899
71 77531
71 78714
71 78855
71 88402
66 18017
66 18470
66 22888
66 23051
66 23692
66 24241
71 92326
71 94092
71 97174
71 98062
71 98151
71 100754
71 101722
71 102477
71 104723
71 106902
71 110893
71 115816
75 456
75 4512
75 7568
75 7912
75 14638
75 18402
75 20851
75 20877
69 7499
69 12821
69 14923
69 15539
69 15736
69 17827
69 18795
69 20182
69 23344
69 25510
79 25662
79 35717
79 37810
72 3909
72 10058
72 10877
72 16596
72 17253
72 23139
72 27235
72 31355
72 32866
72 35581
72 38478
66 28604
66 31300
66 34055
66 35222
66 35980
66 36234
66 36974
71 1411
71 9985
71 12332
71 29411
71 32150
71 35553
70 845
70 2285
70 3518
70 6446
70 7503
70 11371
70 17792
70 19107
70 21414
70 24729
70 25040
70 25881
70 28115
70 35209
70 35243
79 41653
79 42144
79 45652
79 46877
79 48307
79 49066
79 49157
79 50290
71 171412
71 181863
71 182325
71 183267
71 184906
71 187540
71 193995
71 194573
71 196137
71 144815
71 147196
71 148070
71 149517
71 152360
71 153710
71 154100
71 154182
71 157233
71 161026
71 162575
71 165280
71 167840
71 169068
71 170109
72 171563
72 175805
73 27213
73 27362
73 33085
73 34051
73 44909
73 45224
69 29715
69 29904
69 31641
69 39841
69 44385
69 45640
69 49416
75 29705
75 36447
75 36675
75 39388
75 43516
75 50821
75 52020
72 200759
72 202841
72 205941
72 214226
72 215176
79 55124
79 56846
79 57459
79 58171
79 59177
67 68
67 4697
67 4783
67 6281
67 6638
67 11709
67 12169
67 12806
67 13110
67 14006
67 16031
67 18344
67 23281
67 24604
73 52446
73 55527
73 58574
73 61394
71 49411
71 49602
71 49736
71 50248
71 52063
71 56524
71 57391
71 57547
71 58810
71 59870
71 60020
71 61543
71 63018
71 63955
71 197125
71 201896
71 203572
71 209682
75 52415
75 55426
75 55532
75 57227
75 65044
72 227716
72 230595
72 234884
79 63745
79 67844
79 70833
79 71462
79 75623
79 76060
72 42733
72 45113
72 47704
72 48034
72 48886
72 64326
72 66322
72 74073
72 75022
69 60927
69 63470
69 66111
69 67267
69 67801
69 70105
69 70138
70 132787
70 135051
70 135958
70 138783
70 139951
70 141422
70 141457
70 142476
70 143265
70 144682
70 147223
70 147825
70 149756
73 67466
73 72417
70 80583
70 84207
70 84489
70 86685
70 88963
70 90633
70 91379
70 91564
70 93182
70 93337
70 93402
67 77147
67 79230
67 80498
67 81587
67 84426
67 86631
67 88922
75 68492
75 70223
75 71874
70 39197
70 39752
70 41159
70 42199
70 45381
70 49425
70 50444
70 52457
70 52593
70 53462
70 53979
70 54428
70 54761
70 55771
70 64543
70 66193
70 69092
70 71218
70 73050
70 73524
67 50871
67 53781
67 53984
67 54387
67 56377
67 57605
67 58152
67 60580
67 60682
67 61719
67 62453
67 62952
79 76423
79 78238
79 78561
79 79689
79 81797
79 86303
79 86908
79 88133
67 97947
67 98585
67 99137
67 25489
67 27220
67 27347
67 29072
67 29346
67 36517
67 39065
67 42873
67 45145
67 47062
67 47551
67 49718
73 78836
73 86349
73 87409
73 89421
73 90039
70 184215
70 185395
70 187721
70 187861
70 189178
70 189552
70 190712
70 194390
70 197663
70 199407
70 202037
70 202158
70 203733
75 79082
75 79702
75 81971
75 82733
75 83909
75 85793
75 87753
75 89634
75 91540
67 64091
67 67555
67 71683
67 73993
67 74411
79 89579
79 89890
79 92410
79 92929
79 93607
79 93753
79 98082
79 99144
69 79644
69 85062
69 90792
69 95613
69 95687
69 97100
69 99335
69 101515
70 156212
70 157179
70 165860
70 167195
70 171524
70 178845
70 210407
70 211829
70 214085
70 216657
70 217212
70 220499
70 220947
70 221558
70 222600
70 225263
73 91167
73 91995
73 93108
73 95572
73 98315
73 102494
73 102510
73 102567
70 104215
70 104545
70 105244
70 107682
70 109540
70 110545
70 110712
70 118202
70 118453
70 118778
70 120823
70 126745
70 127231
75 96112
75 96654
75 96800
75 100638
75 101470
79 102777
79 109741
79 111337
81 356
81 2978
81 6695
81 7234
81 7925
72 79501
72 79544
72 86170
72 96888
72 97093
72 100608
72 106482
72 107565
72 109663
72 110350
72 113925
80 8843
80 15872
73 109520
73 114144
73 114718
72 121097
72 131090
72 134559
72 135443
72 139433
72 139817
74 6037
74 9333
74 15664
74 21282
75 107126
75 117467
75 117626
77 3275
77 15747
77 16815
77 20895
77 21723
77 22048
77 22306
77 25071
77 25229
75 118552
75 119203
75 119693
75 120892
81 14422
81 16780
81 18493
81 20990
81 22670
81 22690
81 25139
74 70806
74 71843
74 74046
74 77309
74 77958
73 118422
73 118844
73 120714
73 120890
73 121200
73 123397
73 123724
69 109463
69 110620
69 110647
69 114078
69 116294
69 117718
69 119141
69 123344
69 124412
69 126971
69 126978
69 127494
69 155758
69 155990
69 159373
69 159587
69 163029
69 164766
69 165978
69 167775
69 168323
69 168663
69 170794
69 171581
69 172722
69 175618
69 176257
69 177149
69 177287
74 28600
74 28812
74 34020
74 37382
74 38634
76 4248
76 4780
76 5600
76 6508
76 10210
76 14384
76 20614
76 21457
77 26405
77 29236
77 30534
77 30739
80 17031
80 18246
80 21577
80 24979
80 25819
80 26623
80 30051
80 31284
78 78667
78 87740
78 88236
78 88981
78 89162
81 26956
81 28247
81 31531
81 34868
81 38151
74 78796
74 85145
74 85649
74 87447
76 78516
76 79535
76 79628
76 80388
76 80541
76 82796
76 83639
76 87228
76 88739
74 92237
74 93835
74 95040
74 95425
74 99317
74 100462
74 102232
74 103278
78 1171
78 1894
78 6387
78 8522
78 19447
78 20704
78 25211
74 39370
74 44548
74 45939
77 39381
77 40613
77 46854
77 47078
77 51089
78 89929
78 89999
78 91627
78 91818
78 92115
78 95980
78 96606
78 96646
78 100064
78 100888
76 95506
76 97293
76 97814
76 99963
81 39770
81 40316
81 41988
81 45455
81 49298
74 105693
74 105732
74 105796
74 110999
80 35772
80 36092
80 36372
80 36879
80 37259
80 38557
80 38805
80 43403
80 44428
80 45219
80 47672
82 840
82 3256
82 7438
82 7456
82 9571
82 11528
69 129189
69 132573
69 133312
69 134216
69 134603
69 145626
69 180453
69 182058
69 182464
69 185002
69 187032
69 188175
69 188668
69 193225
69 195371
69 199292
69 199496
69 200562
74 53939
74 55413
74 57084
74 61245
74 62001
74 63203
74 64608
76 25863
76 26613
76 30832
76 32516
76 34904
76 36866
76 36968
76 39077
76 42188
76 47079
76 50765
76 51523
77 52576
77 54302
77 56780
77 59396
77 60836
77 61522
77 62548
78 102852
78 103175
78 106475
78 107422
78 109230
78 109507
78 110134
78 113077
76 105324
76 108127
76 113161
76 113241
76 115259
76 115270
81 54011
81 57834
81 58335
81 60795
76 52511
76 54090
76 54716
76 54811
76 57753
82 17378
82 19249
82 23036
82 23530
78 26451
78 29648
78 30271
78 31455
78 34849
78 40680
78 41351
78 41382
78 42526
78 42574
78 44302
78 44775
78 48356
78 48626
78 49296
80 51093
80 53221
80 54059
80 54763
80 57664
80 58768
80 59844
80 62779
80 64915
80 65389
80 65766
80 67382
78 52444
78 55418
78 57526
78 63390
76 65961
76 66355
76 67043
76 70312
82 25982
82 26105
82 35201
77 65034
77 67115
77 72192
77 72694
77 74445
77 74911
77 76065
78 118352
78 119264
78 119598
78 120742
76 121862
76 127696
78 67290
78 69078
78 70343
78 70646
78 70889
78 71688
81 67681
81 76634
82 38692
82 39630
82 40261
82 40636
82 42389
82 44184
82 49426
82 49684
82 51989
82 52480
82 52506
82 54557
82 54782
82 56789
82 57611
82 57788
82 59127
82 60377
77 106624
77 109449
80 101905
80 104781
80 107591
80 109238
80 112126
77 78425
77 82417
77 94377
77 97141
77 103783
80 85822
80 86445
80 88334
80 100594
80 68795
80 69157
80 70215
80 70673
80 73062
80 76373
80 76613
80 78087
80 79098
80 80338
80 80381
80 83756
