66 14
66 345
66 926
66 967
66 1094
66 1612
66 1870
66 2227
66 2412
66 2497
66 2634
66 3002
66 3024
66 3107
66 3116
66 3239
66 3300
66 3323
66 3481
66 3511
66 3569
66 4280
66 4539
66 4712
66 5058
66 5119
66 5128
66 5208
66 5297
66 5352
66 5504
66 6264
66 6420
66 6776
66 6800
66 6811
66 6942
66 6961
66 7010
66 7082
66 7388
66 7744
66 8005
66 8026
66 8253
66 8425
66 8674
66 8925
66 9173
66 9346
66 9472
66 9537
66 9581
66 10054
66 10425
66 10545
66 10760
66 10875
66 11044
66 11104
66 11613
66 11639
66 11720
66 12276
66 12453
66 12674
66 12783
66 12821
66 12892
79 154
79 614
79 658
79 1382
79 1403
79 1591
79 1709
79 1992
79 2508
79 2581
79 3625
79 3811
79 4015
79 4076
79 4261
79 4266
79 4286
79 4363
79 4554
79 5030
79 5260
79 5261
79 5424
79 5533
79 5717
79 5847
79 6090
79 6338
79 6437
79 6443
79 6531
79 6864
79 6896
79 6972
79 6994
79 7146
79 7525
79 8012
79 8059
79 8156
79 8203
79 8568
79 8641
79 10317
79 10504
79 10603
79 10814
79 11347
79 11460
79 11664
79 11694
79 12404
79 12495
79 12628
79 12789
79 12930
79 12952
79 13239
79 13401
79 14064
79 14429
79 14592
79 14799
79 14867
79 14885
79 15364
79 16311
79 16325
79 16460
79 16718
79 16974
79 17046
79 17118
79 17129
79 17290
79 17474
79 17690
79 17880
79 18156
79 18579
79 18618
79 18692
79 18918
79 19132
79 19403
79 19658
79 20506
79 20573
79 20960
79 20979
79 21162
79 21320
79 22079
79 22726
79 23150
79 23154
79 23548
79 24081
79 24115
79 24675
79 24689
79 24828
79 24937
79 24943
79 24974
79 25100
79 25194
79 25281
79 25321
71 118350
71 118586
71 118678
71 118716
71 119067
71 119402
71 119655
71 120197
71 120244
71 120404
71 120423
71 120726
71 120895
71 120953
71 120971
71 121068
71 121164
71 121720
71 121726
71 122030
71 122044
71 122094
71 122197
71 122276
71 122631
71 122785
71 122926
71 123077
71 123211
71 123405
71 123587
71 123640
71 124135
71 124552
71 124602
71 124699
71 124751
71 124985
71 125021
71 125046
71 125157
71 126154
71 126459
71 126506
71 126653
71 126657
71 127074
71 127216
71 127295
71 127376
71 127395
71 127553
71 127890
71 127910
71 128231
71 128298
71 128488
71 128661
71 128718
71 128965
71 129330
71 129529
71 129538
71 129701
71 129853
71 129904
71 130438
71 130847
71 130849
71 131099
71 131514
71 132052
71 132607
71 132701
71 132783
71 132846
71 133205
71 133206
71 133391
71 133449
71 133509
71 133911
71 133922
71 133952
71 134157
71 134217
71 134476
71 134499
71 134843
71 134846
71 135001
71 135015
71 135228
71 135957
71 136416
71 136475
71 136497
71 136606
71 137637
71 138283
71 138301
71 138428
71 138439
71 138494
71 138567
71 138832
71 138878
71 139037
71 139042
71 139181
71 139278
71 139368
71 139384
71 139450
71 140329
71 140387
71 140706
71 140834
71 141281
71 141382
71 141802
71 142823
71 142896
71 143438
71 143467
71 143524
71 144083
73 94
73 393
73 436
73 611
73 995
73 1265
73 1281
73 1290
73 1551
73 1771
73 1906
73 2200
73 2212
73 3480
73 3541
73 3865
73 4744
73 4860
73 5060
73 5070
73 5093
73 5125
73 5355
73 5604
73 5722
73 6184
73 6453
73 6681
73 6843
73 6906
73 6933
73 7803
73 8126
73 8221
73 8502
73 9080
73 9085
73 9374
73 9484
73 9649
73 9689
73 10119
73 10161
73 10370
73 10388
73 10770
73 10962
73 11026
73 11033
73 11248
73 12336
73 12398
73 12522
73 12999
73 13023
73 13128
73 13309
73 13804
73 14182
73 14650
73 14679
73 14829
73 15452
73 15610
73 15976
73 16049
73 16258
73 16615
73 17049
73 17519
73 17780
73 17921
73 18074
73 18180
73 18712
73 19060
73 19275
73 19534
73 19837
73 20341
73 20506
73 20589
73 21260
73 21270
73 21284
73 21738
73 21778
73 21810
73 21842
73 22015
73 22180
73 22320
73 22393
73 23066
73 23118
73 23282
73 23412
73 23478
73 23580
73 23662
73 24155
73 24350
73 24623
73 24667
73 24992
73 25024
73 25280
73 25602
73 25782
72 143342
72 143838
72 143879
72 143978
72 143989
72 144493
72 144633
72 144734
72 144810
72 144975
72 145016
72 145233
72 145323
72 145646
72 145700
72 145751
72 145818
72 146083
72 146086
72 146214
72 146510
72 146623
72 146659
72 146765
72 146845
72 146985
72 147233
72 147364
72 147441
72 147603
72 148344
72 148560
72 148784
72 149196
72 149840
72 150195
72 150225
72 150443
72 150557
72 150567
72 150836
72 151196
72 151335
72 151549
72 151672
72 151708
72 151734
72 152219
72 152289
72 152396
72 153400
72 153465
72 154204
72 154209
72 154371
72 154891
72 155125
72 155256
72 155427
72 155678
72 155870
72 155910
72 156332
72 156347
72 156503
72 156506
72 156629
72 156682
72 156752
72 156800
72 156815
72 156901
72 156942
72 157038
72 157113
72 157619
72 157978
72 158086
72 158102
72 158247
72 158602
72 158680
72 158842
72 159242
72 159411
72 159794
72 160264
72 160684
72 161566
72 161600
72 162198
72 162357
72 162483
72 162522
72 162581
72 162717
72 162861
72 163369
72 163444
72 163625
72 164205
72 164482
72 164562
72 164988
72 164992
72 165282
72 166004
72 166079
72 166986
72 168038
72 168194
72 168315
72 168434
72 168556
72 168969
71 66783
71 67053
71 67117
71 67377
71 67383
71 67491
71 67609
71 67675
71 67920
71 67921
71 68092
71 68130
71 68688
71 68935
71 69273
71 69428
71 69472
71 69668
71 70045
71 70392
71 70404
71 70540
71 70546
71 70552
71 70662
71 70731
71 71033
71 71375
71 71551
71 71611
71 71709
71 71750
71 72132
71 72314
71 72441
71 72506
71 72861
71 72932
71 72951
71 73281
71 73351
71 73530
71 73826
71 73888
71 74213
71 74228
71 74605
71 74982
71 75047
71 75405
71 76198
71 76248
71 76807
71 76907
71 76936
71 77075
71 77162
71 77521
71 78006
71 78060
71 78127
71 78279
71 78470
71 78666
71 78690
71 78718
71 78850
71 78896
71 79081
71 79177
71 79327
71 79354
71 79983
71 80203
71 80288
71 80335
71 80396
71 80440
71 80464
71 80795
71 81775
71 82052
71 82105
71 82273
71 82326
71 82724
71 82933
71 82957
71 83358
71 83359
71 83372
71 83713
71 83816
71 83901
71 83937
71 84050
71 84055
71 84419
71 85185
71 85563
71 85568
71 85590
71 85718
71 85819
71 86021
71 86058
71 86093
71 86521
71 86604
71 86678
71 86712
71 86893
71 87005
71 87390
71 87739
71 87848
71 88041
71 88457
71 88580
71 88812
71 89313
71 89488
71 89546
71 90802
71 91421
71 91539
66 13241
66 13322
66 13675
66 13790
66 13848
66 13931
66 13934
66 13960
66 14471
66 14511
66 14817
66 15173
66 15693
66 15868
66 16148
66 16175
66 16220
66 16612
66 16884
66 17063
66 17088
66 17414
66 17434
66 17534
66 17557
66 17620
66 17789
66 17829
66 17958
66 18282
66 18731
66 18760
66 18805
66 19549
66 19704
66 19876
66 19924
66 20245
66 20308
66 20429
66 20479
66 20690
66 20711
66 20961
66 20970
66 21411
66 21570
66 22075
66 22195
66 22228
66 22970
66 23044
66 23055
66 23486
66 23834
66 23954
66 24374
66 24927
66 25361
66 25424
66 25527
66 25699
66 25711
66 25732
66 26176
66 26221
71 92047
71 92137
71 92219
71 92295
71 92418
71 92487
71 92939
71 93048
71 93420
71 93865
71 93892
71 94737
71 95065
71 95273
71 95325
71 95360
71 95449
71 95646
71 96078
71 96411
71 96446
71 96452
71 96519
71 96671
71 96853
71 97295
71 97346
71 97381
71 97739
71 98002
71 98030
71 98202
71 98661
71 98810
71 98832
71 99060
71 99224
71 99416
71 99555
71 99898
71 99997
71 100132
71 100419
71 100634
71 100641
71 100861
71 101219
71 101440
71 101607
71 101620
71 102134
71 102221
71 102335
71 102414
71 102551
71 102579
71 102883
71 103133
71 103191
71 103275
71 103417
71 103454
71 103508
71 103872
71 104040
71 105140
71 105151
71 105210
71 105394
71 105518
71 105713
71 106511
71 106570
71 107488
71 107608
71 108330
71 108540
71 108633
71 108682
71 108771
71 108880
71 108932
71 109405
71 109594
71 109855
71 109979
71 110022
71 110075
71 110178
71 110588
71 110648
71 110812
71 111059
71 111070
71 111236
71 111881
71 112348
71 112638
71 112749
71 112800
71 113460
71 113970
71 113973
71 114043
71 114055
71 114277
71 114534
71 115329
71 115339
71 115868
71 116114
71 116299
71 116334
71 116416
71 116506
71 116516
71 116848
71 117236
71 117588
71 117703
71 117798
75 235
75 293
75 424
75 462
75 718
75 898
75 963
75 1060
75 1634
75 2051
75 2080
75 3038
75 3087
75 3301
75 3532
75 3776
75 3883
75 4228
75 4296
75 4300
75 4402
75 4464
75 5331
75 5340
75 5351
75 5851
75 5982
75 6131
75 6371
75 6410
75 6531
75 7107
75 7128
75 7205
75 7532
75 7775
75 7813
75 8146
75 8404
75 8560
75 8630
75 8834
75 8864
75 8924
75 9120
75 9146
75 9236
75 9292
75 9301
75 9521
75 9687
75 10066
75 10573
75 10702
75 10802
75 10825
75 10999
75 11185
75 11304
75 11906
75 12013
75 12028
75 12117
75 12149
75 12442
75 12733
75 12997
75 13301
75 13602
75 13799
75 13892
75 13938
75 14064
75 14098
75 14165
75 14280
75 14512
75 14649
75 14725
75 14760
75 15177
75 15297
75 15517
75 15639
75 15664
75 16133
75 16158
75 16408
75 16464
75 16486
75 16585
75 16862
75 16947
75 17055
75 17234
75 17798
75 17853
75 17911
75 18055
75 18389
75 18435
75 18467
75 18518
75 18524
75 18856
75 19245
75 19274
75 19432
75 19616
75 19752
75 20127
75 20190
75 20399
75 20450
75 20885
75 21022
75 21354
75 21574
75 21662
75 21690
75 21733
75 22117
75 22165
75 22768
75 22881
75 23587
75 23802
75 23816
75 24124
75 24281
75 24308
75 24424
75 24467
75 24977
75 25295
75 25871
75 26010
69 234
69 361
69 586
69 694
69 901
69 1161
69 1560
69 1567
69 1626
69 1629
69 2242
69 2255
69 2331
69 2499
69 2723
69 2941
69 3004
69 3677
69 4310
69 4649
69 4736
69 4808
69 5255
69 5282
69 6012
69 6374
69 6432
69 6564
69 6781
69 6991
69 7328
69 7340
69 7756
69 7902
69 8055
69 8153
69 8427
69 8713
69 9050
69 9541
69 9549
69 9574
69 9623
69 9625
69 9692
69 9902
69 9995
69 10051
69 10243
69 10285
69 10785
69 11121
69 11358
69 11561
69 11711
69 11811
69 11855
69 12420
69 12432
69 12458
69 12558
69 12975
69 13044
69 13123
69 13233
69 13355
69 13447
69 13525
69 13630
69 14601
69 14868
69 15182
69 15218
69 15289
69 15402
69 15462
69 15563
69 15606
69 16000
69 16663
69 16825
69 16932
69 17384
69 17520
69 17659
69 17716
69 18084
69 18095
69 18320
69 18882
69 18913
69 19010
69 19197
69 19279
69 19291
69 19344
69 19903
69 20038
69 20452
69 20469
69 20505
69 20523
69 20802
69 20961
69 21200
69 21493
69 21684
69 22389
69 22464
69 22557
69 22583
69 22830
69 22908
69 22970
69 23078
69 23647
69 23702
69 23926
69 24064
69 24107
69 24113
69 24128
69 24412
69 24661
69 24718
69 25092
79 26027
79 27515
79 27527
79 27613
79 27880
79 27996
79 28576
79 28652
79 28920
79 29273
79 29300
79 29455
79 29490
79 29492
79 30711
79 30778
79 30811
79 31086
79 32003
79 32129
79 32140
79 32144
79 32622
79 32893
79 33283
79 33417
79 33464
79 33979
79 34519
79 34653
79 34894
79 34897
79 35090
79 35460
79 36034
79 36051
79 36087
79 36348
79 36489
79 36770
79 36786
79 36876
79 37084
79 37258
79 37668
79 37957
72 174
72 388
72 1862
72 1917
72 2171
72 2363
72 2626
72 2986
72 3202
72 3534
72 3615
72 3628
72 4021
72 4025
72 4443
72 4680
72 5686
72 5859
72 6345
72 6395
72 6954
72 7063
72 7144
72 7272
72 7366
72 7906
72 8162
72 8412
72 9079
72 9404
72 9643
72 10204
72 10288
72 10445
72 10597
72 10879
72 11092
72 11207
72 11569
72 11609
72 12249
72 12474
72 12825
72 12913
72 13043
72 13385
72 13787
72 14069
72 14133
72 14210
72 14582
72 14873
72 15344
72 15390
72 15610
72 15699
72 15701
72 15808
72 15815
72 16641
72 17021
72 17072
72 17289
72 17768
72 17851
72 18157
72 18262
72 18296
72 18507
72 18728
72 19132
72 19355
72 19835
72 19942
72 20155
72 20405
72 20451
72 20543
72 20599
72 20902
72 21135
72 21346
72 21530
72 21698
72 21703
72 21897
72 22105
72 22150
72 22311
72 22427
72 22477
72 23039
72 23268
72 23557
72 23589
72 23591
72 23680
72 24252
72 24700
72 24830
72 25184
72 25251
72 25434
72 25460
72 25554
72 25820
72 26645
72 27228
72 27263
72 27357
72 27531
72 27995
72 28199
72 28388
72 28502
72 28553
72 28622
72 28869
72 28884
72 29243
72 29323
72 29346
72 29458
72 29501
72 29548
72 29585
72 29674
72 29735
72 30201
72 30902
72 31661
72 31674
72 32070
72 32394
72 32981
72 32985
72 33136
72 33495
72 33608
72 33868
72 34095
72 34389
72 34570
72 34795
72 34875
72 35030
72 35304
72 35627
72 35806
72 35912
72 36011
72 37237
72 37333
72 37643
72 37676
72 37737
72 37868
72 37960
72 38051
72 38092
72 38426
72 38523
72 38563
72 38711
66 26416
66 26591
66 26611
66 26774
66 26812
66 27316
66 27326
66 27373
66 27496
66 27544
66 27595
66 27615
66 27821
66 27946
66 27971
66 28104
66 28313
66 28317
66 28393
66 28550
66 28834
66 28965
66 29204
66 29420
66 29614
66 30093
66 30119
66 30602
66 30713
66 31128
66 31240
66 31482
66 31905
66 32006
66 32115
66 32265
66 32412
66 32641
66 32652
66 32654
66 32924
66 33100
66 33278
66 33545
66 33707
66 33755
66 33805
66 33952
66 34374
66 34399
66 34491
66 34702
66 34888
66 35089
66 35506
66 36024
66 36212
66 36290
66 36606
66 36822
66 36833
66 36939
66 37020
66 37047
66 37236
71 239
71 1467
71 1511
71 1670
71 1990
71 2236
71 2266
71 2433
71 2444
71 2530
71 2607
71 2629
71 2830
71 3021
71 3984
71 3988
71 4023
71 4263
71 4415
71 4500
71 4501
71 4766
71 4978
71 5046
71 5304
71 5335
71 5708
71 5923
71 6431
71 6454
71 6736
71 7207
71 7255
71 7472
71 7706
71 8103
71 8275
71 8457
71 8583
71 8615
71 8788
71 8848
71 9062
71 9087
71 9261
71 10124
71 10318
71 10612
71 11140
71 11203
71 11368
71 11408
71 11596
71 11597
71 11613
71 11689
71 11745
71 12025
71 12466
71 12516
71 12532
71 12769
71 12855
71 13076
71 13149
71 13252
71 13373
71 13431
71 13619
71 13991
71 14004
71 14042
71 14048
71 14315
71 14553
71 14567
71 14759
71 14767
71 14790
71 15039
71 15154
71 15201
71 15512
71 15575
71 15733
71 15833
71 15865
71 16108
71 16148
71 16506
71 16670
71 16861
71 16912
71 16983
71 17033
71 17109
71 17273
71 17279
71 17588
71 17867
71 17914
71 17921
71 18375
71 18484
71 18486
71 18577
71 18762
71 18808
71 19021
71 19216
71 19266
71 19277
71 19649
71 19701
71 20004
71 20148
71 20193
71 20629
71 20671
71 20834
71 20931
71 20939
71 21115
71 21261
71 21280
71 21503
71 21615
71 22089
71 23143
71 23336
71 23353
71 23365
71 23541
71 23631
71 23734
71 23953
71 24015
71 24557
71 24604
71 24639
71 24713
71 24722
71 25050
71 25191
71 25473
71 25514
71 25609
71 25772
71 25805
71 25981
71 26092
71 26188
71 26253
71 26527
71 26784
71 26789
71 27088
71 27187
71 27254
71 27530
71 27617
71 27816
71 27879
71 27943
71 28196
71 28347
71 28837
71 28933
71 29221
71 29518
71 29570
71 29849
71 30038
71 30110
71 30496
71 30786
71 31000
71 31161
71 32042
71 32339
71 32386
71 32405
71 32520
71 32626
71 32779
71 33102
71 33262
71 33517
71 33691
71 33707
71 33725
71 33826
71 34034
71 34049
71 34128
71 34159
71 34236
71 34392
71 34622
71 34697
71 34769
71 35360
71 35446
71 35677
71 35797
71 35822
71 36075
71 36431
71 36699
71 37065
71 37201
71 37320
71 37335
71 37399
71 37440
71 37448
71 37469
71 37513
71 37531
71 37619
71 37874
71 38024
71 38060
71 39026
71 39228
71 39257
71 39267
70 207
70 309
70 410
70 760
70 982
70 1591
70 1769
70 1797
70 1895
70 2032
70 2036
70 2107
70 2513
70 2527
70 2892
70 2932
70 3015
70 3268
70 3457
70 3686
70 3752
70 3812
70 3988
70 3998
70 4143
70 4182
70 4239
70 4389
70 4485
70 4708
70 4764
70 5264
70 5279
70 5340
70 5419
70 6094
70 6170
70 6244
70 6341
70 6592
70 6625
70 6741
70 6808
70 6838
70 7002
70 7222
70 7230
70 7244
70 7259
70 7548
70 7712
70 7870
70 7978
70 8067
70 8091
70 8303
70 8361
70 8394
70 8567
70 8653
70 8779
70 9230
70 9248
70 9283
70 9560
70 9588
70 9638
70 10154
70 10264
70 10890
70 11153
70 11396
70 11700
70 11924
70 12074
70 12118
70 12465
70 13079
70 13082
70 13111
70 13233
70 13501
70 13514
70 13613
70 13813
70 14251
70 14328
70 14455
70 14623
70 14685
70 14725
70 15038
70 15040
70 15380
70 15727
70 15866
70 15962
70 15963
70 16012
70 16515
70 16592
70 16683
70 16728
70 16746
70 16822
70 16856
70 16928
70 17331
70 17442
70 17467
70 18062
70 18218
70 18847
70 19141
70 19203
70 19477
70 19503
70 19543
70 19649
70 19741
70 19767
70 19893
70 20437
70 20833
70 21053
70 21637
70 21667
70 21837
70 21908
70 21930
70 21998
70 22031
70 22051
70 22183
70 22334
70 22842
70 22913
70 23015
70 23130
70 23258
70 23926
70 24325
70 24632
70 24670
70 24671
70 24942
70 25117
70 25143
70 25196
70 25247
70 25254
70 25270
70 25381
70 25817
70 25879
70 25992
70 26416
70 27021
70 27052
70 27210
70 27427
70 27433
70 27556
70 28539
70 28804
70 28964
70 29038
70 29083
70 29120
70 29192
70 29572
70 29596
70 29599
70 29833
70 29877
70 29889
70 30007
70 30219
70 30235
70 30248
70 30441
70 30499
70 30556
70 30726
70 31000
70 31235
70 31247
70 31662
70 32007
70 32135
70 32300
70 32313
70 32453
70 32463
70 32509
70 32548
70 32668
70 32700
70 32792
70 33206
70 33304
70 33450
70 33467
70 33730
70 33772
70 34051
70 34320
70 34843
70 34923
70 34947
70 35385
70 35560
70 35573
70 35680
70 35705
70 35770
70 36405
70 36507
70 36607
70 36971
70 37223
70 37465
70 37629
70 37958
70 38250
70 38291
70 38357
79 38228
79 38588
79 38769
79 39070
79 39314
79 39323
79 39634
79 39782
79 40317
79 40360
79 40513
79 40657
79 40898
79 41103
79 41128
79 41263
79 41300
79 41310
79 41561
79 41873
79 41904
79 42028
79 42429
79 42635
79 42956
79 43037
79 43379
79 43602
79 43611
79 43911
79 43967
79 43989
79 44135
79 44277
79 44601
79 44634
79 44882
79 44946
79 45821
79 46085
79 46091
79 46258
79 46352
79 46645
79 46722
79 47108
79 47132
79 47139
79 47371
79 47492
79 47916
79 48334
79 49457
79 49854
79 50142
79 50192
79 50314
79 50329
79 50338
79 50760
71 170765
71 170813
71 170847
71 171157
71 171163
71 171349
71 172043
71 172114
71 172207
71 172789
71 172816
71 172919
71 172948
71 173054
71 173583
71 173628
71 173697
71 173720
71 174166
71 174265
71 174750
71 174846
71 175067
71 175126
71 175288
71 175432
71 175703
71 175843
71 175922
71 175930
71 176222
71 176658
71 176730
71 176827
71 177101
71 177257
71 177302
71 177395
71 177587
71 178063
71 178095
71 178459
71 178592
71 178953
71 179438
71 180034
71 180405
71 180528
71 180529
71 180870
71 181112
71 181163
71 181539
71 182052
71 182061
71 182391
71 183059
71 183380
71 183630
71 183669
71 183675
71 183743
71 183832
71 184115
71 184504
71 184713
71 184839
71 184864
71 184990
71 185161
71 185364
71 185391
71 185403
71 185610
71 185826
71 185914
71 186348
71 186625
71 187264
71 187397
71 187456
71 187570
71 187800
71 188251
71 188288
71 188312
71 188416
71 188573
71 188733
71 189186
71 189207
71 189627
71 189789
71 189869
71 189999
71 190002
71 190601
71 190919
71 191457
71 191481
71 191493
71 191522
71 191594
71 191607
71 191654
71 191658
71 192368
71 192717
71 192754
71 192769
71 192834
71 193022
71 193495
71 193496
71 193571
71 193614
71 193846
71 194049
71 194138
71 194377
71 194514
71 194825
71 194944
71 195137
71 195775
71 195789
71 195848
71 195978
71 196062
71 196076
71 196123
71 196142
71 196414
71 196520
71 196624
71 144278
71 144351
71 144469
71 144600
71 145098
71 145555
71 145648
71 145842
71 146231
71 146327
71 146360
71 146758
71 146859
71 147016
71 147181
71 147254
71 147502
71 147755
71 147783
71 147804
71 147855
71 148288
71 148372
71 148650
71 148877
71 149269
71 149956
71 150232
71 150242
71 150342
71 150496
71 150565
71 150662
71 151595
71 151659
71 151952
71 152058
71 152261
71 152392
71 152665
71 152819
71 153057
71 153271
71 153397
71 153652
71 153743
71 153993
71 154275
71 154279
71 154291
71 154441
71 154477
71 154674
71 154814
71 154925
71 155041
71 155298
71 155339
71 155586
71 155861
71 156002
71 156055
71 156762
71 157099
71 157694
71 157858
71 157968
71 158152
71 159087
71 159280
71 159419
71 159585
71 159718
71 160270
71 160406
71 161024
71 161182
71 161280
71 161295
71 161313
71 161475
71 161517
71 161640
71 161706
71 161799
71 161928
71 161948
71 162375
71 162774
71 162824
71 163005
71 163636
71 163724
71 163818
71 164740
71 165086
71 165375
71 165699
71 166000
71 166082
71 166196
71 166611
71 166663
71 166784
71 166852
71 166860
71 167036
71 167239
71 167295
71 167361
71 167555
71 167560
71 167767
71 167810
71 167875
71 168218
71 168348
71 168506
71 168935
71 169195
71 169426
71 170141
71 170368
71 170380
71 170399
71 170441
72 169135
72 169442
72 169998
72 170127
72 170888
72 171529
72 172141
72 173118
72 173349
72 173693
72 174290
72 174864
72 174906
72 175001
72 175252
72 175862
72 176002
72 176126
72 176222
72 176462
72 176534
72 176615
72 177061
72 177364
72 177478
72 177550
72 177886
72 178087
72 178248
72 178667
72 178775
72 178855
72 178934
72 179247
72 179348
72 179581
72 180289
72 180336
72 180411
72 180902
72 181424
72 181456
72 181928
72 182232
72 182484
72 182834
72 183230
72 183271
72 183329
72 183422
72 183429
72 183779
72 183946
72 184090
72 184092
72 184413
72 184668
72 184810
72 184819
72 184884
72 185022
72 185190
72 185247
72 185358
72 185605
72 186388
72 186399
72 186451
72 186865
72 187110
72 187157
72 187438
72 187507
72 187656
72 187700
72 187755
72 187946
72 187965
72 188019
72 188073
72 188261
72 188400
72 188456
72 188505
72 188545
72 188912
72 188956
72 189005
72 189161
72 189287
72 189414
72 189480
72 189822
72 189970
72 190233
72 190253
72 190459
72 190588
72 190662
72 190680
72 191403
72 191668
72 191931
72 192279
72 192309
72 192323
72 192335
72 192477
72 192550
72 192551
72 192713
72 193278
72 193463
72 193555
72 193803
72 194088
72 194183
72 194336
72 194354
72 194696
72 194706
72 194869
72 194877
72 194978
72 195036
73 26235
73 26251
73 26289
73 26524
73 27221
73 27551
73 27558
73 27691
73 27886
73 28193
73 28716
73 29060
73 29570
73 29934
73 30068
73 30766
73 31023
73 31493
73 31719
73 31772
73 31873
73 32015
73 32129
73 32237
73 32438
73 32472
73 32817
73 33211
73 33256
73 33385
73 33439
73 33628
73 33749
73 33930
73 33995
73 34015
73 34208
73 34229
73 34238
73 34345
73 34958
73 35250
73 35335
73 35498
73 35534
73 35547
73 35559
73 35850
73 36027
73 36117
73 36826
73 36922
73 36980
73 37430
73 37566
73 37809
73 37845
73 38008
73 38100
73 38192
73 38505
73 39129
73 39825
73 39859
73 40172
73 40277
73 40490
73 40546
73 41342
73 42238
73 42392
73 42781
73 42888
73 42935
73 43540
73 43608
73 43712
73 43818
73 43854
73 44101
73 44803
73 44997
73 45062
73 45433
73 45705
73 45972
73 46130
73 46138
73 46911
73 47309
73 47449
73 47613
73 47822
73 47824
73 48087
73 48940
73 49374
73 49378
73 49402
73 49486
73 49552
73 49675
73 49799
73 49851
73 50097
73 50368
73 50528
73 50557
73 50718
73 50739
73 50816
73 51090
73 51446
73 51628
73 51948
69 25830
69 25916
69 26111
69 26128
69 26289
69 26824
69 26959
69 27020
69 27180
69 27481
69 27514
69 27661
69 27820
69 27970
69 29422
69 29545
69 29841
69 29909
69 30668
69 30807
69 30889
69 31076
69 31104
69 31200
69 31394
69 31963
69 32133
69 32355
69 32627
69 32728
69 32846
69 32872
69 32885
69 33198
69 33441
69 34508
69 34722
69 35219
69 35261
69 35674
69 35679
69 36133
69 36385
69 36524
69 36540
69 36883
69 36943
69 37162
69 37368
69 37371
69 37398
69 37448
69 37552
69 37767
69 37823
69 37959
69 38006
69 38029
69 38035
69 38045
69 38601
69 38657
69 38866
69 38923
69 38942
69 39355
69 40020
69 40389
69 40447
69 40628
69 40815
69 41209
69 41369
69 41666
69 41687
69 42224
69 42509
69 42512
69 42729
69 42730
69 43079
69 43273
69 43288
69 43363
69 43386
69 44093
69 44151
69 44715
69 44850
69 44990
69 45076
69 45139
69 45457
69 45598
69 46548
69 46780
69 46811
69 46914
69 47024
69 47055
69 47146
69 47258
69 47384
69 47771
69 48027
69 48124
69 48200
69 48504
69 48711
69 48855
69 49095
69 49123
69 49658
69 50209
69 51351
75 26375
75 26409
75 26441
75 26479
75 26491
75 26668
75 26724
75 26773
75 26811
75 27410
75 27448
75 27588
75 27804
75 27892
75 27911
75 27980
75 27987
75 28053
75 28561
75 28609
75 29483
75 29521
75 29835
75 29843
75 30028
75 30112
75 30131
75 30334
75 30349
75 30442
75 31049
75 31138
75 31258
75 31639
75 31674
75 31875
75 32384
75 32856
75 33287
75 33445
75 33850
75 34112
75 34229
75 34390
75 34520
75 34763
75 34812
75 34861
75 35166
75 35199
75 35217
75 35696
75 35858
75 36352
75 36388
75 36466
75 36491
75 36492
75 36670
75 37063
75 37159
75 37173
75 37349
75 38017
75 38084
75 38318
75 38507
75 38591
75 38803
75 38987
75 39076
75 39733
75 39816
75 40110
75 40664
75 40783
75 40995
75 41054
75 41098
75 41780
75 41894
75 42115
75 42642
75 42686
75 43069
75 43202
75 43337
75 43593
75 43636
75 44210
75 44424
75 44427
75 44641
75 44699
75 44769
75 44823
75 44942
75 45154
75 45751
75 45793
75 45907
75 46071
75 46507
75 46691
75 46725
75 46799
75 46962
75 47007
75 47030
75 47498
75 47909
75 47992
75 48298
75 48691
75 48748
75 48836
75 48895
75 48962
75 49054
75 49233
75 49459
75 49493
75 49663
75 49702
75 50013
75 50018
75 50054
75 50295
75 50484
75 50829
75 50867
75 51089
75 51106
75 51284
75 51360
75 51674
75 51975
75 52191
75 52260
75 52296
72 195196
72 195743
72 196127
72 196228
72 196399
72 196456
72 196753
72 196842
72 197038
72 197103
72 197400
72 198268
72 198350
72 198489
72 198517
72 198566
72 198664
72 198755
72 198881
72 199156
72 199362
72 199422
72 199653
72 199705
72 200323
72 200565
72 200613
72 200618
72 201323
72 201591
72 201598
72 201719
72 201849
72 201980
72 202104
72 202119
72 202357
72 202695
72 202895
72 203113
72 203127
72 203722
72 203776
72 203895
72 203972
72 204040
72 204092
72 204152
72 204374
72 205446
72 205555
72 205914
72 206589
72 206850
72 206888
72 207137
72 207163
72 207406
72 207859
72 208111
72 208316
72 208377
72 208390
72 208822
72 209182
72 209446
72 209600
72 209848
72 209879
72 210240
72 210285
72 210522
72 210649
72 210811
72 211024
72 211092
72 211220
72 211433
72 211651
72 211701
72 211748
72 211823
72 211913
72 212322
72 212498
72 212849
72 213619
72 213690
72 214219
72 214849
72 214887
72 214894
72 215071
72 215083
72 215173
72 215802
72 215930
72 216443
72 216685
72 216878
72 217363
72 217393
72 217623
72 217657
72 217761
72 217893
72 218024
72 218324
72 219025
72 219132
72 219355
72 219976
72 220079
72 220094
72 220098
72 220362
72 220380
72 220413
72 220556
72 220730
72 220912
72 221042
79 50922
79 51014
79 51153
79 51187
79 51877
79 52117
79 52173
79 52178
79 52454
79 52567
79 52672
79 54456
79 54552
79 54616
79 54637
79 55084
79 55197
79 55379
79 55744
79 56417
79 56445
79 56465
79 56484
79 56756
79 56842
79 56891
79 56899
79 57078
79 57196
79 57275
79 58486
79 58576
79 59120
79 59498
79 59776
79 60125
79 60305
79 60496
79 60937
79 61069
79 61107
79 61718
79 62202
79 62367
79 62373
79 62461
79 62584
79 62757
79 62780
79 62832
79 63035
79 63381
67 345
67 389
67 442
67 508
67 672
67 841
67 864
67 952
67 1092
67 1445
67 1484
67 1534
67 1731
67 2119
67 2387
67 2413
67 2643
67 2874
67 2944
67 3016
67 3204
67 3604
67 3908
67 3969
67 3994
67 4041
67 4101
67 4145
67 4276
67 4467
67 4576
67 4657
67 4701
67 4709
67 5035
67 5277
67 5330
67 5805
67 5927
67 6142
67 6443
67 6512
67 6616
67 6619
67 6750
67 6893
67 7069
67 7248
67 7904
67 7940
67 8350
67 8553
67 8775
67 8857
67 9037
67 9134
67 9503
67 9653
67 9892
67 10082
67 10431
67 10777
67 10849
67 10882
67 10991
67 11578
67 11696
67 11922
67 11925
67 11983
67 12054
67 12134
67 12309
67 12315
67 12339
67 12754
67 12875
67 13006
67 13104
67 13163
67 13650
67 14309
67 14584
67 14653
67 14658
67 14788
67 15675
67 16045
67 16159
67 17322
67 17329
67 17975
67 18247
67 18666
67 18814
67 19997
67 20077
67 20092
67 20855
67 21106
67 21340
67 21362
67 21408
67 21510
67 21611
67 21625
67 21745
67 21750
67 21813
67 22476
67 22563
67 22716
67 22911
67 23346
67 23737
67 24554
67 24905
73 52116
73 52257
73 52267
73 52332
73 52344
73 52427
73 52744
73 53022
73 53313
73 53488
73 53490
73 53675
73 54057
73 54111
73 54387
73 54603
73 54740
73 55184
73 55259
73 55482
73 55631
73 55790
73 55926
73 55980
73 56431
73 56568
73 56597
73 56623
73 57651
73 58846
73 59184
73 59207
73 59232
73 59267
73 59332
73 59445
73 59714
73 60175
73 60377
73 61162
73 61220
73 61343
73 61562
73 61586
73 61650
73 62264
73 62838
73 63683
73 63744
73 63845
73 64204
73 64460
73 64664
73 64952
71 39340
71 39368
71 39554
71 39584
71 39691
71 39760
71 39812
71 40203
71 40295
71 40316
71 40331
71 40353
71 40512
71 41000
71 41003
71 41227
71 41257
71 41371
71 41558
71 41561
71 41861
71 41868
71 41947
71 42181
71 42215
71 42252
71 42530
71 42636
71 42658
71 42810
71 43219
71 43585
71 43815
71 43842
71 44243
71 44393
71 44688
71 44785
71 44897
71 44982
71 45478
71 45535
71 45676
71 46041
71 46325
71 46339
71 46363
71 46560
71 46890
71 46923
71 46957
71 47199
71 47209
71 47250
71 47440
71 47748
71 47791
71 47976
71 48261
71 48344
71 48370
71 48454
71 48563
71 48623
71 48709
71 48924
71 49092
71 49653
71 49678
71 49790
71 49867
71 50037
71 50440
71 50596
71 50847
71 51124
71 51790
71 51876
71 52194
71 52207
71 52343
71 52401
71 52749
71 53187
71 53219
71 53251
71 53264
71 53409
71 53482
71 53596
71 53671
71 54021
71 54042
71 54121
71 54331
71 54362
71 54408
71 54538
71 54545
71 54792
71 54899
71 55125
71 55442
71 55564
71 55765
71 56065
71 56136
71 56400
71 56616
71 56698
71 56927
71 56941
71 57309
71 57359
71 57385
71 57399
71 57473
71 57953
71 58213
71 58595
71 58648
71 59031
71 59411
71 59671
71 59805
71 59813
71 59821
71 59981
71 60146
71 60152
71 60445
71 60824
71 61008
71 61161
71 61232
71 61459
71 61535
71 61605
71 61694
71 61814
71 62005
71 62359
71 62406
71 62910
71 62985
71 63396
71 63582
71 63796
71 197111
71 197128
71 197391
71 197737
71 198010
71 198544
71 198689
71 198767
71 198814
71 198820
71 199028
71 199156
71 199271
71 199389
71 199407
71 199742
71 199810
71 199932
71 200023
71 200093
71 200611
71 200750
71 200829
71 201300
71 201558
71 201576
71 201717
71 201791
71 202321
71 202716
71 202851
71 202904
71 203268
71 203524
71 203694
71 203762
71 204100
71 204224
71 204823
71 205239
71 205428
71 205555
71 206120
71 206143
71 206414
71 206476
71 206653
71 206801
71 207006
71 207054
71 207104
71 207111
71 207153
71 207308
71 207403
71 207466
71 207479
71 207551
71 207682
71 207856
71 207985
71 208156
71 208170
71 208621
71 208629
71 208647
71 208741
71 208801
71 208843
71 208884
71 209128
71 209624
71 209774
71 210000
71 210185
71 210359
71 210628
71 210644
71 210977
71 211151
71 211557
71 212237
71 212341
75 52431
75 52713
75 52752
75 52813
75 52956
75 52977
75 53052
75 53137
75 53151
75 53310
75 53517
75 54070
75 54178
75 54204
75 54881
75 54901
75 55390
75 55399
75 55419
75 55564
75 56273
75 56314
75 56545
75 56607
75 56891
75 57085
75 57690
75 57898
75 57954
75 58713
75 59095
75 59735
75 59835
75 59984
75 60246
75 60306
75 60452
75 60586
75 61163
75 61253
75 61465
75 61549
75 61683
75 61745
75 62324
75 62679
75 63239
75 63259
75 63563
75 63571
75 63577
75 63653
75 63719
75 63939
75 64032
75 64272
75 64654
75 64713
75 64899
75 65119
72 221175
72 221258
72 221292
72 221465
72 222262
72 222562
72 222889
72 222994
72 223164
72 223201
72 223248
72 223468
72 223598
72 223630
72 223701
72 223757
72 223884
72 223916
72 224074
72 224204
72 224382
72 224532
72 224541
72 224729
72 224741
72 225088
72 225362
72 225523
72 226576
72 226606
72 226697
72 226900
72 226957
72 227082
72 227215
72 227313
72 227379
72 227438
72 227599
72 227722
72 227818
72 228266
72 228652
72 228663
72 228828
72 228862
72 229001
72 229119
72 229500
72 229982
72 230179
72 230326
72 230414
72 230460
72 230609
72 230818
72 231009
72 231219
72 231220
72 231338
72 231510
72 231618
72 232185
72 232245
72 232281
72 232378
72 232533
72 232569
72 233078
72 233207
72 233223
72 233686
72 233729
72 233748
72 233834
72 233919
72 233940
72 234160
72 234219
72 234814
72 234833
72 235038
72 235174
72 235344
72 235457
72 235774
72 235960
72 236199
72 236293
72 236333
72 236460
72 236498
72 237098
72 237169
79 63864
79 65747
79 66498
79 66689
79 67123
79 67180
79 67212
79 67225
79 67343
79 67391
79 67628
79 68433
79 69463
79 69602
79 69914
79 70905
79 71208
79 71527
79 71603
79 71763
79 71775
79 71903
79 71961
79 72030
79 72095
79 72192
79 72877
79 73025
79 73085
79 73432
79 73843
79 74307
79 74826
79 75447
79 75884
79 76216
72 39039
72 39140
72 39406
72 39443
72 39658
72 39810
72 40258
72 40291
72 40484
72 40552
72 40570
72 40624
72 40791
72 40850
72 41069
72 41144
72 41519
72 41534
72 41617
72 41675
72 41817
72 42127
72 42374
72 42491
72 42666
72 43036
72 43157
72 43345
72 43491
72 44129
72 44591
72 45019
72 45047
72 45258
72 45440
72 45503
72 45657
72 45793
72 46005
72 46179
72 47073
72 47558
72 47835
72 48067
72 48387
72 48474
72 48636
72 48837
72 49403
72 49827
72 50057
72 50092
72 50095
72 50125
72 50939
72 51033
72 51515
72 52729
72 52933
72 52940
72 53352
72 53470
72 53519
72 53580
72 54004
72 54030
72 54174
72 54396
72 54552
72 54589
72 54628
72 54944
72 55083
72 55195
72 55483
72 55855
72 56363
72 56453
72 56594
72 56665
72 56813
72 56987
72 57205
72 57460
72 57475
72 57520
72 57858
72 58035
72 58084
72 58257
72 58301
72 58701
72 58813
72 59220
72 59293
72 59322
72 59710
72 60134
72 60654
72 60660
72 60719
72 60931
72 60942
72 61034
72 61089
72 61483
72 61542
72 61628
72 61643
72 61802
72 61962
72 62125
72 62669
72 62739
72 62800
72 63392
72 63623
72 64460
72 64502
72 64794
72 64999
72 65075
72 65287
72 66223
72 66258
72 66907
72 66983
72 66986
72 67148
72 67323
72 67667
72 67958
72 68084
72 68289
72 68364
72 68403
72 68604
72 68823
72 68868
72 68973
72 70078
72 70196
72 70447
72 71406
72 71622
72 71725
72 71831
72 72145
72 72388
72 72608
72 73030
72 73294
72 73483
72 73488
72 73813
72 73882
72 73891
72 74520
72 74983
72 75407
72 75495
72 75642
72 75697
72 76150
72 76400
72 76706
72 76737
72 77003
72 77155
72 77599
72 77617
72 77697
72 77757
72 77812
69 51967
69 51987
69 52117
69 52130
69 52225
69 52467
69 52516
69 52616
69 52777
69 52951
69 53114
69 53330
69 53529
69 53658
69 53940
69 53998
69 54603
69 54768
69 54785
69 54810
69 55509
69 55901
69 55995
69 56514
69 56643
69 56728
69 57094
69 57869
69 58021
69 58460
69 58942
69 59067
69 59370
69 59390
69 59693
69 59789
69 59799
69 59996
69 60025
69 60144
69 60305
69 60336
69 60678
69 60784
69 60808
69 60911
69 61006
69 61428
69 61462
69 61733
69 61837
69 62441
69 62459
69 62845
69 62889
69 63052
69 63074
69 63198
69 63389
69 63697
69 64002
69 64018
69 64303
69 64507
69 64785
69 64832
69 65091
69 65195
69 65268
69 65278
69 65899
69 66151
69 66662
69 66683
69 66929
69 67116
69 67430
69 67579
69 67773
69 67845
69 68147
69 68335
69 68870
69 69058
69 69545
69 69796
69 69829
69 69920
69 70457
69 70511
69 70547
69 70972
69 71184
69 71262
69 71372
69 71765
69 71948
69 72110
69 72449
69 72737
69 72836
69 73225
69 73345
69 73413
69 73692
69 73964
69 74026
69 74141
69 74180
69 74517
69 74930
69 75123
69 75140
69 75187
69 75280
69 75489
69 75537
69 75705
69 76154
69 76475
69 76945
69 76992
70 128600
70 128953
70 129209
70 129234
70 129337
70 129340
70 129518
70 129548
70 129624
70 129734
70 129797
70 129897
70 129948
70 130000
70 130152
70 130217
70 130263
70 130319
70 130532
70 130569
70 130629
70 130682
70 130870
70 131245
70 131257
70 131354
70 131401
70 131817
70 131963
70 132299
70 132362
70 132416
70 132560
70 132813
70 133090
70 133115
70 133230
70 133231
70 133236
70 133364
70 133517
70 133890
70 133942
70 134106
70 134116
70 134201
70 134245
70 134600
70 134832
70 135213
70 135293
70 135294
70 135704
70 135849
70 136064
70 136211
70 136234
70 136732
70 136825
70 137204
70 137352
70 137458
70 137472
70 137893
70 137914
70 137965
70 138140
70 138359
70 138560
70 138625
70 139095
70 139153
70 139676
70 139756
70 139799
70 139963
70 140860
70 140867
70 140916
70 140939
70 140971
70 141058
70 141243
70 141721
70 141808
70 142136
70 142544
70 142759
70 143226
70 143245
70 143436
70 143502
70 143512
70 143751
70 143806
70 144212
70 144358
70 144437
70 144614
70 144668
70 144703
70 144942
70 144960
70 144987
70 144990
70 144993
70 145487
70 145503
70 145545
70 145942
70 145943
70 146251
70 146523
70 146601
70 146707
70 146932
70 146949
70 147014
70 147163
70 147201
70 147273
70 147571
70 147854
70 147969
70 147972
70 147994
70 148083
70 148229
70 148911
70 149416
70 149535
70 149751
70 149771
70 149947
70 150146
70 150266
70 150445
70 151209
70 151212
70 151229
70 151240
70 151241
70 151277
70 151379
70 151452
70 152046
70 152164
70 152167
70 152773
70 152799
70 152897
70 152899
70 153177
70 153191
70 153382
70 153953
70 154003
70 154055
70 154059
70 154165
70 154232
70 154296
73 65277
73 65441
73 65494
73 65502
73 65908
73 66515
73 66579
73 66583
73 66645
73 67585
73 67756
73 67933
73 67997
73 68246
73 68265
73 68293
73 68490
73 68674
73 69075
73 69102
73 69699
73 70503
73 70632
73 70685
73 71301
73 71317
73 71475
73 71528
73 71892
73 72035
73 72058
73 72303
73 72365
73 72637
73 72895
73 73007
73 73231
73 73234
73 73569
73 74029
73 74328
73 74368
73 75403
73 75446
73 75459
73 75781
73 76077
73 76393
73 76644
73 76737
73 76967
73 77469
73 77479
73 77617
73 77765
70 77422
70 77470
70 77520
70 77893
70 78059
70 78106
70 79130
70 79241
70 79355
70 79485
70 79679
70 79689
70 79795
70 79927
70 79932
70 79997
70 80067
70 80435
70 80505
70 80638
70 80738
70 80752
70 80796
70 81223
70 81224
70 81749
70 81897
70 82129
70 82410
70 82553
70 82663
70 82692
70 82784
70 82824
70 83290
70 83370
70 83482
70 83677
70 83679
70 83832
70 83938
70 84053
70 84166
70 84292
70 84992
70 85461
70 85509
70 85987
70 86084
70 86389
70 86695
70 86857
70 86991
70 87047
70 87856
70 88004
70 88009
70 88013
70 88191
70 88271
70 88290
70 88432
70 88443
70 88492
70 88494
70 88735
70 88861
70 88889
70 89106
70 89261
70 89388
70 90005
70 90035
70 90255
70 90378
70 90725
70 91084
70 92249
70 92332
70 92382
70 92750
70 92843
70 93460
70 93820
70 94175
70 94251
70 94727
70 94982
70 95527
70 95678
70 96198
70 96852
70 96921
70 96961
70 98046
70 98070
70 98205
70 98376
70 99010
70 99046
70 99221
70 99817
70 99921
70 100016
70 100059
70 100234
70 100671
70 100818
70 100898
70 100913
70 100924
70 101011
70 101182
70 101510
70 102120
70 102766
67 76263
67 76368
67 76402
67 76474
67 76825
67 76834
67 77130
67 77460
67 77496
67 77613
67 78043
67 78396
67 78407
67 78707
67 78858
67 79207
67 79292
67 79866
67 79963
67 80339
67 80598
67 80840
67 80937
67 81224
67 81413
67 81663
67 81914
67 81957
67 82067
67 82577
67 82738
67 83065
67 83475
67 83758
67 83847
67 83931
67 84216
67 84538
67 84676
67 84988
67 84992
67 85432
67 85437
67 85813
67 86162
67 86204
67 86354
67 86715
67 86818
67 87426
67 87564
67 87947
75 65590
75 65715
75 65819
75 65865
75 66227
75 66370
75 66554
75 66861
75 67029
75 67134
75 67289
75 67566
75 67709
75 67804
75 67862
75 68057
75 68281
75 68329
75 68453
75 68592
75 68898
75 68962
75 68996
75 69038
75 69079
75 69118
75 69599
75 69972
75 70305
75 70985
75 71080
75 71148
75 71717
75 71723
75 71743
75 71768
75 72006
75 72135
75 73247
75 73616
75 73648
75 73743
75 73964
75 74008
75 74125
75 74131
75 74339
75 74508
75 74817
75 75587
75 75722
75 76067
75 76223
75 76305
75 76335
75 76403
75 76488
75 76969
75 76999
75 77305
75 77423
75 77663
75 77824
75 78234
75 78262
70 38690
70 38779
70 38872
70 38999
70 39217
70 39302
70 39396
70 39723
70 39773
70 39841
70 40465
70 40480
70 40603
70 41140
70 41323
70 41357
70 41380
70 41587
70 41765
70 42121
70 42304
70 42309
70 42445
70 42648
70 42710
70 42756
70 42912
70 43240
70 43503
70 43509
70 43781
70 44067
70 44229
70 44476
70 44570
70 44638
70 45096
70 45149
70 45581
70 45783
70 45842
70 46092
70 46130
70 46199
70 46483
70 46589
70 46744
70 46995
70 47024
70 47142
70 47188
70 47600
70 47662
70 47706
70 47799
70 47818
70 47995
70 47996
70 48314
70 48344
70 48388
70 48515
70 48803
70 48872
70 48883
70 49168
70 49340
70 49487
70 49598
70 50014
70 50251
70 50284
70 50312
70 50606
70 50643
70 50696
70 50767
70 51142
70 51336
70 51419
70 51653
70 52038
70 52124
70 52368
70 52429
70 52441
70 52698
70 52754
70 52781
70 53238
70 53508
70 54435
70 54656
70 54709
70 54735
70 54871
70 55052
70 55170
70 55640
70 55678
70 55723
70 55913
70 55963
70 56265
70 56833
70 57056
70 57109
70 57188
70 57445
70 57483
70 57546
70 57900
70 58127
70 58240
70 58768
70 59025
70 59444
70 60289
70 60957
70 61334
70 61560
70 61778
70 62000
70 62081
70 62287
70 62537
70 62815
70 63005
70 63031
70 63044
70 63098
70 63469
70 63508
70 63912
70 64270
70 64509
70 64706
70 64981
70 65149
70 65435
70 65610
70 65971
70 66164
70 66278
70 66379
70 66549
70 66573
70 66695
70 66750
70 67139
70 67370
70 68056
70 68096
70 68188
70 68281
70 68282
70 68491
70 68786
70 68891
70 68932
70 69263
70 69916
70 69926
70 70244
70 70443
70 70565
70 70693
70 70862
70 70999
70 71061
70 71189
70 71259
70 71350
70 71667
70 72274
70 72462
70 73139
70 73335
70 73463
70 73945
70 74252
70 74280
70 74341
70 74422
70 74936
70 75186
70 75385
70 75704
70 75828
70 75988
70 76564
70 76855
67 51272
67 51321
67 51348
67 51959
67 52294
67 52975
67 53109
67 53261
67 53430
67 53832
67 54565
67 54997
67 55032
67 56032
67 56042
67 56099
67 56156
67 56313
67 56383
67 56392
67 56486
67 56759
67 56816
67 56822
67 56989
67 57225
67 57422
67 57450
67 57570
67 57945
67 57972
67 58071
67 58812
67 58910
67 59379
67 59565
67 60225
67 60246
67 60487
67 60567
67 60998
67 61083
67 61476
67 61761
67 61826
67 62313
67 63003
67 63289
67 63362
67 63378
79 76829
79 77217
79 77229
79 77490
79 77887
79 78820
79 78848
79 79029
79 79504
79 79952
79 80007
79 80042
79 80128
79 80478
79 80491
79 80772
79 80971
79 81227
79 81389
79 81488
79 81726
79 82372
79 82389
79 82631
79 82712
79 84096
79 84130
79 84184
79 84595
79 84799
79 84923
79 85100
79 85103
79 85338
79 85339
79 85632
79 85711
79 85971
79 86537
79 86822
79 86840
79 86876
79 87101
79 87139
79 87276
79 87497
79 88017
79 88631
79 88725
67 89235
67 89252
67 89641
67 89673
67 89901
67 90424
67 90868
67 91042
67 91082
67 91201
67 91577
67 91646
67 91754
67 91780
67 92207
67 92640
67 93066
67 93587
67 93611
67 93962
67 93970
67 94587
67 94678
67 95004
67 95130
67 95262
67 95310
67 95950
67 95953
67 96054
67 96055
67 96072
67 96529
67 97042
67 97138
67 97186
67 97289
67 97367
67 97735
67 97815
67 98271
67 98357
67 98386
67 98486
67 98514
67 98712
67 99205
67 99297
67 26743
67 26848
67 27048
67 27224
67 27250
67 27476
67 27517
67 27587
67 28056
67 28215
67 28369
67 28573
67 28682
67 29176
67 29296
67 29928
67 30081
67 30123
67 30176
67 30377
67 30726
67 31107
67 31148
67 31409
67 31500
67 31702
67 32160
67 32418
67 32656
67 33010
67 33490
67 33598
67 33722
67 33968
67 34418
67 34573
67 35277
67 35347
67 35753
67 35798
67 35924
67 36236
67 36423
67 37277
67 37508
67 37620
67 37640
67 37655
67 37706
67 37924
67 37998
67 38422
67 38717
67 38999
67 39290
67 39350
67 39536
67 40003
67 40013
67 40119
67 40184
67 40227
67 40308
67 40483
67 40653
67 40681
67 40887
67 41769
67 41881
67 42265
67 42380
67 42535
67 42768
67 42793
67 42877
67 43060
67 43885
67 43940
67 44226
67 44278
67 44346
67 45001
67 45358
67 45388
67 45551
67 45767
67 46122
67 46183
67 46251
67 46290
67 46310
67 47067
67 47653
67 47886
67 48373
67 50344
67 50500
67 50744
73 78711
73 79241
73 79563
73 80041
73 80054
73 80444
73 80986
73 81048
73 81070
73 81220
73 81228
73 81230
73 81275
73 81512
73 81582
73 81874
73 81915
73 82074
73 82246
73 82320
73 82409
73 82763
73 82918
73 83302
73 83645
73 83741
73 84082
73 84151
73 84172
73 84786
73 84844
73 85051
73 85145
73 85152
73 85200
73 85682
73 85721
73 85814
73 86385
73 86407
73 86520
73 86671
73 86687
73 86732
73 87039
73 87147
73 87231
73 87976
73 88028
73 88103
73 88162
73 88569
73 88632
73 88861
73 89202
73 89483
73 89557
73 89696
73 89709
73 89818
73 89921
73 89929
73 90108
73 90224
73 90654
73 90714
73 90782
73 90973
70 180211
70 180255
70 180501
70 180811
70 180926
70 181044
70 181132
70 181253
70 181264
70 181398
70 181993
70 182013
70 182180
70 182227
70 182309
70 183100
70 183164
70 183259
70 183371
70 183399
70 183798
70 184311
70 184318
70 184457
70 184539
70 184629
70 184702
70 185018
70 185106
70 185366
70 185937
70 186169
70 186317
70 186389
70 186514
70 186713
70 186823
70 186948
70 187213
70 187747
70 187806
70 187820
70 188325
70 188443
70 188710
70 188844
70 188987
70 189040
70 189081
70 189249
70 189761
70 190276
70 190505
70 191219
70 191603
70 191841
70 191909
70 192080
70 192449
70 192472
70 192490
70 192784
70 192805
70 192872
70 193121
70 193142
70 193244
70 193389
70 193586
70 193909
70 194206
70 194644
70 195056
70 195133
70 195765
70 196021
70 196272
70 196396
70 196551
70 196724
70 196895
70 197672
70 197732
70 197887
70 197960
70 198053
70 198272
70 198286
70 198943
70 198991
70 199445
70 199660
70 199692
70 199867
70 199890
70 199962
70 200162
70 200351
70 200524
70 200785
70 200915
70 201229
70 201305
70 201462
70 201885
70 202055
70 202064
70 202143
70 202554
70 202967
70 203432
70 203811
70 203961
70 204272
70 204366
70 204639
70 204891
70 204893
70 204993
70 205641
75 78603
75 78626
75 78762
75 78875
75 79526
75 79768
75 79908
75 80148
75 80729
75 81053
75 81128
75 81263
75 81650
75 81673
75 81675
75 81863
75 82206
75 82222
75 82599
75 82637
75 82670
75 82833
75 83129
75 83147
75 83179
75 83185
75 83241
75 83316
75 83729
75 84192
75 84199
75 84266
75 84637
75 84676
75 84729
75 85102
75 85128
75 85227
75 85446
75 85596
75 85675
75 85785
75 85832
75 86665
75 86704
75 86705
75 86847
75 87077
75 87212
75 87287
75 87439
75 87548
75 87779
75 87842
75 87988
75 88070
75 88431
75 88569
75 88575
75 88836
75 88885
75 88961
75 89114
75 89225
75 89786
75 89847
75 89873
75 90499
75 91103
75 91132
75 91290
75 91298
67 63786
67 63837
67 64267
67 64330
67 65209
67 65313
67 65363
67 65617
67 65754
67 65862
67 65915
67 65926
67 66410
67 66761
67 67015
67 67625
67 67776
67 67852
67 68110
67 68589
67 68633
67 68683
67 69555
67 69566
67 69888
67 70478
67 70508
67 70556
67 70603
67 70645
67 70992
67 71477
67 71743
67 71937
67 71960
67 72070
67 72273
67 72763
67 72979
67 72982
67 73151
67 73158
67 73169
67 73433
67 73820
67 73856
67 74544
67 74616
67 74707
67 74713
67 74738
67 74745
67 74851
67 75006
67 75646
67 76057
67 76157
79 89299
79 89374
79 89785
79 89844
79 89899
79 90280
79 90372
79 91110
79 91308
79 91348
79 91429
79 91437
79 91787
79 91898
79 91945
79 92075
79 92080
79 92138
79 92265
79 92396
79 92453
79 92990
79 93361
79 93878
79 94389
79 94574
79 94601
79 94609
79 95138
79 95192
79 95230
79 95358
79 95509
79 95537
79 96536
79 96851
79 97405
79 97531
79 97562
79 97597
79 97763
79 97896
79 98377
79 98514
79 98560
79 99082
79 99114
79 99270
79 99343
79 99357
79 99402
79 99518
79 99836
79 99847
79 99902
79 99935
79 100029
79 100111
79 101101
79 101161
79 101585
79 101636
69 77230
69 77236
69 77239
69 77464
69 77636
69 77649
69 77801
69 78071
69 78717
69 79489
69 79586
69 79968
69 80071
69 80334
69 80551
69 80624
69 80635
69 80658
69 80737
69 80841
69 80893
69 81049
69 81603
69 81965
69 83327
69 83330
69 83589
69 84115
69 84411
69 84551
69 84703
69 84916
69 84932
69 85007
69 85121
69 85281
69 85582
69 85962
69 86060
69 86082
69 86212
69 86586
69 87000
69 87062
69 87231
69 87822
69 87868
69 88111
69 88249
69 88350
69 88439
69 88480
69 88785
69 88995
69 89015
69 89085
69 89127
69 89409
69 89563
69 89748
69 89780
69 89849
69 90040
69 90571
69 91072
69 91392
69 91514
69 91621
69 91906
69 91961
69 92485
69 92929
69 93469
69 93676
69 93751
69 93972
69 94150
69 94331
69 95426
69 95709
69 95798
69 96059
69 96271
69 97422
69 97655
69 97692
69 97744
69 98406
69 98457
69 98529
69 98693
69 98739
69 98875
69 99046
69 99181
69 99411
69 99467
69 99489
69 99500
69 100062
69 100125
69 100461
69 100529
69 100608
69 101236
69 101613
69 101716
69 101929
69 101947
69 101948
69 102180
69 102342
70 154335
70 154513
70 154639
70 154697
70 154775
70 155267
70 155300
70 155354
70 155511
70 155601
70 156510
70 156641
70 157105
70 157148
70 157273
70 158128
70 158240
70 158431
70 158859
70 159052
70 159232
70 159424
70 159585
70 159945
70 160310
70 160523
70 161115
70 161271
70 161343
70 161552
70 161639
70 162149
70 162372
70 162418
70 162539
70 162613
70 162633
70 163156
70 163172
70 163194
70 163221
70 163387
70 163452
70 163509
70 163630
70 163657
70 163689
70 163889
70 163902
70 164061
70 164305
70 164406
70 164599
70 164680
70 165201
70 165257
70 165491
70 165554
70 165639
70 165787
70 166249
70 166277
70 166452
70 166479
70 166959
70 167095
70 168028
70 168356
70 168757
70 168829
70 168898
70 168921
70 168968
70 169021
70 169029
70 169137
70 169666
70 169691
70 169719
70 170350
70 170926
70 171271
70 171682
70 171848
70 171850
70 172419
70 172427
70 173264
70 173401
70 173538
70 173581
70 173898
70 174611
70 174685
70 174981
70 175132
70 175163
70 175214
70 175228
70 175374
70 175447
70 175861
70 176443
70 176903
70 177112
70 177129
70 177280
70 177502
70 177715
70 177764
70 177944
70 178816
70 179699
70 179795
70 205954
70 206565
70 207929
70 208067
70 208164
70 208327
70 208344
70 208452
70 209195
70 209231
70 209251
70 209334
70 209387
70 209997
70 210233
70 210673
70 210781
70 211022
70 211098
70 211155
70 211161
70 211393
70 211401
70 211422
70 211623
70 211841
70 211851
70 212637
70 213085
70 213161
70 213173
70 213281
70 213333
70 213480
70 214260
70 214730
70 214870
70 215077
70 215223
70 215813
70 216122
70 216385
70 216586
70 216758
70 216872
70 216923
70 216985
70 217110
70 217601
70 217607
70 217611
70 217767
70 217788
70 218091
70 218179
70 218217
70 218292
70 218345
70 218417
70 218504
70 218795
70 218801
70 218996
70 219460
70 219487
70 219666
70 219748
70 219954
70 220214
70 220395
70 220459
70 220680
70 220799
70 220937
70 220990
70 221370
70 221372
70 221401
70 221441
70 221455
70 221800
70 222138
70 222668
70 222678
70 222888
70 223042
70 223192
70 223250
70 223514
70 223769
70 223867
70 224174
70 224523
70 224538
70 224565
70 225494
70 225534
70 225568
70 225631
70 226188
70 226212
70 226395
70 226559
73 91648
73 92182
73 92405
73 92634
73 92820
73 92995
73 93088
73 94113
73 94169
73 94187
73 94448
73 94523
73 94743
73 94926
73 95984
73 96290
73 96378
73 96510
73 96576
73 96827
73 96836
73 97381
73 97966
73 98178
73 98250
73 98271
73 98439
73 98702
73 99198
73 99219
73 99331
73 99914
73 99988
73 100066
73 100383
73 100592
73 101129
73 101157
73 101392
73 101423
73 101795
73 101796
73 102061
73 102283
73 102495
73 102553
73 102625
73 102877
73 102925
73 103235
73 103381
73 103579
73 103998
70 102984
70 103152
70 103266
70 103290
70 103395
70 103683
70 104105
70 104397
70 104542
70 104628
70 104710
70 104802
70 104842
70 105130
70 105472
70 106092
70 106234
70 106779
70 106862
70 106864
70 106873
70 106897
70 107044
70 107912
70 107951
70 108114
70 108386
70 108551
70 108646
70 108894
70 108895
70 109197
70 109393
70 109491
70 109554
70 109651
70 109863
70 109993
70 110260
70 110301
70 110830
70 110922
70 111069
70 111119
70 111266
70 111905
70 112041
70 112082
70 112239
70 112319
70 112395
70 112754
70 112833
70 112836
70 112920
70 113060
70 113526
70 114365
70 114368
70 114410
70 114462
70 114520
70 114531
70 114727
70 114885
70 114950
70 115048
70 115158
70 115169
70 115256
70 115262
70 115348
70 115419
70 115751
70 116163
70 116319
70 116611
70 116748
70 117033
70 117174
70 117401
70 117452
70 117496
70 117542
70 118110
70 118333
70 119386
70 119402
70 119471
70 119623
70 119826
70 119874
70 119882
70 120085
70 120145
70 120230
70 120342
70 120385
70 120462
70 120481
70 120618
70 120753
70 120817
70 120916
70 121209
70 121292
70 121569
70 122100
70 122246
70 122248
70 122694
70 122718
70 122837
70 122982
70 123003
70 124019
70 124364
70 124391
70 124440
70 124615
70 124689
70 125014
70 125223
70 125257
70 125268
70 125544
70 125704
70 125813
70 125907
70 125938
70 126179
70 126194
70 126269
70 126274
70 126293
70 126545
70 126678
70 126772
70 126832
70 127203
70 127301
70 127404
70 127480
70 127915
70 128333
70 128380
70 128495
70 128544
75 91952
75 92172
75 92397
75 92547
75 92572
75 92646
75 92706
75 92760
75 92931
75 92934
75 93226
75 93538
75 93592
75 93965
75 94193
75 94635
75 94817
75 95014
75 95051
75 95345
75 95773
75 96141
75 96404
75 96716
75 97136
75 97262
75 97440
75 97951
75 97990
75 97992
75 98094
75 98828
75 98840
75 98966
75 99179
75 99182
75 99271
75 99492
75 99562
75 99602
75 99698
75 99946
75 100064
75 100160
75 100258
75 100402
75 100697
75 101070
75 101111
75 101372
75 101610
75 101886
75 101897
75 102410
75 102537
75 102658
75 103226
75 103287
75 103441
75 103676
75 103790
75 103805
75 103963
75 104251
75 104283
75 104289
75 104396
79 101810
79 101834
79 102382
79 102397
79 102653
79 103285
79 103515
79 103544
79 103642
79 104192
79 104269
79 104337
79 104575
79 104651
79 104703
79 104970
79 105008
79 105236
79 105645
79 105720
79 105877
79 106020
79 106348
79 106533
79 106906
79 107429
79 107596
79 108170
79 108303
79 108415
79 108716
79 108794
79 108985
79 109269
79 109410
79 109598
79 110010
79 110179
79 110290
79 110340
79 110341
79 110518
79 110721
79 110981
79 111008
79 111180
79 111353
79 111393
81 117
81 127
81 360
81 626
81 636
81 1054
81 1089
81 1293
81 1725
81 1939
81 2198
81 2330
81 2847
81 3050
81 3348
81 3408
81 3816
81 4017
81 4090
81 4248
81 4418
81 4540
81 4696
81 4883
81 5027
81 5155
81 5403
81 5425
81 5710
81 5742
81 5746
81 6034
81 6256
81 7184
81 7314
81 7585
81 7673
81 7877
81 8043
81 8112
81 8400
81 8539
81 8595
81 8641
81 8867
81 9507
81 9548
81 9689
81 10421
81 10493
81 10695
81 11306
81 11339
81 11910
81 12080
81 12184
81 12309
72 78400
72 79048
72 79548
72 79991
72 80011
72 80058
72 80197
72 80908
72 80918
72 81380
72 81521
72 81578
72 81766
72 81793
72 81861
72 81884
72 81983
72 82316
72 82357
72 82368
72 82796
72 82852
72 82854
72 82919
72 83187
72 83237
72 83390
72 83946
72 84133
72 84326
72 84495
72 84545
72 84598
72 84733
72 84848
72 84948
72 85186
72 85302
72 85415
72 85583
72 85883
72 86069
72 86495
72 86578
72 86905
72 87017
72 87097
72 87478
72 87563
72 87668
72 87880
72 87972
72 88105
72 88111
72 88239
72 88264
72 88353
72 88443
72 88445
72 88571
72 88799
72 89313
72 89401
72 89461
72 89497
72 89594
72 89969
72 91710
72 91866
72 92007
72 92153
72 92677
72 93018
72 93082
72 93263
72 93397
72 93461
72 93637
72 93664
72 93686
72 93780
72 93816
72 93838
72 94023
72 95092
72 95255
72 95274
72 95379
72 95450
72 95530
72 95557
72 96121
72 97044
72 97121
72 97288
72 97667
72 97975
72 98059
72 98062
72 98728
72 98863
72 98890
72 99087
72 99369
72 99461
72 99487
72 99880
72 100163
72 100189
72 100303
72 100808
72 100924
72 100979
72 101130
72 101532
72 102125
72 102296
72 102419
72 102472
72 102562
72 103128
72 103216
72 103476
72 103497
72 103515
72 103648
72 103780
72 103790
72 103812
72 103983
72 104173
72 104444
72 104533
72 104849
72 105138
72 105177
72 105578
72 106091
72 106596
72 106940
72 107072
72 107216
72 107235
72 107497
72 107509
72 108127
72 108198
72 108326
72 108752
72 108838
72 109231
72 109267
72 109331
72 109435
72 109449
72 109551
72 110041
72 110070
72 110406
72 110528
72 110569
72 111035
72 111718
72 111728
72 111862
72 112143
72 112146
72 112156
72 112185
72 112344
72 112611
72 112770
72 112858
72 113075
72 113365
72 113385
72 113681
72 113685
72 113744
72 113775
72 113928
72 114253
72 114475
72 114574
72 114748
72 115309
72 115442
72 115533
72 115632
72 115749
72 115976
72 116435
72 116788
72 116849
72 116900
72 116926
80 85
80 270
80 483
80 545
80 565
80 826
80 887
80 938
80 1053
80 1617
80 1665
80 1935
80 2147
80 2337
80 2362
80 6792
80 6898
80 6949
80 7321
80 7478
80 7502
80 7596
80 7868
80 8065
80 8432
80 8510
80 8688
80 8863
80 8951
80 9126
80 9181
80 9649
80 10009
80 10086
80 10117
80 10242
80 10253
80 10255
80 10317
80 10514
80 10646
80 10968
80 11303
80 11395
80 11565
80 11690
80 11717
80 11969
80 12215
80 12273
80 12444
80 12891
80 13024
80 13452
80 13667
80 13739
80 14029
80 14165
80 14569
80 14678
80 14764
80 14937
80 15366
80 15644
80 16154
80 16189
80 16638
80 16889
73 104360
73 104574
73 104629
73 104749
73 104884
73 104967
73 105035
73 105163
73 105243
73 105259
73 105626
73 105661
73 105711
73 106442
73 106604
73 107267
73 107966
73 108071
73 108223
73 108777
73 109058
73 109065
73 109078
73 109704
73 109801
73 109873
73 109990
73 110076
73 110153
73 110313
73 110412
73 110448
73 110451
73 110542
73 110857
73 110934
73 111093
73 111409
73 111716
73 112125
73 112261
73 112281
73 112310
73 112361
73 112603
73 112855
73 112925
73 112949
73 113007
73 113222
73 113630
73 113929
73 114639
73 114793
73 114812
73 115401
73 115681
73 116049
73 116436
73 116450
73 116536
73 116557
73 117147
72 117373
72 117420
72 117606
72 118187
72 118380
72 118421
72 118460
72 118859
72 119447
72 119526
72 119715
72 119987
72 119990
72 120057
72 120477
72 121148
72 121194
72 121273
72 121330
72 121467
72 121692
72 121759
72 121780
72 121785
72 121956
72 122082
72 122322
72 122694
72 122769
72 122849
72 123307
72 123310
72 123569
72 124446
72 124671
72 124673
72 124977
72 125388
72 125461
72 125659
72 125768
72 125926
72 126332
72 126817
72 126840
72 126843
72 126981
72 127350
72 127498
72 127516
72 127533
72 127549
72 127682
72 127731
72 127947
72 127953
72 128244
72 128431
72 128570
72 128724
72 128916
72 129212
72 129262
72 129432
72 129527
72 129549
72 129952
72 130236
72 130408
72 130424
72 130510
72 130978
72 131243
72 131333
72 131401
72 131621
72 131763
72 132290
72 132319
72 132595
72 132894
72 132920
72 132954
72 133024
72 133086
72 133199
72 133590
72 133653
72 134008
72 134442
72 134518
72 134673
72 135303
72 135366
72 135744
72 135756
72 135846
72 135888
72 136579
72 136676
72 136804
72 136972
72 137019
72 137370
72 137538
72 137559
72 138075
72 138156
72 138161
72 138186
72 138312
72 138443
72 138692
72 138893
72 139435
72 139655
72 140112
72 140882
72 140913
72 140935
72 141369
72 141427
72 141865
72 141967
72 142174
72 142190
72 142297
72 142472
72 142788
72 142804
72 142894
72 142895
74 303
74 448
74 721
74 830
74 966
74 988
74 1550
74 1707
74 2165
74 2193
74 2229
74 2285
74 2762
74 2776
74 2813
74 2862
74 3180
74 3395
74 3410
74 3475
74 4254
74 4537
74 4651
74 5061
74 5138
74 5501
74 5505
74 5539
74 5551
74 5711
74 5718
74 5793
74 5903
74 5950
74 6404
74 6506
74 6531
74 6678
74 6721
74 6847
74 7013
74 7146
74 7345
74 7514
74 7559
74 7734
74 7792
74 7817
74 7891
74 7990
74 8043
74 8267
74 8543
74 8713
74 8936
74 9203
74 9330
74 9357
74 9522
74 9894
74 9916
74 10031
74 10072
74 10273
74 10414
74 10513
74 10742
74 10911
74 10924
74 11430
74 12005
74 12094
74 12303
74 12525
74 12613
74 13028
74 13164
74 13243
74 13299
74 13463
74 13542
74 13753
74 13831
74 14060
74 14225
74 14311
74 14359
74 14605
74 15053
74 15202
74 15505
74 15895
74 16287
74 16459
74 16536
74 16719
74 16735
74 16901
74 17256
74 17434
74 17604
74 17605
74 17720
74 18520
74 18750
74 18849
74 18882
74 19138
74 19191
74 19365
74 19779
74 19812
74 19895
74 20035
74 20357
74 20456
74 20749
74 20953
74 21131
74 21164
74 21609
74 21710
74 21947
74 21989
74 22173
74 22861
74 22904
74 22939
74 23102
74 23223
74 23256
74 23423
74 23791
74 23806
74 24204
74 24351
74 24574
74 24842
74 24996
74 25047
74 25668
74 25974
74 26086
75 104802
75 105124
75 106057
75 106072
75 106123
75 106176
75 106221
75 106341
75 106437
75 106489
75 106536
75 106745
75 106894
75 107011
75 107797
75 107827
75 108255
75 108284
75 108432
75 108468
75 108615
75 108950
75 109039
75 109280
75 109382
75 109637
75 109718
75 109982
75 110132
75 110264
75 110419
75 110579
75 110625
75 111185
75 111392
75 111629
75 111644
75 112007
75 112116
75 112428
75 112475
75 112578
75 112937
75 113254
75 113461
75 113498
75 113653
75 113708
75 113835
75 113898
75 113953
75 114002
75 114475
75 114750
75 114778
75 115183
75 115305
75 115417
75 115479
75 115498
75 115559
75 115738
75 115958
75 115972
75 116109
75 116401
75 116805
75 117246
75 117406
75 117555
77 44
77 682
77 795
77 810
77 1075
77 1135
77 1195
77 1246
77 1471
77 1505
77 1553
77 1624
77 1906
77 1988
77 2045
77 2366
77 2753
77 2781
77 2795
77 2826
77 3575
77 3633
77 3861
77 3881
77 3989
77 4456
77 4775
77 4779
77 4903
77 5168
77 5550
77 5656
77 6036
77 6049
77 6067
77 6154
77 6329
77 6507
77 6938
77 7010
77 7040
77 7237
77 7301
77 7322
77 7558
77 7596
77 7811
77 7958
77 8040
77 8177
77 8598
77 8932
77 8965
77 9019
77 9576
77 9650
77 9796
77 9851
77 9853
77 9902
77 9915
77 10293
77 10619
77 10647
77 10841
77 11157
77 11409
77 11451
77 11462
77 11475
77 11631
77 11691
77 11811
77 11978
77 12456
77 12659
77 12680
77 12706
77 12738
77 13215
77 13607
77 13721
77 13751
77 14041
77 14112
77 14249
77 14285
77 14308
77 14534
77 15008
77 15089
77 15102
77 15119
77 15208
77 15539
77 15665
77 15762
77 15982
77 15993
77 16189
77 16277
77 16470
77 16924
77 17237
77 17588
77 17994
77 19346
77 19430
77 19594
77 19636
77 19929
77 20084
77 20464
77 20923
77 22041
77 22077
77 22182
77 22184
77 22316
77 22353
77 22423
77 22542
77 22565
77 22975
77 23178
77 23735
77 23968
77 23971
77 24498
77 24524
77 24621
77 25126
77 25133
77 25265
77 25824
75 117872
75 118022
75 118368
75 118403
75 118431
75 118501
75 118660
75 118959
75 119417
75 119485
75 120013
75 120056
75 120222
75 120662
75 120699
75 120718
75 121153
75 121196
75 121506
75 121795
75 121915
75 121927
75 122248
75 122474
75 122545
81 12726
81 12866
81 12907
81 12999
81 13255
81 13424
81 13698
81 13709
81 13828
81 14137
81 14205
81 14649
81 14977
81 15074
81 15338
81 15552
81 15650
81 15725
81 15868
81 16329
81 16474
81 16601
81 16654
81 16839
81 16866
81 17509
81 17569
81 17903
81 18270
81 18641
81 18814
81 19301
81 19309
81 19491
81 19501
81 19524
81 19653
81 19739
81 19899
81 19931
81 20231
81 20781
81 21053
81 21376
81 21747
81 22479
81 22880
81 23218
81 23268
81 23661
81 23718
81 23744
81 23888
81 23968
81 24298
81 25111
74 65483
74 65533
74 65812
74 66005
74 66353
74 66360
74 66636
74 66789
74 66847
74 67218
74 67328
74 67357
74 67439
74 67517
74 67649
74 67959
74 68593
74 68854
74 68942
74 69004
74 69027
74 69186
74 69206
74 69372
74 70376
74 70588
74 70610
74 70686
74 70780
74 70852
74 70889
74 70969
74 71153
74 71286
74 71462
74 71792
74 71973
74 72367
74 72800
74 72811
74 72833
74 72986
74 73234
74 73397
74 73459
74 73628
74 73903
74 74023
74 74026
74 74058
74 74337
74 74457
74 74678
74 74768
74 74925
74 74983
74 75129
74 75191
74 75306
74 75379
74 75430
74 75766
74 75895
74 76077
74 76234
74 76519
74 76533
74 76767
74 76788
74 76898
74 77065
74 77081
74 77127
74 77142
74 77380
74 77500
74 77867
74 78279
73 117742
73 117881
73 117963
73 118055
73 118618
73 118711
73 118913
73 119089
73 119115
73 119350
73 119973
73 120003
73 120600
73 120974
73 121116
73 121184
73 121337
73 121624
73 121650
73 122032
73 122062
73 122086
73 122102
73 122144
73 122157
73 122322
73 122542
73 122751
73 122779
73 122993
73 123041
73 123103
73 123309
73 123347
73 123380
69 102896
69 102930
69 102968
69 103505
69 103855
69 103912
69 104455
69 104526
69 104759
69 105313
69 105404
69 105762
69 106264
69 106312
69 106426
69 106430
69 107004
69 107083
69 107554
69 107561
69 107666
69 107678
69 107750
69 108109
69 108280
69 108470
69 108556
69 108704
69 108713
69 109046
69 109115
69 109241
69 109251
69 109269
69 109326
69 109725
69 109995
69 110222
69 110493
69 110878
69 110934
69 111239
69 111385
69 111558
69 111674
69 112082
69 112183
69 112503
69 112725
69 112770
69 112977
69 113097
69 113468
69 114192
69 114430
69 114592
69 114878
69 115063
69 115533
69 115541
69 115602
69 115681
69 115840
69 116198
69 116653
69 117033
69 117365
69 117393
69 117424
69 117453
69 117598
69 118040
69 118195
69 118247
69 118451
69 118746
69 119201
69 119456
69 119688
69 119792
69 119801
69 120132
69 120704
69 120966
69 121167
69 121175
69 121352
69 121842
69 122216
69 122269
69 122311
69 122428
69 122700
69 122754
69 122814
69 122866
69 122870
69 123093
69 123115
69 123552
69 123823
69 123856
69 124000
69 124066
69 124190
69 125452
69 125576
69 125913
69 125968
69 126861
69 127503
69 128011
69 128071
69 128081
69 154081
69 154205
69 154443
69 154865
69 154906
69 155030
69 155212
69 155718
69 155744
69 155746
69 156046
69 156106
69 156200
69 156293
69 156328
69 156357
69 156505
69 156514
69 156539
69 156662
69 156788
69 156806
69 156849
69 156927
69 157201
69 157350
69 157649
69 157746
69 157868
69 157887
69 157911
69 157957
69 157958
69 157973
69 158037
69 158129
69 158449
69 158532
69 158558
69 158922
69 158955
69 158960
69 159158
69 159219
69 159544
69 159813
69 159817
69 159900
69 160154
69 160387
69 160421
69 160444
69 160597
69 161140
69 161168
69 161760
69 161955
69 161974
69 162061
69 162332
69 162333
69 162458
69 162482
69 162600
69 162634
69 162839
69 162892
69 162904
69 162956
69 163130
69 163361
69 163916
69 164147
69 164248
69 164334
69 164421
69 164685
69 164742
69 164844
69 165037
69 165219
69 165286
69 165515
69 165857
69 166128
69 166240
69 166576
69 166847
69 166881
69 167054
69 167162
69 167524
69 167526
69 167783
69 168150
69 168158
69 168188
69 168396
69 168397
69 168998
69 169003
69 169090
69 169450
69 169593
69 169649
69 169784
69 169996
69 170230
69 170393
69 170842
69 170917
69 171007
69 171011
69 171219
69 171797
69 171866
69 171871
69 172290
69 172426
69 172892
69 172908
69 173232
69 173354
69 173437
69 173581
69 173938
69 174187
69 174642
69 174799
69 174934
69 175078
69 175083
69 175233
69 175351
69 175422
69 175449
69 175601
69 175635
69 175964
69 176032
69 176095
69 176174
69 176331
69 176347
69 176632
69 177320
69 177340
69 177445
69 177518
69 177859
69 178426
69 178478
69 178632
69 178670
69 178825
69 179080
69 179143
69 179186
69 179232
69 179269
69 179416
69 179431
69 179595
74 26274
74 26365
74 26633
74 26805
74 26910
74 27023
74 27495
74 27875
74 28275
74 28668
74 28787
74 29065
74 29278
74 29548
74 30441
74 30837
74 31113
74 31194
74 31234
74 31571
74 31804
74 31845
74 31893
74 32052
74 32165
74 32515
74 32737
74 32945
74 33464
74 33475
74 33502
74 33576
74 33630
74 33695
74 33776
74 34098
74 34115
74 34190
74 34340
74 34621
74 34852
74 35011
74 35152
74 35153
74 35405
74 35534
74 35555
74 35861
74 36020
74 36420
74 36574
74 37011
74 37596
74 37875
74 37976
74 38185
74 38276
74 38291
74 38372
74 38403
74 38417
74 38436
74 38551
74 38843
74 38851
76 154
76 412
76 419
76 1286
76 1293
76 1357
76 1377
76 1390
76 1719
76 1743
76 1779
76 2169
76 2180
76 2288
76 2333
76 2500
76 2580
76 2891
76 3059
76 3091
76 3126
76 3187
76 3590
76 3768
76 3836
76 3907
76 3967
76 4325
76 4509
76 4663
76 5179
76 5283
76 5326
76 5586
76 6066
76 6119
76 6285
76 6572
76 6909
76 7452
76 7680
76 7754
76 7787
76 8006
76 8489
76 8587
76 8696
76 8745
76 8811
76 9045
76 9146
76 9165
76 9616
76 10048
76 11945
76 12180
76 12300
76 12435
76 12466
76 12473
76 12529
76 12621
76 13257
76 13520
76 13527
76 13683
76 13703
76 13778
76 13830
76 13952
76 14216
76 14303
76 14326
76 14496
76 14538
76 14576
76 14665
76 14745
76 14922
76 14997
76 15008
76 15050
76 15561
76 15568
76 15649
76 15767
76 16138
76 16190
76 16267
76 16320
76 16564
76 16731
76 17161
76 17381
76 17465
76 17603
76 17617
76 17690
76 17912
76 18099
76 18944
76 18961
76 19099
76 19622
76 20089
76 20136
76 20649
76 20755
76 21027
76 21115
76 21173
76 21385
76 21683
76 21733
76 21894
76 21968
76 21981
76 21991
76 21997
76 22016
76 22249
76 22260
76 22266
76 22643
76 22999
76 23163
76 23238
76 23288
76 23634
76 23816
76 24108
76 24473
76 24503
76 24655
76 24740
76 24768
76 24833
76 25074
76 25123
76 25629
76 25719
77 26231
77 26770
77 26902
77 28076
77 28186
77 28238
77 28879
77 28977
77 29085
77 29652
77 29656
77 30194
77 30620
77 30643
77 30657
77 30680
77 30958
77 31276
77 31343
77 31369
77 31431
77 32095
77 32815
77 32930
77 33062
77 33218
77 33566
77 33729
77 33776
77 33894
77 34484
77 34557
77 34594
77 34672
77 34689
77 34790
77 34980
77 35106
77 35237
77 35367
77 35618
77 35814
77 36055
77 36293
77 36760
77 36946
77 36991
77 37039
77 37219
77 37445
77 37529
77 37605
77 38193
77 38333
77 38394
77 38724
80 17088
80 17111
80 17301
80 17305
80 17518
80 17573
80 17911
80 18260
80 18772
80 19422
80 19467
80 19633
80 19771
80 20026
80 20144
80 20250
80 20539
80 20757
80 21303
80 21347
80 21511
80 22004
80 22065
80 22129
80 22492
80 22529
80 22547
80 22723
80 22926
80 22966
80 23010
80 23072
80 23432
80 23698
80 24219
80 24284
80 24290
80 24607
80 25326
80 25433
80 25439
80 25525
80 25550
80 25590
80 25830
80 26664
80 26721
80 26815
80 26865
80 27268
80 27788
80 28019
80 28586
80 29335
80 29399
80 29503
80 29929
80 29943
80 30424
80 30581
80 30608
80 30677
80 31033
80 31269
80 31535
80 31612
80 32015
80 32318
80 32348
80 32397
80 32640
80 33095
80 33559
78 76906
78 77321
78 77356
78 77438
78 77892
78 77946
78 78310
78 78556
78 78604
78 78656
78 79573
78 79986
78 80227
78 80319
78 80413
78 80439
78 80584
78 80761
78 81428
78 81975
78 82170
78 82253
78 82452
78 82573
78 82799
78 83016
78 83130
78 84117
78 84141
78 84396
78 84434
78 84604
78 84700
78 84833
78 85212
78 85334
78 85958
78 86193
78 86894
78 87099
78 87394
78 87687
78 87759
78 87962
78 88138
78 88393
78 88548
78 88852
78 89305
78 89574
81 25452
81 25610
81 26035
81 26190
81 26346
81 26579
81 26782
81 26826
81 27088
81 27580
81 27779
81 28134
81 28175
81 28195
81 28869
81 28881
81 28923
81 29248
81 29405
81 29413
81 29581
81 29645
81 30010
81 30692
81 30715
81 31902
81 32161
81 32273
81 32372
81 32381
81 32452
81 32892
81 32997
81 33256
81 33360
81 33397
81 33854
81 34060
81 34285
81 34397
81 34536
81 34563
81 34571
81 34768
81 34847
81 35051
81 35261
81 35356
81 36534
81 36853
81 37525
81 37614
81 37659
81 37734
81 37749
81 38101
74 78730
74 78744
74 79312
74 79737
74 80143
74 81102
74 81582
74 81704
74 81753
74 82701
74 82960
74 83005
74 83154
74 83366
74 83368
74 84056
74 84221
74 84722
74 85213
74 85426
74 85765
74 86282
74 86325
74 86947
74 87148
74 87317
74 87462
74 87889
74 87919
74 88270
74 88691
74 88930
74 89062
74 89172
74 89934
74 90167
74 90236
74 91107
74 91285
76 77799
76 78141
76 78196
76 78232
76 78261
76 78304
76 78391
76 78424
76 78525
76 78825
76 79205
76 79704
76 79914
76 80235
76 80433
76 80615
76 80885
76 80896
76 81370
76 81575
76 81826
76 82058
76 82424
76 82817
76 83314
76 83505
76 83692
76 83918
76 83975
76 84046
76 84319
76 84368
76 84397
76 84443
76 84604
76 84613
76 84679
76 85756
76 85950
76 85972
76 86502
76 86609
76 86735
76 86749
76 86758
76 87100
76 87544
76 87783
76 88194
76 89142
76 89637
76 89642
76 89782
76 90224
76 90269
74 91994
74 92034
74 92155
74 92227
74 92472
74 92674
74 92850
74 92965
74 93270
74 93380
74 93766
74 94329
74 94680
74 94773
74 94783
74 94789
74 94932
74 95607
74 95716
74 95897
74 96170
74 96208
74 96238
74 96402
74 96548
74 96599
74 96638
74 97148
74 98028
74 98422
74 98475
74 98488
74 98532
74 98570
74 98740
74 99134
74 99399
74 99912
74 100266
74 100280
74 100536
74 100640
74 100671
74 100723
74 101068
74 101142
74 101247
74 101675
74 101898
74 102012
74 102064
74 102242
74 102513
74 102519
74 102768
74 102817
74 102969
74 103335
74 103354
74 103474
74 103484
74 103644
74 103735
74 103988
74 104033
74 104159
74 104266
74 104326
74 104472
78 136
78 214
78 480
78 493
78 610
78 673
78 678
78 881
78 938
78 1053
78 1377
78 1711
78 1719
78 1754
78 1776
78 2059
78 2079
78 2372
78 2469
78 2615
78 2859
78 3162
78 3565
78 3746
78 3871
78 3894
78 4039
78 4202
78 4477
78 4515
78 4800
78 4916
78 5101
78 5124
78 5127
78 5160
78 6656
78 6836
78 7206
78 7224
78 7290
78 7298
78 7375
78 7601
78 7701
78 7913
78 7938
78 8549
78 8954
78 9175
78 9672
78 9727
78 9757
78 9975
78 9984
78 9997
78 10830
78 10924
78 11153
78 11392
78 11679
78 11901
78 11992
78 12579
78 12652
78 13158
78 13548
78 13747
78 14649
78 14751
78 15511
78 15577
78 15684
78 15746
78 15928
78 16106
78 16371
78 17161
78 17304
78 17709
78 17818
78 17828
78 17938
78 18291
78 18364
78 18893
78 19110
78 19699
78 19853
78 19905
78 20322
78 20345
78 20406
78 20688
78 20800
78 20846
78 21012
78 21046
78 21108
78 21134
78 21400
78 22442
78 22679
78 23207
78 24183
78 24208
78 24405
78 24956
78 25293
74 39325
74 39595
74 39753
74 39885
74 39900
74 40317
74 40631
74 40958
74 40961
74 41395
74 41410
74 41538
74 41774
74 42196
74 42567
74 43281
74 43521
74 43916
74 44117
74 44521
74 45436
74 45594
74 45775
74 45897
74 46201
74 46356
74 46872
74 47020
74 47184
74 47186
74 47734
74 47740
74 48021
74 48039
74 48127
74 48375
74 48405
74 48625
74 49161
74 49396
74 49862
74 50016
74 50099
74 50228
74 50577
74 50589
74 50991
74 51100
74 51103
74 51321
77 39035
77 39109
77 39130
77 39363
77 39553
77 39836
77 39861
77 39920
77 40029
77 40629
77 40870
77 41034
77 41132
77 41530
77 41680
77 41771
77 42174
77 42420
77 42801
77 42991
77 43172
77 43220
77 43259
77 43280
77 43308
77 43536
77 43562
77 43592
77 43676
77 43873
77 43970
77 44075
77 44181
77 44257
77 44454
77 44478
77 44686
77 44719
77 44871
77 44962
77 45885
77 45984
77 46054
77 46141
77 46329
77 46340
77 46347
77 46357
77 46394
77 46958
77 47059
77 47182
77 47463
77 47992
77 48360
77 48632
77 48941
77 49074
77 49316
77 49318
77 49554
77 49612
77 49672
77 49751
77 50165
77 50388
77 50467
77 50515
77 51020
77 51023
77 51267
77 51479
77 51611
77 51696
77 51919
78 89820
78 89907
78 90275
78 90343
78 90928
78 91119
78 91197
78 91582
78 91832
78 91869
78 92317
78 92424
78 93369
78 93569
78 93645
78 93841
78 93929
78 94191
78 94452
78 94599
78 94608
78 95018
78 95321
78 95354
78 95480
78 95933
78 96145
78 96550
78 96916
78 97084
78 97197
78 97525
78 97958
78 98039
78 98439
78 98697
78 98917
78 99149
78 99171
78 99339
78 99460
78 99552
78 99730
78 99772
78 99871
78 100045
78 100141
78 100290
78 100395
78 100911
78 101064
78 101316
78 101642
78 101681
78 102047
78 102079
78 102193
76 90514
76 90623
76 91334
76 92176
76 92582
76 92616
76 92662
76 93162
76 93443
76 94199
76 94628
76 94700
76 94819
76 95339
76 95522
76 96040
76 96230
76 96277
76 97148
76 97441
76 97473
76 97724
76 98201
76 98318
76 98339
76 98444
76 98894
76 100723
76 101070
76 101476
76 101515
76 101569
76 101879
76 102155
76 102331
76 102848
76 102978
76 103145
81 38666
81 38780
81 38950
81 39502
81 39527
81 39707
81 39969
81 40148
81 40300
81 40555
81 40725
81 41295
81 41404
81 41740
81 41774
81 41920
81 41950
81 42076
81 42144
81 42161
81 42808
81 42866
81 43299
81 44141
81 44285
81 44313
81 44468
81 44545
81 44793
81 44856
81 45686
81 46440
81 46469
81 46797
81 46852
81 46862
81 47248
81 47391
81 47735
81 48116
81 48445
81 48597
81 48894
81 49136
81 49182
81 49389
81 49432
81 49581
81 49663
81 49686
81 50122
81 50295
81 50450
81 50765
74 105505
74 105727
74 105799
74 105880
74 106078
74 106291
74 106296
74 106323
74 106530
74 106974
74 107491
74 107559
74 107727
74 107740
74 107815
74 107959
74 109412
74 109687
74 109995
74 110622
74 111586
74 111601
74 111651
74 111826
74 112061
74 112091
74 112956
74 113095
74 113429
74 113495
74 113694
74 113727
74 113765
74 114257
74 114684
74 114707
74 114930
74 115470
80 34353
80 34749
80 34877
80 34946
80 34956
80 35335
80 35641
80 35703
80 35708
80 35778
80 35880
80 35997
80 36278
80 36313
80 36543
80 36753
80 37461
80 37474
80 37901
80 37910
80 38180
80 38189
80 38575
80 38841
80 39167
80 39663
80 39741
80 40052
80 40075
80 40204
80 40511
80 40758
80 41430
80 41581
80 41671
80 41767
80 41879
80 42144
80 42187
80 42263
80 42880
80 42987
80 43187
80 43474
80 43643
80 43720
80 43750
80 43843
80 44475
80 44482
80 44876
80 44924
80 45346
80 45453
80 45819
80 45877
80 45954
80 46015
80 46214
80 46337
80 46460
80 46716
80 46939
80 47094
80 47099
80 47387
80 47926
80 47945
80 48538
80 48601
80 48658
80 48686
80 48804
80 48834
80 49188
80 49255
80 49278
80 50098
80 50200
80 50458
82 33
82 197
82 915
82 1166
82 1412
82 1524
82 1731
82 2066
82 2386
82 2541
82 2607
82 2712
82 2715
82 3004
82 3202
82 3289
82 3522
82 3689
82 3707
82 3747
82 4457
82 4819
82 5446
82 5465
82 5507
82 5632
82 5652
82 7156
82 8648
82 8778
82 9867
82 10364
82 10769
82 10955
82 11024
82 11919
82 11938
82 12347
82 12580
82 12657
82 12702
82 12763
69 128850
69 128984
69 129562
69 129929
69 129997
69 130039
69 130068
69 130205
69 130387
69 130420
69 131038
69 131068
69 131090
69 131145
69 131199
69 131478
69 131536
69 132157
69 132389
69 132571
69 132633
69 132928
69 133709
69 133843
69 133986
69 134125
69 134237
69 134258
69 134398
69 134881
69 135009
69 135040
69 135147
69 135163
69 135264
69 135364
69 136093
69 136106
69 136509
69 136598
69 136706
69 136973
69 136980
69 137000
69 137203
69 137617
69 137663
69 138041
69 138048
69 138070
69 138191
69 138300
69 138323
69 138417
69 138693
69 138746
69 138950
69 139042
69 139081
69 139179
69 139357
69 139692
69 139775
69 139853
69 140119
69 140463
69 140516
69 140612
69 140926
69 141009
69 141254
69 141309
69 141425
69 141565
69 141764
69 141873
69 141907
69 141972
69 142115
69 142194
69 142309
69 142378
69 142409
69 142710
69 142721
69 142784
69 143092
69 143166
69 143266
69 143547
69 143590
69 144018
69 144194
69 144313
69 144438
69 144488
69 144539
69 144789
69 145334
69 145466
69 145623
69 145678
69 145734
69 145922
69 146036
69 146128
69 146301
69 146660
69 146790
69 147170
69 147554
69 147637
69 147733
69 148101
69 148311
69 148767
69 149517
69 149601
69 149947
69 150006
69 150137
69 150150
69 150203
69 150235
69 150256
69 150310
69 150312
69 150352
69 150661
69 150909
69 151152
69 151284
69 151543
69 151636
69 152185
69 152515
69 152576
69 152820
69 153065
69 153259
69 153288
69 153431
69 153618
69 153863
69 153923
69 179782
69 180082
69 180130
69 180228
69 180797
69 180869
69 181067
69 181352
69 181681
69 181876
69 181882
69 181966
69 182103
69 182397
69 182528
69 182758
69 182898
69 183163
69 183280
69 183307
69 183331
69 183557
69 183742
69 184339
69 184505
69 184936
69 185473
69 185768
69 185991
69 185997
69 186176
69 186246
69 186338
69 186891
69 186955
69 186956
69 187084
69 187118
69 187190
69 187534
69 187581
69 187698
69 187795
69 187946
69 188037
69 188112
69 188205
69 188325
69 188471
69 188472
69 188837
69 188896
69 189039
69 189085
69 189183
69 189264
69 189303
69 189379
69 189458
69 189689
69 189765
69 190076
69 190244
69 190350
69 190359
69 190806
69 190876
69 190972
69 191312
69 191539
69 191894
69 192376
69 192618
69 192799
69 192805
69 192956
69 193088
69 193273
69 193312
69 193391
69 193861
69 194395
69 194406
69 194478
69 194625
69 194641
69 194850
69 194943
69 194955
69 195351
69 196079
69 196107
69 196904
69 196930
69 197018
69 197593
69 197597
69 197833
69 197889
69 198615
69 198809
69 198839
69 198880
69 198900
69 199333
69 199409
69 199436
69 199643
69 200013
69 200221
69 200230
69 200278
69 200603
69 201075
69 201300
69 201412
69 201496
69 201517
69 201711
69 201839
69 201975
69 202021
74 52380
74 52429
74 52481
74 52575
74 52752
74 52986
74 52990
74 53521
74 53548
74 53722
74 54033
74 54362
74 54486
74 54537
74 54586
74 54653
74 55583
74 55751
74 55847
74 56513
74 56955
74 57179
74 57233
74 57282
74 58087
74 58212
74 58710
74 59046
74 59470
74 59559
74 59580
74 59642
74 59719
74 59790
74 59968
74 60164
74 60328
74 60368
74 60396
74 60838
74 61057
74 61991
74 62864
74 62981
74 63182
74 63301
74 63415
74 63624
74 64024
74 64395
74 64637
74 64952
74 64957
74 65257
76 26004
76 26450
76 26492
76 26734
76 27001
76 27189
76 27374
76 27792
76 27810
76 28005
76 28012
76 28152
76 28303
76 28376
76 28563
76 28830
76 28893
76 29358
76 29421
76 30408
76 30656
76 30658
76 30932
76 31376
76 31505
76 31697
76 32179
76 32329
76 32338
76 32509
76 32519
76 32544
76 32615
76 32787
76 32830
76 33173
76 33280
76 33486
76 33693
76 33766
76 33913
76 34037
76 34173
76 34232
76 34779
76 34947
76 35350
76 35479
76 35522
76 35544
76 36095
76 36435
76 36745
76 36833
76 36919
76 36998
76 37040
76 37271
76 37542
76 37760
76 38001
76 39306
76 39816
76 40382
76 40454
76 40476
76 40659
76 41134
76 41165
76 41310
76 41312
76 41355
76 41519
76 42052
76 42079
76 42095
76 42308
76 42407
76 42519
76 42816
76 43114
76 43191
76 43264
76 43374
76 43486
76 43989
76 44202
76 44274
76 44587
76 45288
76 45384
76 45416
76 45533
76 45676
76 45950
76 46140
76 46352
76 46802
76 47221
76 47580
76 47689
76 47761
76 47880
76 48321
76 48331
76 48356
76 48589
76 48779
76 49045
76 49086
76 49382
76 49490
76 49990
76 50376
76 50445
76 50458
76 50561
76 50731
76 50736
76 50824
76 51345
76 51419
76 51608
77 52061
77 52831
77 53673
77 53721
77 53772
77 54225
77 54541
77 54923
77 55786
77 55901
77 55904
77 55971
77 55988
77 56476
77 56692
77 56731
77 56812
77 57097
77 57185
77 57346
77 57597
77 57778
77 57800
77 57891
77 57910
77 57976
77 58263
77 58314
77 58344
77 58402
77 58415
77 59552
77 59600
77 59750
77 59880
77 59935
77 60020
77 60079
77 60392
77 60473
77 60518
77 60993
77 61468
77 61541
77 61932
77 61973
77 62709
77 62753
77 62810
77 62848
77 62855
77 62986
77 63023
77 63101
77 63122
77 63546
77 63687
77 63736
77 63876
77 63992
77 64115
77 64324
77 64514
77 64601
78 102582
78 103714
78 103890
78 103929
78 103976
78 104011
78 104089
78 104156
78 104379
78 104745
78 104934
78 105289
78 105414
78 105675
78 105707
78 105748
78 106356
78 106538
78 106649
78 106758
78 106781
78 106847
78 107196
78 107521
78 107817
78 107957
78 108210
78 108548
78 108853
78 108892
78 109058
78 109146
78 109251
78 109510
78 109620
78 109912
78 109939
78 110075
78 110424
78 110554
78 110723
78 110829
78 111117
78 111614
78 111616
78 111719
78 111729
78 112491
78 112904
78 112909
78 112950
78 113029
78 113421
78 114078
78 114179
78 114180
78 114558
78 115029
78 115056
78 115124
78 115165
76 103573
76 103648
76 103687
76 103800
76 103865
76 104006
76 104193
76 104240
76 104483
76 104542
76 104576
76 104938
76 105289
76 105536
76 105810
76 106392
76 106515
76 106929
76 107063
76 107295
76 107469
76 107582
76 107996
76 108012
76 108150
76 108322
76 108689
76 108792
76 109525
76 109829
76 110249
76 110277
76 110576
76 110813
76 110935
76 111095
76 111296
76 111447
76 111705
76 111733
76 111905
76 111952
76 111991
76 112405
76 112583
76 112621
76 112675
76 112913
76 112964
76 112974
76 113266
76 113447
76 113534
76 113691
76 113930
76 114013
76 114141
76 114214
76 114477
76 114844
76 114966
76 114992
76 115092
76 115216
76 115262
76 115288
76 115581
76 115587
76 115599
76 116008
81 50977
81 51204
81 51270
81 51315
81 51420
81 52097
81 52695
81 52776
81 53964
81 54029
81 54345
81 54434
81 54487
81 54593
81 54752
81 54883
81 55435
81 55963
81 56116
81 56330
81 56761
81 56981
81 57340
81 57543
81 57882
81 58227
81 58299
81 58325
81 58509
81 58921
81 59285
81 60075
81 60089
81 60155
81 60369
81 60385
81 60533
81 60714
81 61187
81 61288
81 61781
81 62457
81 62715
81 63325
81 63349
81 63400
76 51681
76 52098
76 52163
76 52183
76 52209
76 52270
76 52400
76 52739
76 52771
76 52920
76 53126
76 53680
76 53771
76 53797
76 54847
76 54906
76 55781
76 55895
76 56197
76 56294
76 56825
76 57247
76 57276
76 57413
76 57698
76 57760
76 57907
76 57998
76 58113
76 58147
76 58251
76 58265
76 58762
76 59073
76 59134
76 59414
76 59736
76 59809
76 59819
76 59837
76 59919
76 60184
76 60424
76 60889
76 61321
76 61604
76 61617
76 61766
76 61799
76 61873
76 62035
76 62166
76 62915
76 62924
76 63046
76 63578
76 63610
76 63720
76 63899
76 63922
76 63971
76 64202
76 64230
76 64335
82 12839
82 13302
82 13524
82 13675
82 13827
82 14297
82 14795
82 14823
82 15054
82 15061
82 15564
82 15973
82 15992
82 16024
82 16236
82 16713
82 17052
82 17119
82 17151
82 17448
82 17959
82 18740
82 18839
82 19121
82 19265
82 19340
82 19351
82 19751
82 19887
82 20174
82 20517
82 20522
82 20628
82 20650
82 20993
82 21666
82 21934
82 22133
82 22140
82 22241
82 22336
82 23066
82 23116
82 23632
82 24064
82 24206
82 24298
82 24947
82 24964
82 25058
82 25217
82 25475
78 25744
78 25751
78 25991
78 26205
78 26534
78 26558
78 26746
78 26771
78 26940
78 27403
78 27479
78 27941
78 29052
78 29629
78 29687
78 29971
78 30017
78 30061
78 30114
78 30148
78 30288
78 30411
78 30423
78 30522
78 30592
78 30825
78 30948
78 30994
78 31408
78 31980
78 32520
78 32643
78 32775
78 33355
78 34647
78 35136
78 35303
78 35567
78 35622
78 35721
78 37024
78 37207
78 37948
78 38024
78 38195
78 38798
78 39016
78 39053
78 39295
78 39336
78 39347
78 39417
78 40355
78 40406
78 41466
78 41840
78 41860
78 41956
78 42112
78 42482
78 42489
78 42980
78 43107
78 43140
78 43349
78 43665
78 44416
78 44604
78 44759
78 44851
78 45075
78 45386
78 45415
78 45510
78 45609
78 45705
78 45728
78 45731
78 45737
78 46335
78 46380
78 46441
78 46705
78 46808
78 46837
78 46942
78 46989
78 47196
78 47268
78 47350
78 47543
78 47730
78 47996
78 48013
78 48078
78 48098
78 48335
78 48468
78 48479
78 48849
78 48877
78 49272
78 49365
78 49375
78 49405
78 49408
78 49438
78 49763
78 50198
78 50349
78 50432
78 50655
78 50759
78 50955
78 50985
78 51090
78 51125
80 51102
80 51125
80 51187
80 51212
80 51373
80 51385
80 52059
80 52094
80 52219
80 52564
80 53149
80 53274
80 53386
80 53760
80 53838
80 54076
80 54346
80 54366
80 54603
80 54807
80 54886
80 55267
80 55304
80 55406
80 56038
80 56219
80 57070
80 57352
80 57450
80 57566
80 57590
80 57660
80 57710
80 58425
80 58443
80 58477
80 58511
80 58686
80 58769
80 58825
80 59078
80 59408
80 59662
80 59842
80 61009
80 62386
80 62493
80 63008
80 63685
80 64086
80 64099
80 64200
80 64375
80 65178
80 65353
80 65529
80 66008
80 67050
80 67184
80 67303
80 67415
80 67523
78 51441
78 51472
78 51811
78 52054
78 52791
78 52827
78 53002
78 53182
78 53365
78 53511
78 53741
78 53964
78 54358
78 54393
78 54658
78 54874
78 54887
78 54982
78 55070
78 55777
78 55797
78 55858
78 56052
78 56156
78 56251
78 56450
78 56812
78 56863
78 57444
78 57660
78 57684
78 57718
78 58307
78 58476
78 58922
78 59672
78 59957
78 60275
78 60417
78 60545
78 60738
78 60951
78 60990
78 61027
78 61059
78 61130
78 61245
78 61678
78 61689
78 61855
78 61925
78 62009
78 62810
78 63083
78 63371
78 63437
78 63468
78 63668
78 63784
78 63916
76 64669
76 64683
76 65399
76 65535
76 65576
76 66170
76 66409
76 66583
76 66858
76 67033
76 67035
76 67395
76 67607
76 67808
76 68139
76 68260
76 69059
76 69621
76 69805
76 70877
76 71432
76 71764
76 71788
76 71861
76 71953
76 72290
76 72778
76 73154
76 73349
76 73466
76 73470
76 73744
76 73873
76 73988
76 74075
76 74248
76 74433
76 75341
76 75663
76 75681
76 75886
76 75944
76 76245
76 76325
76 76686
76 76888
76 77286
82 25760
82 25827
82 26006
82 26095
82 26184
82 26255
82 26371
82 26383
82 26629
82 26689
82 27276
82 27616
82 27886
82 28200
82 28246
82 28251
82 28389
82 28422
82 28782
82 28831
82 29020
82 29194
82 29311
82 29484
82 29729
82 29790
82 29930
82 30242
82 30644
82 30649
82 30803
82 31234
82 31302
82 31670
82 31739
82 31843
82 32218
82 32455
82 32517
82 32645
82 33032
82 33054
82 33073
82 33333
82 33719
82 33972
82 34087
82 34223
82 34439
82 34471
82 34517
82 35003
82 35146
82 35153
82 35674
82 36423
82 36646
82 36855
82 36996
82 37480
82 37614
82 37873
82 37958
82 38151
82 38387
82 38392
77 64993
77 65603
77 65672
77 66023
77 66462
77 66667
77 67076
77 67614
77 67724
77 68853
77 68921
77 69175
77 69232
77 69268
77 69910
77 70207
77 70510
77 71672
77 71849
77 71996
77 72118
77 72561
77 72597
77 72724
77 72772
77 72919
77 73241
77 73305
77 73722
77 74622
77 74726
77 75485
77 75557
77 75984
77 76166
77 76246
77 76265
77 76330
77 76368
77 76449
77 76786
77 77726
78 115325
78 115848
78 115928
78 115933
78 116126
78 116166
78 116440
78 116651
78 116862
78 116990
78 117316
78 117406
78 117784
78 117812
78 117889
78 118308
78 118916
78 118954
78 119571
78 119876
78 120219
78 120410
78 120568
78 120633
78 120971
78 121145
78 121150
78 121198
78 121203
78 121462
78 121628
78 121661
78 121682
78 121807
78 122175
78 122187
78 122205
78 122334
78 122471
78 122644
78 122672
78 122822
78 122866
78 122888
78 123132
78 123410
78 123604
78 124004
78 124013
78 124454
78 124598
78 124626
78 124651
78 124745
78 124976
78 125143
78 125206
78 125271
78 125527
78 125554
78 125555
78 125602
78 125673
78 125833
76 116534
76 116896
76 117097
76 117264
76 117274
76 117348
76 117435
76 117437
76 117516
76 117662
76 117857
76 117879
76 117937
76 118014
76 118128
76 118301
76 118341
76 118347
76 118819
76 118833
76 118966
76 118967
76 119012
76 119320
76 119505
76 119515
76 119569
76 119717
76 120004
76 120474
76 121028
76 121434
76 121665
76 121702
76 121705
76 121788
76 121809
76 121984
76 122172
76 122660
76 123093
76 123320
76 123585
76 123625
76 124220
76 124353
76 124514
76 124819
76 124864
76 125322
76 125749
76 126057
76 126132
76 126309
76 126414
76 126434
76 126629
76 126664
76 126912
76 127457
76 127589
78 64194
78 64703
78 64899
78 65067
78 65323
78 65487
78 65606
78 65649
78 66062
78 67182
78 67295
78 67314
78 67664
78 68611
78 68615
78 68840
78 69015
78 69244
78 69510
78 69829
78 69977
78 70364
78 70546
78 70647
78 71347
78 71395
78 72081
78 72137
78 72194
78 72510
78 72732
78 73153
78 73538
78 73664
78 73747
78 73836
78 73859
78 74073
78 74571
78 74763
78 75561
78 75914
78 76333
78 76436
78 76442
78 76604
81 63608
81 63646
81 63665
81 63786
81 64398
81 64576
81 64756
81 64829
81 64964
81 65066
81 65070
81 65334
81 65350
81 65607
81 65611
81 65844
81 65967
81 66166
81 66172
81 66267
81 66282
81 66313
81 67119
81 67475
81 67620
81 67984
81 68390
81 68594
81 68752
81 68863
81 69052
81 69524
81 69831
81 70025
81 70113
81 70580
81 70673
81 71131
81 71315
81 71326
81 71517
81 71681
81 71814
81 72000
81 72228
81 72254
81 72661
81 73163
81 73239
81 73589
81 73603
81 73766
81 74879
81 75008
81 75315
81 75511
81 75553
81 75954
81 76008
81 76071
81 76122
81 76479
81 76636
81 76649
81 76885
82 39120
82 39378
82 39436
82 39537
82 39616
82 39633
82 39751
82 39773
82 39858
82 40073
82 40147
82 40233
82 40241
82 40334
82 40473
82 40648
82 41008
82 41142
82 41562
82 41882
82 42140
82 42418
82 42853
82 42939
82 43637
82 44138
82 44431
82 44454
82 44642
82 45032
82 45109
82 45136
82 45945
82 45984
82 46177
82 46207
82 46343
82 46572
82 46877
82 46903
82 47049
82 47180
82 47712
82 47830
82 48299
82 48313
82 48556
82 48754
82 48781
82 48872
82 48918
82 49141
82 49997
82 50260
82 50531
82 50571
82 50634
82 50797
82 50814
82 50838
82 51597
82 51641
82 52083
82 52131
82 52214
82 52286
82 52301
82 53030
82 53180
82 54234
82 54265
82 54323
82 54344
82 54602
82 54871
82 54982
82 55076
82 55288
82 55704
82 56690
82 57017
82 57215
82 57292
82 57419
82 57629
82 57864
82 57976
82 58262
82 58265
82 58342
82 59144
82 59287
82 59358
82 59779
82 59948
82 60207
82 60214
82 60292
82 60603
77 104229
77 104559
77 104852
77 105004
77 105057
77 105527
77 105823
77 106037
77 106080
77 106219
77 107099
77 107286
77 107293
77 107565
77 107975
77 108113
77 108424
77 108486
77 109445
77 109719
77 109798
77 109854
77 109885
77 110103
77 110106
77 110117
77 110119
77 110348
77 110664
77 110868
77 110964
77 111330
77 111335
77 111361
80 101849
80 101899
80 102026
80 102110
80 102190
80 102600
80 102940
80 103149
80 103683
80 103727
80 103733
80 103955
80 103994
80 104483
80 104509
80 104554
80 104866
80 105584
80 105791
80 106101
80 106110
80 106244
80 106603
80 107003
80 107101
80 107179
80 107348
80 107484
80 107605
80 107694
80 107838
80 108016
80 108115
80 108156
80 108245
80 108270
80 108460
80 108462
80 108561
80 108578
80 108820
80 108881
80 109112
80 109409
80 109866
80 109926
80 109951
80 110247
80 110394
80 110636
80 110784
80 110893
80 111225
80 111265
80 111294
80 111593
80 111628
80 111799
80 112023
80 112039
80 112190
80 112248
80 112302
77 78577
77 78988
77 79065
77 79110
77 79268
77 79270
77 79335
77 79719
77 79878
77 80127
77 80319
77 80603
77 80960
77 81272
77 81471
77 81897
77 82308
77 82584
77 82956
77 83213
77 83366
77 83536
77 83595
77 83697
77 83757
77 83823
77 84202
77 84978
77 85090
77 85179
77 85198
77 85948
77 86188
77 86595
77 87185
77 87275
77 87694
77 87980
77 88019
77 88054
77 88389
77 88467
77 88490
77 88632
77 88648
77 88654
77 88916
77 89010
77 89210
77 89251
77 89431
77 89504
77 89536
77 89581
77 89731
77 89899
77 90488
77 90531
77 90995
77 91111
77 91388
77 91417
77 91992
77 92230
77 92369
77 92406
77 92528
77 92535
77 92974
77 93601
77 93835
77 94086
77 94111
77 94128
77 94939
77 95154
77 95405
77 95586
77 96732
77 96793
77 96877
77 97195
77 97289
77 97564
77 97580
77 98360
77 98643
77 98818
77 98965
77 99812
77 99963
77 100102
77 100317
77 100412
77 100569
77 100858
77 100993
77 101299
77 101432
77 101511
77 101693
77 102504
77 102518
77 102524
77 102539
77 102570
77 102714
77 102719
77 103001
77 103218
77 103369
77 103396
77 103553
77 103586
77 103598
77 103636
77 103800
80 84879
80 84892
80 85020
80 85299
80 85570
80 86184
80 86400
80 86407
80 86430
80 86667
80 86836
80 86923
80 87113
80 87167
80 87369
80 87501
80 87569
80 87663
80 87772
80 88090
80 88445
80 88571
80 89134
80 89425
80 89905
80 90165
80 90269
80 90890
80 90976
80 91414
80 91463
80 91794
80 91820
80 91834
80 92191
80 92286
80 92549
80 92997
80 93401
80 93487
80 93773
80 94065
80 94117
80 94327
80 94597
80 95040
80 95908
80 95932
80 95963
80 96042
80 96212
80 96464
80 96869
80 97075
80 97763
80 98180
80 98193
80 98223
80 98362
80 98575
80 98649
80 98675
80 99108
80 99481
80 99490
80 99795
80 100193
80 100222
80 100408
80 100437
80 100571
80 100950
80 100998
80 101339
80 67867
80 67885
80 68011
80 68770
80 69398
80 69653
80 69863
80 69901
80 70028
80 70075
80 70200
80 70309
80 71203
80 71519
80 71571
80 72698
80 73364
80 73482
80 73746
80 74223
80 74521
80 74555
80 75021
80 75045
80 75359
80 75647
80 75706
80 75928
80 75977
80 76047
80 77269
80 77631
80 78541
80 78802
80 78803
80 78813
80 78904
80 79074
80 79396
80 79400
80 79843
80 79853
80 79958
80 80702
80 81312
80 81640
80 81885
80 82311
80 82455
80 82630
80 82800
80 83015
80 83028
80 83060
80 83307
80 83420
80 83546
80 83560
80 83570
80 83576
80 83785
80 83907
80 84307
