67 89082
67 90193
67 91839
67 92313
67 92558
67 93161
67 93774
67 94393
67 94615
67 94936
67 95820
67 97774
67 98166
67 98179
67 98489
67 99169
67 99263
66 1810
66 1840
66 5186
66 6056
66 6260
66 6655
66 8953
66 10123
66 11934
67 76339
67 76934
67 77386
67 78911
67 79979
67 82168
67 82171
67 83213
67 84470
67 84796
67 85351
67 86164
67 86469
67 86573
67 87524
67 87697
69 154223
69 155301
69 157223
69 158094
69 161160
69 163883
69 164352
69 165393
69 166884
69 170952
69 172666
69 174667
69 176116
69 177149
69 177605
69 178280
69 179233
69 179259
69 179508
69 179733
77 464
77 1734
77 1738
77 2151
77 2817
77 4605
77 6382
77 6546
77 13373
77 13701
77 14365
77 14849
77 15297
77 15716
77 15747
77 17938
77 19777
77 21593
77 21853
77 24475
77 24484
77 25092
77 25108
79 1755
79 2867
79 2947
79 4222
79 7922
79 9601
79 9654
79 10238
79 10430
79 10560
79 10999
79 12732
79 13084
79 13158
79 13643
79 14558
79 17709
79 18281
79 19436
79 19489
79 20478
79 20585
79 20901
79 21159
79 21998
79 23874
79 25144
69 31
69 223
69 743
69 1558
69 2143
69 3192
69 4776
69 5492
69 5741
69 8938
69 9759
69 12296
69 16009
69 17237
69 18005
69 18036
69 18567
69 19330
69 19622
69 21491
69 22471
69 23272
69 25070
69 103020
69 104405
69 105955
69 106268
69 107109
69 107626
69 108433
69 108548
69 108640
69 108767
69 108954
69 109704
69 110022
69 110521
69 110647
69 112020
69 112065
69 114356
69 114532
69 115476
69 117876
69 118130
69 119245
69 119530
69 121766
69 121811
69 122564
69 122923
69 123214
69 124737
69 126714
69 126894
69 127368
69 127494
69 128139
69 128302
69 128334
75 2023
75 2581
75 3369
75 4371
75 4763
75 4894
75 5597
75 6749
75 6990
75 7540
75 8782
75 8826
75 12006
75 12186
75 13347
75 13559
75 13661
75 13826
75 14865
75 15879
75 17506
75 17774
75 18293
75 18532
75 18572
75 20598
75 21503
75 21557
75 22077
75 22404
75 23909
75 25601
67 51669
67 53404
67 54050
67 55067
67 55438
67 56395
67 56700
67 57904
67 58235
67 58732
67 59095
67 59442
67 59551
67 59678
67 59940
67 60273
67 61428
67 61615
67 62044
67 62109
67 62561
67 62952
66 14235
66 15002
66 15424
66 17179
66 19095
66 20805
66 22862
66 24551
66 24604
66 24660
66 24988
66 25093
66 25478
67 68
67 301
67 368
67 2880
67 3996
67 4039
67 4090
67 4528
67 4950
67 6019
67 9159
67 13480
67 14373
67 14995
67 15476
67 15513
67 15836
67 16913
67 17876
67 17890
67 21698
67 23871
67 24573
67 25227
67 64049
67 64666
67 65656
67 65699
67 65789
67 65937
67 66223
67 66956
67 67154
67 67555
67 67619
67 68417
67 69379
67 70513
67 71633
67 73696
67 74553
67 74565
67 75123
67 75564
71 465
71 817
71 1769
71 2590
71 3562
71 4404
71 5052
71 5736
71 9401
71 9535
71 11321
71 11962
71 13124
71 13533
71 14508
71 15494
71 16721
71 16810
71 17244
71 17890
71 18011
71 18194
71 19219
71 21024
71 22198
71 22812
71 23308
71 23438
71 24007
71 24773
71 25943
71 29257
71 29985
71 35333
71 37496
71 37823
71 38512
71 38948
71 39294
77 27191
77 29998
77 32096
77 32188
77 32832
77 32980
77 33414
77 33621
77 35964
79 26118
79 26159
79 28284
79 29321
79 29344
79 29560
79 29638
79 29671
79 30462
79 30555
79 34006
79 35639
79 36280
70 255
70 2060
70 3679
70 5145
70 9554
70 10267
70 11079
70 13577
70 15964
70 16378
70 17895
70 19091
70 19219
70 20129
70 21068
70 21576
70 21821
70 22231
70 24377
70 26147
70 27389
70 29429
70 29491
70 29701
70 29807
70 30940
70 34804
70 34988
66 26256
66 26459
66 27359
66 28604
66 29723
66 30978
66 31370
66 32489
66 32840
66 33517
66 34618
66 35334
66 35834
66 36408
66 36738
66 36964
69 180419
69 180453
69 181261
69 182842
69 185893
69 186094
69 188195
69 188313
69 189781
69 190604
69 190907
69 191813
69 192451
69 192890
69 193225
69 193602
69 194683
69 195081
69 195556
69 200567
69 200778
69 201261
69 202053
77 39794
77 41418
77 42718
77 42895
77 43208
77 43949
77 45814
77 47585
77 48856
77 49700
77 49810
77 51330
77 51612
69 25763
69 26146
69 29638
69 29904
69 30099
69 30869
69 31181
69 31594
69 33195
69 33323
69 33452
69 33791
69 34595
69 36681
69 38362
69 38877
69 41475
69 41643
69 41682
69 42883
69 44126
69 44624
69 44968
69 45282
69 46504
69 46515
69 46595
69 46602
69 46746
69 50940
79 39968
79 41397
79 42452
79 42506
79 42728
79 42800
79 43463
79 43666
79 45174
79 45227
79 47487
79 48199
79 49306
79 49399
79 49518
79 49752
79 50289
75 26750
75 27391
75 27719
75 28204
75 31301
75 32718
75 32825
75 33885
75 35362
75 35775
75 37839
75 40414
75 42111
75 42166
75 42231
75 42880
75 43105
75 43516
75 45033
75 45618
75 46666
75 47619
75 48896
75 48959
75 49264
75 49700
75 49861
75 50367
75 50588
70 131227
70 131252
70 131831
70 133965
70 134228
70 134651
70 134792
70 135472
70 136013
70 136814
70 137169
70 138098
70 142584
70 143265
70 144924
70 145534
70 146787
70 148537
70 148805
70 151225
70 151538
70 151957
70 153251
70 153350
69 129700
69 130123
69 130631
69 132992
69 133123
69 134514
69 134572
69 134603
69 135195
69 137642
69 137740
69 137744
69 138145
69 139333
69 141776
69 142286
69 142321
69 143359
69 144742
69 145552
69 146478
69 149652
69 149914
69 150601
67 25691
67 26068
67 26846
67 27108
67 27347
67 27368
67 28711
67 29346
67 29582
67 31083
67 32043
67 32282
67 32706
67 32796
67 33372
67 34399
67 35107
67 35985
67 36141
67 36148
67 37653
67 37859
67 38339
67 39765
67 42095
67 43140
67 43248
67 43359
67 45088
67 45594
67 45915
67 46211
67 46250
67 46722
67 48704
67 49016
67 50188
73 260
73 6314
73 6856
73 6927
73 7028
73 8927
73 9919
73 12426
73 13625
73 13847
73 14805
73 15045
73 15393
73 15870
73 16065
73 16434
73 16961
73 17085
73 18806
73 19266
73 20783
73 20799
73 22537
73 23302
73 23314
73 23883
73 24996
71 40532
71 41849
71 43113
71 43855
71 44544
71 45234
71 46885
71 46906
71 47190
71 48153
71 48717
71 48747
71 49348
71 50248
71 50332
71 51459
71 51951
71 53121
71 54005
71 55611
71 55908
71 55980
71 56021
71 58785
71 58918
71 59597
71 61390
71 63136
71 63565
71 64039
71 64151
71 64701
71 65528
77 54115
77 54520
77 55061
77 56585
77 57689
77 59396
77 59619
77 60116
77 61710
77 64198
79 55561
79 56915
79 58712
79 59565
79 59915
79 61853
79 62168
79 63061
79 63525
75 52536
75 52916
75 53768
75 55157
75 55783
75 55870
75 56177
75 56548
75 56804
75 57158
75 58535
75 60045
75 61924
75 62318
75 62565
75 63734
75 64664
81 356
81 766
81 1757
81 1812
81 5044
81 5353
81 6325
81 6429
81 6695
81 6941
81 7571
81 7685
81 7813
81 7925
81 7927
81 11287
81 11659
81 12106
76 583
76 1004
76 1393
76 3457
76 4828
76 5815
76 8157
76 10348
76 11094
76 11172
76 11589
76 13086
76 15073
76 16447
76 16924
76 17380
76 19730
76 19919
76 21393
76 22596
76 23229
76 24893
76 25059
76 25327
76 25721
78 236
78 878
78 1171
78 1311
78 1697
78 2946
78 3160
78 4301
78 4470
78 5074
78 6972
78 7295
78 7984
78 9532
78 12399
78 14798
78 16997
78 18281
78 19538
78 21533
78 21996
78 23073
78 24670
69 52149
69 52429
69 55377
69 55592
69 56210
69 56927
69 57374
69 57742
69 58425
69 59876
69 60606
69 62866
69 63441
69 65053
69 66648
69 67388
69 67460
69 68068
69 68328
69 69099
69 72174
69 73084
69 73937
69 74934
69 75804
69 75811
69 76883
69 76981
77 64912
77 65449
77 65830
77 66879
77 67512
77 67655
77 68557
77 69247
77 70179
77 70288
77 71279
77 71577
77 72399
77 72774
77 72798
77 76356
77 76504
77 77612
79 63651
79 64014
79 64719
79 66683
79 68312
79 69147
79 69357
79 70682
79 70871
79 70910
79 72686
79 74007
79 74032
79 74254
79 74522
79 75097
79 75928
70 39015
70 39634
70 40380
70 42142
70 42669
70 42876
70 43546
70 44681
70 45406
70 46534
70 47430
70 48123
70 48581
70 50444
70 51289
70 54105
70 54542
70 55470
70 56340
70 56758
70 56815
70 57688
70 58501
70 58703
70 58772
70 58806
70 60238
70 60518
70 60932
70 62427
70 62958
70 63412
70 63413
70 64478
70 66401
70 66774
70 67307
70 69068
70 69685
70 70360
70 70692
70 70965
70 71979
70 73418
70 73738
70 73975
70 76422
70 155308
70 156389
70 158938
70 158980
70 160384
70 160472
70 162521
70 162970
70 163315
70 164586
70 164736
70 165079
70 165672
70 167178
70 169836
70 170295
70 171023
70 171494
70 172892
70 172979
70 174652
70 175276
70 177398
70 179820
81 12911
81 14333
81 18026
81 20431
81 21259
81 21925
81 22057
81 22890
81 23117
81 23435
81 24915
81 25008
75 65749
75 65792
75 66188
75 67380
75 68410
75 68740
75 69962
75 69971
75 71023
75 72878
75 74247
75 74753
75 75589
75 75673
75 76059
75 76294
73 26441
73 27213
73 29084
73 29637
73 29883
73 30434
73 31706
73 32124
73 32335
73 33135
73 34647
73 36946
73 37562
73 37779
73 39551
73 39563
73 40740
73 41128
73 41703
73 42115
73 43376
73 43451
73 44909
73 45341
73 45359
73 46527
73 48241
73 48354
73 48753
73 50373
71 66471
71 67747
71 69080
71 71328
71 71367
71 72030
71 72200
71 72632
71 73252
71 74055
71 75210
71 75242
71 75334
71 75899
71 78967
71 79402
71 80681
71 80770
71 81417
71 81900
71 82310
71 83522
71 85098
71 85204
71 86725
71 87992
71 89617
71 89619
77 78865
77 79511
77 79635
77 79993
77 80469
77 80548
77 81898
77 82724
77 84060
77 88863
77 89224
77 90086
79 78182
79 78561
79 78650
79 80272
79 81571
79 82422
79 83396
79 83566
79 83621
79 84415
79 84527
79 86692
79 88412
79 88981
81 26362
81 26824
81 28501
81 29170
81 31010
81 31024
81 32056
81 35241
81 35905
81 36188
81 36687
81 37953
81 38073
76 27367
76 31374
76 31662
76 32038
76 32153
76 32322
76 32516
76 35855
76 37294
76 37962
76 38299
76 38678
76 39077
76 39853
76 40165
76 40301
76 40539
76 41037
76 41693
76 41747
76 41827
76 42105
76 42792
76 43259
76 43888
76 44123
76 45327
76 45547
76 47917
76 50335
75 80093
75 83277
75 84551
75 86540
75 87481
75 87962
75 88168
75 88578
75 89532
75 89858
75 91089
75 91314
75 91316
75 91540
72 1559
72 2395
72 2571
72 3423
72 3599
72 4770
72 5013
72 5328
72 5402
72 6083
72 7203
72 8350
72 11982
72 12043
72 12557
72 13242
72 13273
72 15254
72 15611
72 15737
72 15913
72 15972
72 16452
72 17352
72 17423
72 18717
72 20508
72 20605
72 20781
72 21385
72 24723
72 30337
72 30464
72 32147
72 33148
72 33802
72 34341
72 35935
72 37854
72 38953
73 52974
73 53493
73 53685
73 53831
73 53916
73 54616
73 57194
73 57742
73 58227
73 59558
73 60447
73 61059
73 62612
73 62819
73 63182
73 63264
78 26749
78 27932
78 28428
78 28505
78 29959
78 30165
78 30320
78 30978
78 31541
78 31936
78 33280
78 33978
78 36049
78 36051
78 36103
78 37719
78 38676
78 40225
78 41382
78 41556
78 41777
78 42988
78 43043
78 43565
78 43934
78 43987
78 44765
78 45055
78 46359
78 47046
78 47598
78 49259
78 50056
69 77425
69 78548
69 78599
69 78812
69 80490
69 80838
69 81175
69 82191
69 85596
69 86192
69 87610
69 88404
69 88939
69 91179
69 91983
69 93474
69 94234
69 94392
69 94756
69 95164
69 97256
69 99750
69 100777
69 100798
69 102443
77 91614
77 91821
77 94089
77 94188
77 94454
77 95730
77 95764
77 97310
77 97489
77 97855
77 99220
77 99471
77 100618
77 102495
77 102713
77 103497
77 103669
79 89273
79 90751
79 91226
79 92902
79 93760
79 94323
79 94614
79 94914
79 96446
79 96496
79 96814
79 98501
79 98999
79 99144
79 99646
79 101469
79 101649
81 38621
81 40727
81 41303
81 41317
81 41988
81 43534
81 43841
81 44518
81 46125
81 46513
81 47844
81 48018
81 48493
81 49292
81 49915
70 180492
70 183998
70 184364
70 184601
70 185051
70 185615
70 186200
70 186863
70 187271
70 187861
70 188431
70 189942
70 191851
70 193822
70 194329
70 195935
70 196079
70 196686
70 196699
70 197662
70 198110
70 198449
70 199025
70 201099
70 201356
70 202480
70 203392
70 203597
70 204848
70 205441
70 205473
76 53548
76 54403
76 54811
76 56185
76 58300
76 59254
76 59960
76 61027
76 61549
76 62961
76 63616
76 64200
70 77868
70 78303
70 79330
70 79503
70 79509
70 81910
70 81919
70 82456
70 82876
70 83364
70 85156
70 86894
70 87464
70 87585
70 88070
70 88453
70 88577
70 88744
70 89165
70 92174
70 92498
70 92563
70 93197
70 93734
70 94827
70 95610
70 96480
70 96916
70 97198
70 97235
70 98893
70 99050
70 99224
70 99432
70 100609
70 101145
70 101758
75 92825
75 94921
75 95200
75 95324
75 95443
75 96094
75 96846
75 97883
75 97961
75 98618
75 99651
75 99722
75 99857
75 99881
75 100638
75 101796
75 102250
75 102646
75 103211
75 104084
73 70467
73 71326
73 73068
73 73239
73 77145
77 104025
77 104506
77 106160
77 107551
77 108153
77 109095
77 109899
78 51326
78 51903
78 53059
78 54421
78 55688
78 56435
78 59412
78 60410
78 60611
78 60748
78 61304
78 61570
78 62432
78 62787
78 63814
79 102287
79 102845
79 103153
79 105371
79 106308
79 107757
79 108483
79 108863
79 110000
79 110020
79 111051
71 92174
71 92966
71 95370
71 97293
71 97537
71 97623
71 98151
71 99709
71 99835
71 100434
71 104062
71 106487
71 107598
71 114456
71 116016
71 117064
81 51115
81 51752
81 52707
81 52821
81 53616
81 54011
81 54215
81 54249
81 54788
81 55290
81 55478
81 58269
81 58594
81 61157
81 61700
81 62617
81 63050
76 64597
76 65483
76 66350
76 66564
76 67642
76 69309
76 71235
76 72170
76 72776
76 73047
76 73421
76 74053
76 74525
76 74575
76 74579
76 75893
76 76049
76 76693
75 104821
75 105784
75 108683
75 108816
75 109284
75 109416
75 112063
75 113445
75 114794
75 115257
75 116231
75 116794
75 116893
73 78822
73 79137
73 79865
73 84463
73 84932
73 86098
73 86640
73 87593
73 87644
73 87668
73 88977
73 89259
73 89262
73 89340
76 78272
76 78527
76 78686
76 80374
76 82688
76 83293
76 84295
76 84955
76 85843
76 87228
76 89034
76 89550
76 89840
76 89851
76 90103
78 64817
78 66368
78 66664
78 67483
78 68876
78 70970
78 71536
78 74147
78 76538
75 118912
75 119249
75 121905
70 208274
70 208728
70 210784
70 210976
70 211089
70 211250
70 211706
70 212605
70 212787
70 212862
70 213241
70 214456
70 217782
70 218548
70 218885
70 221284
70 221756
70 221811
70 223938
70 224274
70 224683
70 224739
74 1422
74 4199
74 4617
74 4728
74 5141
74 5410
74 5913
74 7023
74 11222
74 12198
74 13085
74 13864
74 13911
74 14361
74 15043
74 15424
74 15939
74 19531
74 20125
74 20665
74 21465
74 23371
74 23781
80 356
80 1038
80 7230
80 7662
80 7871
80 8557
80 9442
80 10082
80 10772
80 11101
80 13116
80 13254
80 13874
80 15098
80 15500
80 15655
80 16478
80 16755
81 63747
81 63800
81 64392
81 65945
81 66076
81 67954
81 68061
81 68885
81 69899
81 70225
81 73328
81 75456
76 103548
76 103596
76 104385
76 104475
76 105409
76 105956
76 109299
76 109351
76 109830
76 110484
76 111514
76 111611
76 113035
76 114452
76 114696
76 114941
76 115919
81 76367
81 77109
72 40081
72 40207
72 40328
72 40368
72 40787
72 40951
72 41453
72 44589
72 45703
72 46387
72 49760
72 50598
72 51826
72 52467
72 52629
72 53113
72 54950
72 57441
72 57900
72 58108
72 58350
72 58547
72 58689
72 58779
72 59400
72 59562
72 59621
72 60881
72 61205
72 61558
72 62996
72 63380
72 64040
72 64690
72 66322
72 67485
72 70181
72 70778
72 71053
72 73009
72 75423
72 75511
72 76245
72 76801
72 77787
73 91265
73 91806
73 91981
73 93074
73 93108
73 93202
73 94110
73 96066
73 96302
73 96979
73 97309
73 97745
73 99705
73 100582
73 100772
73 102567
73 102882
73 103438
70 102930
70 103270
70 104215
70 104389
70 105244
70 106187
70 106392
70 108766
70 109218
70 110545
70 114517
70 115207
70 115560
70 117947
70 118132
70 118354
70 118442
70 120390
70 120495
70 120736
70 121927
70 122529
70 123027
70 123136
70 123222
70 123940
70 124058
70 126424
70 126554
76 91056
76 91724
76 92386
76 93508
76 93694
76 96041
76 96202
76 96784
76 98458
76 99393
76 100213
76 103285
78 77073
78 77950
78 78458
78 79092
78 79337
78 80712
78 81596
78 81879
78 81916
78 82584
78 83050
78 83212
78 83369
78 84643
78 85352
78 86252
78 86722
78 87714
78 87754
78 88257
78 88654
78 88956
74 68502
74 69136
74 70789
74 71894
74 74672
74 26618
74 28286
74 28294
74 28750
74 28983
74 31130
74 33505
74 35412
74 36453
74 37577
71 118913
71 124243
71 124943
71 125515
71 127408
71 127807
71 130831
71 133348
71 133856
71 134063
71 135983
71 136146
71 136868
71 141497
71 143108
71 143779
80 50745
80 51258
80 51700
80 52416
80 53035
80 53757
80 56076
80 56660
80 57111
80 58048
80 61434
80 61728
80 62937
80 65098
76 117707
76 117921
76 118805
76 123061
76 124278
76 124661
76 126217
76 126333
76 126451
76 126584
76 126659
76 127171
82 1580
82 1605
82 2036
82 2517
82 2652
82 4990
82 5145
82 5417
82 6081
82 6773
82 6879
82 7380
82 8444
82 8525
82 8820
82 10988
82 12264
82 12758
73 119737
73 119859
73 120274
73 120890
73 121187
73 121200
73 121416
73 121980
73 122530
73 123619
73 104610
73 104935
73 105174
73 107218
73 107249
73 108680
73 110232
73 111349
73 111743
73 112488
73 114380
73 116421
80 17314
80 18902
80 19487
80 21588
80 21714
80 22322
80 22810
80 23613
80 25387
80 27170
80 28072
80 29203
80 29733
80 30453
80 31266
80 32393
80 32584
82 26375
82 27223
82 28184
82 28206
82 29590
82 30443
82 32062
82 32423
82 32436
82 35284
82 35657
82 36657
82 37590
78 89883
78 90439
78 92511
78 92883
78 93515
78 94075
78 95639
78 95749
78 97076
78 98544
78 98654
78 99158
78 100310
78 100988
74 79899
74 80420
74 81096
74 81855
74 83070
74 83122
74 84226
74 84631
74 84950
74 85555
74 86712
74 88597
74 89083
74 90056
74 91281
74 39279
74 39708
74 41912
74 42450
74 42906
74 43551
74 43868
74 48207
74 49097
74 49256
74 51261
82 13657
82 13828
82 13987
82 14029
82 14104
82 14146
82 16562
82 16597
82 16754
82 16864
82 21463
82 21941
82 22854
82 22892
82 23721
82 24289
82 24332
82 25420
74 54142
74 55944
74 57084
74 57892
74 58178
74 58731
74 59897
74 60465
74 61550
74 63126
74 63231
74 64763
74 65055
80 68795
80 69562
80 69860
80 72549
80 73496
80 75581
80 76267
80 76489
80 77113
80 77296
80 77646
80 79176
80 82170
80 83366
80 83756
82 38692
82 40297
82 41421
82 42748
82 42789
82 42817
82 45041
82 45868
82 46256
82 46488
82 46703
82 46802
82 47785
82 49426
82 50289
82 50353
82 50433
78 107949
78 109298
78 109827
78 110515
78 111105
78 113858
80 33969
80 34334
80 37526
80 38308
80 38565
80 41040
80 41971
80 42511
80 43395
80 44887
80 45325
80 47613
80 47616
80 48206
80 48429
80 48648
80 48933
80 50352
74 91773
74 92573
74 93171
74 93889
74 93926
74 95187
74 95726
74 100055
74 101800
74 102459
74 102697
74 103464
74 104003
74 104176
74 104370
74 105201
74 105641
74 105812
74 106367
74 107206
74 107601
74 107827
74 108341
74 109070
74 112310
74 112534
74 114335
74 114397
74 114999
74 115531
82 51420
82 51500
82 51811
82 52450
82 54557
82 58453
82 58984
82 59540
82 60102
82 60534
71 144383
71 144989
71 147607
71 148362
71 148769
71 150172
71 150310
71 150853
71 152679
71 154135
71 154206
71 155149
71 155285
71 155482
71 155809
71 156037
71 156584
71 156798
71 157935
71 157980
71 158110
71 158232
71 158342
71 160376
71 161173
71 166568
71 167121
71 168626
71 169270
71 169720
71 169791
71 170348
71 171122
71 172161
71 172390
71 173432
71 173890
71 174345
71 174841
71 175376
71 179019
71 182586
71 182638
71 183267
71 184440
71 184659
71 186058
71 186591
71 186678
71 187540
71 187896
71 188443
71 188617
71 189511
71 193307
71 194813
72 79100
72 79544
72 79773
72 80904
72 82258
72 83112
72 84041
72 84767
72 88186
72 88190
72 89345
72 91566
72 92213
72 94486
72 98983
72 99145
72 100119
72 100580
72 102039
72 103754
72 103768
72 105283
72 105607
72 106293
72 107080
72 107432
72 109459
72 112159
72 113759
72 113789
72 114066
72 115456
78 116738
78 117837
78 118697
78 119278
78 119394
78 119817
78 120516
78 121430
78 122428
78 122532
78 123621
78 124290
71 196891
71 196996
71 199856
71 200277
71 200356
71 201146
71 201295
71 201652
71 202409
71 204351
71 204572
71 205203
71 205287
71 206848
71 207328
71 207683
71 207715
71 210542
80 84613
80 84893
80 85576
80 86279
80 86945
80 87458
80 89377
80 92516
80 93443
80 93542
80 94252
80 95227
80 96287
80 97037
80 97049
80 97092
80 97287
80 97499
80 97999
80 98325
80 99188
80 99267
80 99335
80 101919
80 102234
80 102259
80 106316
80 106520
80 108346
80 108536
80 108942
80 109786
80 110540
80 111319
72 221268
72 221720
72 221847
72 222411
72 223938
72 224276
72 225093
72 226349
72 228933
72 230595
72 230734
72 231082
72 231331
72 231427
72 231839
72 231889
72 231939
72 232413
72 232653
72 232973
72 235464
72 235913
72 236822
72 197667
72 198100
72 199580
72 200473
72 201234
72 201692
72 205219
72 205802
72 206968
72 207126
72 207580
72 209106
72 211474
72 211516
72 212211
72 213274
72 214088
72 214782
72 214935
72 217597
72 219412
72 118247
72 118283
72 118445
72 119087
72 119546
72 120595
72 120635
72 121097
72 122521
72 122682
72 123045
72 123057
72 124816
72 124923
72 125574
72 126989
72 127784
72 130466
72 130475
72 130508
72 133182
72 134001
72 135964
72 136083
72 136282
72 136922
72 137921
72 139101
72 140836
72 141360
72 141988
72 142043
72 142898
72 143076
72 145994
72 146469
72 147898
72 149354
72 151072
72 153654
72 153753
72 155140
72 155610
72 156746
72 158143
72 159159
72 161883
72 162744
72 162824
72 162905
72 162983
72 163215
72 164052
72 165364
72 165411
72 165492
72 166307
72 169980
72 171273
72 172137
72 173029
72 173834
72 173919
72 174025
72 174506
72 174983
72 175664
72 176392
72 177588
72 179498
72 180230
72 180694
72 181778
72 182169
72 183176
72 184007
72 185476
72 185646
72 186453
72 189127
72 190805
72 191975
72 194135
72 194163
