67 89683
66 1793
66 7611
67 88606
69 169677
77 3134
77 6572
77 6737
77 15323
77 18917
77 21215
79 20081
79 20228
69 3187
69 3698
69 10133
69 22501
69 24203
69 25570
69 112122
69 119563
69 126527
75 1207
75 8088
75 18723
75 19783
75 21377
67 54553
67 56068
67 56346
67 58167
67 59220
66 13652
66 18512
66 21539
67 17070
67 20421
67 64082
67 64453
67 65917
67 65940
67 68057
67 72218
67 72223
67 74873
71 697
71 3149
71 10838
71 11095
71 16274
71 17014
71 27545
71 34391
71 38473
77 35210
77 37783
79 35545
70 3919
70 6858
70 10262
70 17737
70 23123
70 33275
70 34873
66 26455
66 30041
69 183476
69 192390
69 201182
69 31740
69 32125
69 45872
69 48663
79 40429
79 47004
75 30475
75 37592
75 39086
75 42582
70 141415
70 144891
69 132124
69 134507
69 139056
69 148525
69 149417
67 28294
67 35866
73 186
73 12614
73 17042
73 21832
73 23321
71 46765
71 56610
71 61214
71 63654
77 58467
77 58614
77 63834
77 64079
79 57141
75 52622
75 53371
75 54903
75 60603
75 63287
75 63923
81 826
81 7894
81 9414
76 5291
76 21397
76 21899
78 5958
78 19104
69 75331
77 73181
79 75230
70 43020
70 59324
70 73181
70 75431
70 156524
70 158729
81 16166
81 18168
73 29947
73 32533
73 38787
71 65790
71 72911
71 79070
71 80110
71 81159
79 81219
79 84559
81 33259
81 33279
81 34268
76 26229
76 34023
76 45774
76 47708
76 50031
75 85331
72 7316
72 35739
73 55255
73 58090
73 61015
78 27645
78 28267
78 28437
78 33779
78 38743
78 39384
78 40694
69 78948
69 81688
69 92823
77 95004
77 103248
77 103387
79 92898
79 100178
70 185851
70 197936
70 198129
70 198341
70 199148
70 203137
70 203508
76 59080
70 77439
70 77576
70 80780
70 84070
70 95069
75 96941
73 68710
73 74792
73 75383
78 54461
78 55481
79 104173
71 95490
76 74031
75 113748
73 85199
73 87052
76 89493
78 70234
70 209685
70 219717
74 7653
80 7374
76 114826
72 51281
73 96003
70 103011
70 104251
70 108087
70 109663
70 112590
70 113214
70 114305
70 117898
70 121586
70 124291
76 100409
76 100584
78 77399
74 28736
74 34291
71 119947
71 122575
71 123540
71 123750
71 138382
80 51510
82 7572
73 113824
80 26576
82 28434
82 30664
82 33540
82 35157
78 101718
74 41256
74 44215
82 13497
82 16205
82 22967
74 53913
74 61359
80 75841
80 78330
80 83526
82 38687
80 35123
80 40885
80 43398
80 44864
80 50449
74 106789
82 57180
71 144503
71 157993
71 164745
71 169112
71 188006
71 190876
72 94216
72 98414
72 100769
72 111816
71 200583
71 207951
80 104121
80 105373
72 222276
72 210980
72 118772
72 126974
72 128860
72 131501
72 134846
72 140889
72 143628
72 155217
72 157163
72 158070
72 177758
72 177803
72 192642
