66 51
66 2082
66 2698
66 3100
66 4483
66 5444
66 7271
66 9548
66 10674
66 11587
66 11924
66 12008
79 1956
79 2912
79 2995
79 3028
79 4855
79 6176
79 7749
79 10560
79 11064
79 11446
79 11609
79 11943
79 12204
79 12437
79 12875
79 13158
79 16833
79 17175
79 19411
79 21187
79 21661
79 22238
79 22882
79 23874
79 24528
79 24552
71 119293
71 120437
71 120584
71 124009
71 124865
71 126802
71 127063
71 127364
71 127519
71 129929
71 130562
71 130618
71 133182
71 134593
71 136005
71 138012
71 139287
71 140073
71 140394
71 141513
71 143081
73 310
73 2882
73 3081
73 4670
73 4716
73 5176
73 6093
73 12243
73 12706
73 14805
73 17953
73 18458
73 18529
73 18531
73 18606
73 19058
73 20219
73 20378
73 20640
73 20702
73 20762
73 21057
73 21378
73 22670
73 24655
72 143211
72 145950
72 146217
72 146522
72 152367
72 154308
72 154956
72 155659
72 156177
72 156190
72 158171
72 158710
72 160775
72 162348
72 162865
72 164414
72 165108
72 165135
72 165637
72 166899
72 168286
72 168859
72 168886
71 66966
71 67131
71 67747
71 69271
71 70358
71 74055
71 74959
71 75068
71 75899
71 76899
71 77531
71 77757
71 77959
71 78714
71 78855
71 79011
71 84143
71 84672
71 88402
71 89642
66 13746
66 18017
66 18470
66 19095
66 22060
66 22681
66 22764
66 22888
66 23051
66 23692
66 24044
66 24241
66 24790
66 25161
71 91788
71 91915
71 92326
71 94092
71 94283
71 95370
71 97174
71 97623
71 97666
71 98062
71 98091
71 98151
71 98236
71 100754
71 101544
71 101722
71 101846
71 102477
71 102728
71 102924
71 104208
71 104723
71 105217
71 105552
71 106902
71 108379
71 108557
71 108740
71 109014
71 110717
71 110893
71 115096
71 115816
75 456
75 1600
75 2498
75 3889
75 4512
75 6139
75 7568
75 7912
75 10318
75 10494
75 11090
75 11344
75 11469
75 11791
75 12779
75 13137
75 13660
75 13677
75 14638
75 15879
75 17068
75 17554
75 17924
75 18213
75 18402
75 20851
75 20877
75 24395
69 31
69 112
69 953
69 1683
69 6529
69 7499
69 7993
69 8185
69 8249
69 8546
69 9661
69 12821
69 12829
69 14923
69 15107
69 15539
69 15736
69 16315
69 17827
69 18795
69 19028
69 19053
69 19362
69 20182
69 21666
69 22102
69 22985
69 23344
69 25510
79 25662
79 26247
79 29671
79 31544
79 32879
79 33126
79 35717
79 37810
72 791
72 1241
72 1420
72 1833
72 1926
72 3632
72 3909
72 5663
72 5808
72 7141
72 7767
72 10058
72 10877
72 12327
72 13709
72 14659
72 15542
72 16596
72 17163
72 17253
72 19296
72 21424
72 22167
72 22441
72 22998
72 23139
72 23304
72 23786
72 24174
72 26091
72 26567
72 26713
72 26937
72 27235
72 29245
72 30749
72 31107
72 31325
72 31355
72 32866
72 34145
72 34712
72 35581
72 37253
72 38478
66 28604
66 29004
66 29425
66 31300
66 32691
66 33966
66 34055
66 35222
66 35980
66 36234
66 36974
71 970
71 1411
71 1887
71 1958
71 1970
71 2467
71 5077
71 5372
71 7118
71 8488
71 8867
71 9985
71 11787
71 12196
71 12332
71 12438
71 12591
71 13338
71 13533
71 13866
71 16340
71 17302
71 18194
71 18949
71 20180
71 23472
71 24319
71 24805
71 27835
71 28913
71 28939
71 29411
71 30247
71 30378
71 32150
71 32193
71 33132
71 34361
71 35553
71 35591
71 37868
71 37956
71 38427
71 38592
71 39099
71 39316
70 845
70 2285
70 3518
70 5971
70 6446
70 6752
70 7503
70 8268
70 8271
70 10463
70 11102
70 11371
70 11483
70 12001
70 13961
70 15964
70 16217
70 17792
70 19107
70 19265
70 21344
70 21414
70 22550
70 23138
70 24729
70 25040
70 25881
70 26082
70 27709
70 28115
70 28329
70 28610
70 29529
70 31562
70 31982
70 34016
70 34403
70 34804
70 35079
70 35209
70 35243
70 35775
70 36650
70 37139
70 37639
79 40304
79 41152
79 41157
79 41643
79 41653
79 42144
79 44796
79 44941
79 45317
79 45652
79 46877
79 48307
79 49066
79 49157
79 50290
71 170576
71 171412
71 171956
71 174819
71 174944
71 175545
71 176991
71 177492
71 179142
71 179802
71 180109
71 180627
71 180661
71 181019
71 181863
71 182325
71 183267
71 184554
71 184860
71 184906
71 185739
71 186132
71 186233
71 187540
71 187955
71 188534
71 189618
71 193361
71 193895
71 193995
71 194013
71 194573
71 195083
71 196137
71 144815
71 144844
71 144989
71 145206
71 145905
71 146484
71 147196
71 147447
71 147794
71 148070
71 149517
71 149534
71 150431
71 150842
71 150848
71 152360
71 152551
71 153710
71 154100
71 154182
71 155433
71 155936
71 156138
71 156202
71 157156
71 157233
71 158110
71 159069
71 160376
71 161026
71 161536
71 162571
71 162575
71 165280
71 167412
71 167840
71 168442
71 168777
71 169068
71 170109
72 169757
72 170165
72 170274
72 171563
72 171782
72 172724
72 173497
72 173585
72 173850
72 175805
72 176705
72 177459
72 177819
72 181510
72 181929
72 181968
72 182252
72 183945
72 185025
72 188565
72 190241
72 190983
72 191569
72 193563
72 193601
73 27213
73 27362
73 29313
73 29533
73 29601
73 31888
73 32772
73 33085
73 33778
73 34051
73 35974
73 36346
73 41478
73 43330
73 44358
73 44909
73 44913
73 45224
73 48066
73 50997
73 51429
69 25840
69 27316
69 29715
69 29904
69 30352
69 31641
69 31743
69 32592
69 34269
69 35358
69 36032
69 37894
69 37977
69 38720
69 38914
69 39841
69 41766
69 41850
69 41890
69 43578
69 43963
69 44385
69 44652
69 45640
69 46975
69 49416
69 49784
69 51313
75 26684
75 28610
75 29431
75 29556
75 29705
75 29797
75 32819
75 32924
75 33967
75 34502
75 35265
75 35362
75 35547
75 36079
75 36447
75 36544
75 36675
75 37936
75 37957
75 39388
75 40091
75 40561
75 41274
75 42037
75 42138
75 42190
75 43433
75 43516
75 47391
75 48698
75 50821
75 52020
75 52322
72 197678
72 198311
72 200759
72 201140
72 202496
72 202841
72 203781
72 203914
72 204081
72 205941
72 206334
72 207819
72 208334
72 210138
72 213274
72 213962
72 214226
72 215176
72 216757
72 217617
72 219410
79 53197
79 55124
79 55382
79 56616
79 56846
79 57459
79 57722
79 58171
79 58732
79 58973
79 59177
79 60335
79 61447
79 63478
67 68
67 368
67 748
67 3112
67 4231
67 4697
67 4783
67 5009
67 5190
67 6019
67 6281
67 6638
67 11709
67 12169
67 12806
67 13110
67 13946
67 14006
67 14281
67 14421
67 16031
67 17530
67 17753
67 18344
67 19917
67 21327
67 21550
67 23281
67 23871
67 23980
67 24109
67 24604
73 52381
73 52405
73 52446
73 54241
73 55527
73 55572
73 56674
73 58574
73 60963
73 61394
73 62921
73 63698
73 63699
73 64770
73 64818
73 64978
71 43324
71 44544
71 49411
71 49602
71 49629
71 49736
71 50042
71 50248
71 51096
71 51547
71 51797
71 52063
71 54562
71 56364
71 56524
71 56666
71 57071
71 57391
71 57547
71 58810
71 59814
71 59870
71 60020
71 60191
71 60581
71 60691
71 61321
71 61543
71 61787
71 62603
71 63018
71 63955
71 197125
71 197901
71 198022
71 199200
71 199525
71 201295
71 201896
71 202451
71 203572
71 205775
71 206356
71 207921
71 208061
71 208597
71 209682
75 52415
75 52834
75 53524
75 54862
75 55426
75 55478
75 55532
75 56486
75 56994
75 57227
75 57317
75 59248
75 63063
75 63257
75 64506
75 64792
75 65044
75 65211
75 65275
72 221516
72 222291
72 222688
72 224159
72 224207
72 224645
72 226349
72 227716
72 228033
72 228873
72 228919
72 230459
72 230595
72 232323
72 232345
72 232653
72 233084
72 234549
72 234884
72 234906
79 63745
79 64719
79 67844
79 69442
79 70682
79 70833
79 71341
79 71462
79 71512
79 71872
79 72686
79 72712
79 72737
79 73924
79 74432
79 74762
79 75623
79 75749
79 76060
72 40417
72 40787
72 42276
72 42509
72 42733
72 43307
72 43746
72 45113
72 46567
72 47704
72 48034
72 48829
72 48886
72 48995
72 49295
72 51071
72 57388
72 57469
72 57706
72 57902
72 58967
72 59621
72 60428
72 62070
72 62996
72 63603
72 64326
72 66288
72 66322
72 66805
72 68380
72 69000
72 69284
72 69824
72 71332
72 71542
72 74073
72 74288
72 75022
72 75162
72 77247
69 52085
69 53965
69 56160
69 56471
69 56720
69 57030
69 58779
69 58911
69 59530
69 60733
69 60927
69 61284
69 61403
69 63470
69 66111
69 66690
69 67267
69 67801
69 68044
69 69903
69 70105
69 70138
69 70378
69 70688
69 71945
69 72760
69 74659
69 76200
70 130078
70 131163
70 132787
70 133867
70 135051
70 135093
70 135110
70 135805
70 135958
70 137169
70 137870
70 138783
70 139174
70 139951
70 141407
70 141422
70 141457
70 142476
70 142572
70 142637
70 143265
70 144682
70 145135
70 145240
70 146540
70 147223
70 147825
70 148271
70 149756
70 149768
70 150125
70 151957
70 153617
70 153995
73 65727
73 65944
73 66298
73 66323
73 67385
73 67466
73 69404
73 69745
73 69852
73 70953
73 72417
73 72894
73 74145
73 77284
73 78086
70 77868
70 80254
70 80583
70 80917
70 81622
70 81944
70 83017
70 83095
70 83214
70 83247
70 83840
70 84207
70 84421
70 84489
70 86287
70 86557
70 86685
70 87243
70 88963
70 90257
70 90633
70 90705
70 90859
70 91379
70 91564
70 93182
70 93238
70 93337
70 93402
70 94767
70 97530
70 98443
70 101384
67 76711
67 77058
67 77147
67 78310
67 79230
67 80498
67 81587
67 84426
67 85614
67 85772
67 86631
67 88122
67 88922
75 66188
75 66746
75 68492
75 69222
75 69236
75 69289
75 70223
75 70711
75 71874
75 71995
75 72311
75 72708
75 74065
75 74867
75 78147
75 78396
70 39197
70 39270
70 39752
70 40398
70 40562
70 41159
70 41255
70 42199
70 43454
70 45381
70 45669
70 46902
70 47437
70 48222
70 49425
70 50444
70 51289
70 52457
70 52593
70 52651
70 53462
70 53627
70 53979
70 54428
70 54761
70 55323
70 55771
70 56429
70 57199
70 58597
70 60932
70 61845
70 62049
70 62697
70 62717
70 62965
70 63764
70 63978
70 64375
70 64543
70 65331
70 66193
70 68790
70 69092
70 71218
70 71241
70 71440
70 71847
70 73050
70 73412
70 73524
70 74747
70 74838
70 75016
70 76545
67 50871
67 51273
67 53781
67 53919
67 53984
67 54387
67 54858
67 56377
67 57605
67 58152
67 59849
67 60580
67 60682
67 61428
67 61465
67 61719
67 62453
67 62952
79 76423
79 76549
79 77337
79 77373
79 77841
79 78238
79 78295
79 78561
79 79689
79 80684
79 81797
79 82210
79 84684
79 84889
79 84952
79 85133
79 86084
79 86303
79 86908
79 87092
79 88133
79 88521
67 89082
67 89438
67 89549
67 90099
67 93817
67 95348
67 95752
67 96063
67 96543
67 96566
67 97947
67 98186
67 98254
67 98529
67 98585
67 99137
67 99169
67 25489
67 27220
67 27347
67 28711
67 29072
67 29346
67 29347
67 29375
67 30095
67 31346
67 31699
67 32097
67 34590
67 35684
67 36141
67 36517
67 38953
67 39065
67 40167
67 40384
67 40956
67 41016
67 42873
67 43359
67 44800
67 45145
67 45369
67 47062
67 47551
67 48699
67 48910
67 49718
67 50558
67 50797
73 78713
73 78836
73 80286
73 81446
73 81606
73 86349
73 87409
73 87826
73 87870
73 89312
73 89421
73 90039
73 90113
73 90308
70 181276
70 183998
70 184119
70 184215
70 185395
70 186668
70 186986
70 187721
70 187861
70 189066
70 189134
70 189178
70 189552
70 190712
70 192445
70 194390
70 194875
70 195196
70 195267
70 197470
70 197663
70 197875
70 198143
70 198360
70 199407
70 200848
70 202037
70 202158
70 202480
70 203733
70 203968
70 204455
75 79082
75 79503
75 79702
75 81971
75 82733
75 83909
75 84014
75 85793
75 86801
75 87017
75 87145
75 87753
75 89555
75 89634
75 89774
75 91314
75 91540
67 63836
67 64091
67 66289
67 66625
67 67555
67 68436
67 69735
67 71683
67 71751
67 72680
67 72934
67 73814
67 73993
67 74411
67 74553
67 75083
79 89579
79 89890
79 91061
79 91316
79 91873
79 92410
79 92785
79 92929
79 93285
79 93607
79 93753
79 94022
79 94958
79 94974
79 96814
79 98082
79 99142
79 99144
79 100400
79 101677
69 78594
69 79644
69 81175
69 81265
69 81620
69 82331
69 82513
69 83974
69 84973
69 85062
69 86228
69 86750
69 87500
69 88429
69 89429
69 90792
69 91743
69 91872
69 92686
69 93448
69 94252
69 94344
69 95613
69 95687
69 95964
69 97100
69 97144
69 99335
69 100958
69 101515
70 155485
70 156212
70 157179
70 157811
70 158045
70 161081
70 163062
70 163095
70 164091
70 164372
70 164736
70 165079
70 165860
70 167195
70 168623
70 169836
70 169847
70 169950
70 171278
70 171524
70 172892
70 174579
70 175276
70 177398
70 178060
70 178275
70 178845
70 206137
70 207528
70 207957
70 209703
70 210407
70 210448
70 210692
70 211250
70 211492
70 211829
70 212782
70 214085
70 215358
70 215428
70 215728
70 216657
70 217212
70 220499
70 220947
70 221558
70 222009
70 222600
70 223569
70 224683
70 225263
70 226224
73 91167
73 91995
73 92085
73 92781
73 93108
73 93614
73 95572
73 95877
73 97479
73 97745
73 98063
73 98315
73 99805
73 100668
73 101063
73 101139
73 101244
73 102219
73 102494
73 102510
73 102567
73 103055
70 103606
70 104215
70 104450
70 104545
70 105015
70 105244
70 106192
70 106523
70 106884
70 106960
70 107682
70 108668
70 109159
70 109540
70 110545
70 110712
70 115195
70 115207
70 115927
70 116538
70 117406
70 118202
70 118453
70 118778
70 119518
70 120086
70 120256
70 120823
70 122107
70 122449
70 123536
70 126745
70 127231
70 127374
70 127949
75 92956
75 94733
75 95324
75 95697
75 96112
75 96285
75 96397
75 96472
75 96654
75 96800
75 97120
75 97939
75 97994
75 98176
75 98975
75 99988
75 100638
75 100908
75 101245
75 101470
75 103044
79 102777
79 102817
79 103354
79 103797
79 104201
79 104245
79 104525
79 105280
79 105329
79 106035
79 106388
79 106854
79 106941
79 107197
79 107457
79 108707
79 109741
79 109810
79 110416
79 111337
81 306
81 356
81 759
81 1656
81 2062
81 2343
81 2785
81 2845
81 2978
81 3070
81 5044
81 5275
81 5496
81 6695
81 7234
81 7644
81 7925
81 7944
81 8971
81 10596
81 11777
72 79501
72 79544
72 79650
72 81447
72 82519
72 83496
72 84463
72 86170
72 87163
72 87216
72 87719
72 87889
72 89873
72 90654
72 92456
72 93038
72 94112
72 96344
72 96888
72 97093
72 98219
72 98907
72 100285
72 100608
72 100820
72 102546
72 102574
72 102846
72 105168
72 105219
72 106086
72 106472
72 106482
72 107141
72 107274
72 107565
72 108455
72 109663
72 110350
72 112288
72 112911
72 113925
72 114331
72 116848
80 1126
80 1434
80 1691
80 7656
80 8843
80 9031
80 14337
80 15872
80 16160
80 16524
80 16833
80 16878
73 107203
73 107316
73 109359
73 109520
73 110852
73 113390
73 114144
73 114718
72 118283
72 121097
72 122520
72 123073
72 123123
72 123556
72 123872
72 127374
72 127388
72 128537
72 131090
72 131104
72 132011
72 133488
72 134559
72 135443
72 135964
72 139433
72 139817
72 140828
72 141513
72 142958
74 116
74 236
74 493
74 1956
74 2127
74 3211
74 3551
74 4199
74 4868
74 6037
74 6046
74 9139
74 9164
74 9333
74 15664
74 15939
74 16025
74 16384
74 19531
74 20688
74 21061
74 21282
74 21806
74 23558
74 24133
74 24903
75 104907
75 104925
75 106674
75 106883
75 107126
75 108460
75 109025
75 109124
75 113139
75 113445
75 113885
75 117467
75 117626
77 2228
77 2419
77 2474
77 2888
77 3275
77 3513
77 3577
77 4793
77 7110
77 7678
77 8396
77 9125
77 10053
77 12192
77 12203
77 13402
77 13701
77 13823
77 15747
77 16042
77 16815
77 20895
77 21624
77 21723
77 22048
77 22204
77 22306
77 25071
77 25229
75 118420
75 118552
75 118881
75 119203
75 119693
75 120381
75 120892
81 14053
81 14322
81 14422
81 16780
81 17693
81 18493
81 20045
81 20248
81 20990
81 21674
81 22670
81 22690
81 24194
81 24304
81 24849
81 25139
74 65457
74 69933
74 70378
74 70806
74 71035
74 71843
74 72028
74 72036
74 72879
74 73998
74 74046
74 74209
74 74672
74 75242
74 76135
74 76438
74 77309
74 77958
73 117383
73 117999
73 118422
73 118844
73 120714
73 120890
73 121200
73 121416
73 123397
73 123724
69 106106
69 106121
69 106518
69 106869
69 109463
69 110042
69 110620
69 110647
69 111181
69 113184
69 113378
69 113581
69 114078
69 114188
69 114731
69 115961
69 116119
69 116294
69 117718
69 119141
69 119952
69 123344
69 123554
69 124412
69 125042
69 126971
69 126978
69 127492
69 127494
69 155758
69 155990
69 157616
69 158114
69 159373
69 159587
69 161065
69 163002
69 163029
69 164118
69 164766
69 165588
69 165978
69 166566
69 167775
69 168323
69 168663
69 169790
69 170302
69 170794
69 171581
69 172722
69 175618
69 176257
69 177149
69 177287
69 177605
69 178656
69 179500
69 179622
74 28150
74 28331
74 28600
74 28812
74 33531
74 34020
74 34468
74 36646
74 37382
74 38634
74 38741
74 39136
74 39151
76 1845
76 2648
76 2763
76 2974
76 3646
76 4248
76 4780
76 5600
76 6057
76 6508
76 6687
76 7243
76 9776
76 10210
76 11690
76 14384
76 14458
76 14525
76 15226
76 18311
76 20473
76 20614
76 21457
76 22337
76 22399
76 24167
76 25761
77 26319
77 26405
77 26951
77 28827
77 29236
77 29794
77 30534
77 30739
77 31213
77 31704
77 31706
77 32630
77 33873
77 34475
77 36229
80 17031
80 18246
80 18448
80 20402
80 21577
80 21800
80 24015
80 24979
80 25819
80 26420
80 26623
80 27170
80 27674
80 27792
80 30051
80 30477
80 31284
80 32863
78 78667
78 78677
78 80325
78 82584
78 83212
78 83505
78 83639
78 83931
78 87740
78 88236
78 88981
78 89162
81 26956
81 28247
81 28592
81 29071
81 29473
81 30870
81 30920
81 31531
81 33766
81 33847
81 34868
81 35998
81 38151
74 78796
74 80122
74 80790
74 83224
74 84279
74 84716
74 85145
74 85256
74 85649
74 85955
74 87447
74 88960
74 89820
74 90158
74 90704
74 91002
74 91281
76 78144
76 78516
76 79404
76 79535
76 79628
76 80388
76 80403
76 80541
76 80972
76 82796
76 83639
76 84645
76 86868
76 87228
76 88701
76 88739
76 88954
76 89197
76 89459
76 90203
74 92195
74 92237
74 92547
74 93031
74 93707
74 93835
74 95040
74 95425
74 95633
74 97969
74 98016
74 98962
74 99012
74 99317
74 100462
74 100833
74 102232
74 102484
74 103278
74 103981
78 777
78 1171
78 1572
78 1894
78 2569
78 3234
78 3742
78 6387
78 6603
78 8522
78 10497
78 10599
78 12218
78 12585
78 14361
78 16633
78 17950
78 18014
78 19447
78 20704
78 20795
78 20981
78 22971
78 25211
74 39279
74 39370
74 39747
74 41419
74 43548
74 43551
74 44548
74 44557
74 45746
74 45939
74 46410
74 47563
74 48142
74 49228
74 50543
74 50650
74 51261
77 39381
77 39669
77 40356
77 40613
77 40650
77 43122
77 44543
77 45124
77 46854
77 46866
77 47078
77 51089
77 51361
77 51907
78 89929
78 89999
78 90973
78 91627
78 91818
78 92115
78 93010
78 93481
78 94215
78 95980
78 96365
78 96606
78 96646
78 96910
78 97000
78 100064
78 100888
78 100988
78 101614
76 91572
76 92527
76 92785
76 95506
76 96041
76 97293
76 97814
76 98714
76 99816
76 99963
76 102133
81 38367
81 39513
81 39770
81 39983
81 40316
81 41594
81 41602
81 41955
81 41988
81 43055
81 45455
81 48759
81 49292
81 49298
74 105693
74 105732
74 105796
74 106146
74 106896
74 107889
74 110999
74 112670
74 115588
80 35772
80 36092
80 36372
80 36879
80 37259
80 38197
80 38308
80 38557
80 38773
80 38805
80 39498
80 41786
80 42057
80 43403
80 44428
80 45219
80 47418
80 47672
80 48931
80 49030
80 49379
80 50590
82 840
82 1205
82 2119
82 3256
82 3552
82 4058
82 7438
82 7456
82 7506
82 7847
82 9417
82 9571
82 9630
82 11528
82 12044
82 12070
69 129189
69 129867
69 130123
69 131488
69 132573
69 132693
69 133312
69 133338
69 134216
69 134463
69 134572
69 134603
69 134855
69 135146
69 135803
69 136463
69 136474
69 136939
69 137234
69 138026
69 138330
69 138983
69 139283
69 141760
69 144742
69 145626
69 148545
69 149048
69 149247
69 151426
69 180107
69 180338
69 180453
69 182058
69 182464
69 183489
69 184932
69 184937
69 185002
69 185024
69 187032
69 188175
69 188668
69 190846
69 192171
69 192451
69 193225
69 193870
69 194170
69 194633
69 195371
69 196255
69 198009
69 199292
69 199496
69 200562
69 200652
69 201786
69 201846
74 53939
74 54476
74 55099
74 55133
74 55413
74 55674
74 56361
74 57029
74 57084
74 59952
74 60031
74 61245
74 62001
74 62365
74 63203
74 63231
74 64608
74 64763
76 25863
76 26613
76 27012
76 30832
76 32073
76 32516
76 33249
76 33306
76 34709
76 34904
76 35754
76 36866
76 36968
76 38104
76 38923
76 39077
76 39453
76 40075
76 42141
76 42188
76 42241
76 42567
76 43145
76 45484
76 46204
76 46294
76 47079
76 48142
76 49173
76 50173
76 50765
76 51523
77 52000
77 52576
77 54190
77 54302
77 54976
77 55061
77 55592
77 55842
77 55922
77 56760
77 56780
77 57061
77 59396
77 60836
77 61522
77 62381
77 62548
77 63439
77 64825
78 102852
78 103175
78 106475
78 107422
78 108595
78 109230
78 109507
78 110134
78 110254
78 110634
78 111703
78 113077
78 114608
76 105324
76 106022
76 106393
76 106678
76 107880
76 107910
76 108127
76 108732
76 108784
76 109874
76 110253
76 111001
76 111093
76 112764
76 113161
76 113241
76 113638
76 114432
76 115259
76 115270
81 51456
81 52375
81 52786
81 53000
81 54011
81 54467
81 55240
81 57720
81 57834
81 58269
81 58335
81 60795
81 61482
76 52511
76 54090
76 54118
76 54656
76 54716
76 54811
76 55194
76 55238
76 55288
76 57753
76 59772
76 60290
76 61105
76 61135
76 61883
76 63027
76 64175
82 12856
82 14854
82 15451
82 17378
82 17489
82 17501
82 17611
82 18437
82 18797
82 19249
82 21462
82 23036
82 23530
82 23592
82 23951
78 26285
78 26451
78 27014
78 29648
78 30271
78 31455
78 32957
78 33052
78 33259
78 34838
78 34849
78 36619
78 36870
78 38676
78 39126
78 40433
78 40680
78 41351
78 41382
78 42526
78 42574
78 43990
78 44302
78 44328
78 44775
78 45484
78 45622
78 46031
78 46153
78 47598
78 47735
78 47754
78 48356
78 48626
78 49259
78 49296
78 49887
78 50389
80 51093
80 52743
80 53221
80 53699
80 54059
80 54242
80 54763
80 57423
80 57664
80 58048
80 58768
80 59522
80 59844
80 62779
80 63041
80 63791
80 64048
80 64915
80 65389
80 65766
80 66395
80 67382
78 52278
78 52444
78 54310
78 55418
78 56776
78 57526
78 59631
78 63388
78 63390
76 64798
76 65117
76 65514
76 65961
76 66355
76 66814
76 67043
76 69680
76 69817
76 70312
76 70451
76 70742
76 71984
76 74088
76 75267
76 76049
82 25982
82 26079
82 26105
82 30939
82 31732
82 33542
82 35201
77 65034
77 65293
77 65460
77 66201
77 67115
77 68376
77 68939
77 70138
77 70288
77 72192
77 72694
77 72774
77 73146
77 73149
77 74445
77 74911
77 76061
77 76065
77 76286
78 116587
78 117274
78 118127
78 118352
78 118859
78 119041
78 119264
78 119527
78 119598
78 119817
78 120742
78 121987
78 125624
76 116610
76 117921
76 120210
76 121181
76 121862
76 122261
76 123652
76 124783
76 127228
76 127696
76 127697
78 66154
78 66908
78 67290
78 67317
78 68542
78 68876
78 69078
78 70343
78 70646
78 70889
78 70970
78 70981
78 71281
78 71688
78 73025
78 73189
81 63846
81 66004
81 66511
81 67681
81 68779
81 70708
81 71982
81 72802
81 76420
81 76634
82 38692
82 39630
82 40261
82 40636
82 41712
82 42389
82 43679
82 44184
82 44221
82 44267
82 44844
82 46288
82 47138
82 47162
82 49426
82 49684
82 51989
82 52480
82 52506
82 52607
82 53286
82 54557
82 54782
82 56461
82 56789
82 57193
82 57611
82 57788
82 59127
82 59597
82 60377
77 105897
77 106624
77 108203
77 109449
80 101905
80 104781
80 105077
80 105664
80 106082
80 106291
80 107591
80 108576
80 108871
80 109238
80 110540
80 111509
80 111562
80 112126
77 77899
77 78425
77 78785
77 79320
77 79433
77 81080
77 81562
77 82417
77 82660
77 84607
77 87839
77 88487
77 89054
77 90086
77 94377
77 94926
77 96888
77 97141
77 97255
77 98754
77 99908
77 101586
77 101599
77 101820
77 103783
80 85822
80 86445
80 88334
80 90758
80 91562
80 91776
80 91869
80 91990
80 92095
80 92663
80 92951
80 93247
80 93823
80 94183
80 94198
80 95739
80 97246
80 98291
80 98538
80 99129
80 99188
80 99703
80 99729
80 100594
80 68795
80 68939
80 69157
80 69860
80 70215
80 70442
80 70673
80 72549
80 73062
80 75126
80 75544
80 76373
80 76613
80 77103
80 78087
80 79098
80 80338
80 80381
80 80998
80 82115
80 83153
80 83756
