# 181 angles,  1 tensor ranks for 0=projectile
@subtitle   "7Li(d,p) @ 7.5AMeV ADWA (d) + KD (p)"                                          
@legend ON
@legend x1 0.2
@legend y1 0.8
@g0 type LOGY
@yaxis ticklabel format power
@legend string   0 "Lab energy =   14.5311"
#legend string   0 "Partition=  2 Excit=  1 near/far= 1"
#  Theta       sigma       iT11        T20         T21         T22         Kyy for projectile
   0.000       29.55    
   1.000       29.55    
   2.000       29.55    
   3.000       29.56    
   4.000       29.55    
   5.000       29.53    
   6.000       29.47    
   7.000       29.37    
   8.000       29.21    
   9.000       28.99    
   10.00       28.69    
   11.00       28.30    
   12.00       27.81    
   13.00       27.24    
   14.00       26.56    
   15.00       25.79    
   16.00       24.93    
   17.00       23.98    
   18.00       22.97    
   19.00       21.89    
   20.00       20.76    
   21.00       19.59    
   22.00       18.39    
   23.00       17.18    
   24.00       15.98    
   25.00       14.78    
   26.00       13.61    
   27.00       12.47    
   28.00       11.37    
   29.00       10.32    
   30.00       9.320    
   31.00       8.383    
   32.00       7.510    
   33.00       6.702    
   34.00       5.961    
   35.00       5.287    
   36.00       4.680    
   37.00       4.137    
   38.00       3.658    
   39.00       3.238    
   40.00       2.876    
   41.00       2.567    
   42.00       2.308    
   43.00       2.095    
   44.00       1.923    
   45.00       1.789    
   46.00       1.688    
   47.00       1.616    
   48.00       1.570    
   49.00       1.545    
   50.00       1.539    
   51.00       1.547    
   52.00       1.567    
   53.00       1.596    
   54.00       1.631    
   55.00       1.670    
   56.00       1.710    
   57.00       1.751    
   58.00       1.791    
   59.00       1.828    
   60.00       1.860    
   61.00       1.888    
   62.00       1.911    
   63.00       1.927    
   64.00       1.937    
   65.00       1.941    
   66.00       1.938    
   67.00       1.929    
   68.00       1.914    
   69.00       1.892    
   70.00       1.865    
   71.00       1.833    
   72.00       1.796    
   73.00       1.755    
   74.00       1.710    
   75.00       1.661    
   76.00       1.610    
   77.00       1.557    
   78.00       1.502    
   79.00       1.447    
   80.00       1.390    
   81.00       1.334    
   82.00       1.277    
   83.00       1.222    
   84.00       1.168    
   85.00       1.114    
   86.00       1.063    
   87.00       1.014    
   88.00      0.9665    
   89.00      0.9217    
   90.00      0.8793    
   91.00      0.8395    
   92.00      0.8024    
   93.00      0.7680    
   94.00      0.7364    
   95.00      0.7074    
   96.00      0.6812    
   97.00      0.6575    
   98.00      0.6364    
   99.00      0.6176    
   100.0      0.6012    
   101.0      0.5870    
   102.0      0.5748    
   103.0      0.5646    
   104.0      0.5560    
   105.0      0.5491    
   106.0      0.5437    
   107.0      0.5396    
   108.0      0.5366    
   109.0      0.5346    
   110.0      0.5336    
   111.0      0.5333    
   112.0      0.5336    
   113.0      0.5345    
   114.0      0.5358    
   115.0      0.5374    
   116.0      0.5393    
   117.0      0.5413    
   118.0      0.5435    
   119.0      0.5458    
   120.0      0.5481    
   121.0      0.5504    
   122.0      0.5526    
   123.0      0.5549    
   124.0      0.5571    
   125.0      0.5593    
   126.0      0.5614    
   127.0      0.5635    
   128.0      0.5657    
   129.0      0.5678    
   130.0      0.5701    
   131.0      0.5724    
   132.0      0.5748    
   133.0      0.5774    
   134.0      0.5801    
   135.0      0.5830    
   136.0      0.5862    
   137.0      0.5896    
   138.0      0.5933    
   139.0      0.5972    
   140.0      0.6015    
   141.0      0.6062    
   142.0      0.6111    
   143.0      0.6164    
   144.0      0.6220    
   145.0      0.6280    
   146.0      0.6343    
   147.0      0.6409    
   148.0      0.6478    
   149.0      0.6550    
   150.0      0.6625    
   151.0      0.6702    
   152.0      0.6781    
   153.0      0.6862    
   154.0      0.6945    
   155.0      0.7028    
   156.0      0.7113    
   157.0      0.7197    
   158.0      0.7282    
   159.0      0.7366    
   160.0      0.7450    
   161.0      0.7532    
   162.0      0.7613    
   163.0      0.7692    
   164.0      0.7768    
   165.0      0.7842    
   166.0      0.7913    
   167.0      0.7980    
   168.0      0.8044    
   169.0      0.8104    
   170.0      0.8159    
   171.0      0.8210    
   172.0      0.8256    
   173.0      0.8298    
   174.0      0.8334    
   175.0      0.8365    
   176.0      0.8390    
   177.0      0.8410    
   178.0      0.8425    
   179.0      0.8433    
   180.0      0.8436    
 END
