           6           1           1
    0.5+     1 1   5.741       0.000      0.2537E-01  0.2261E-01  0.3902E-02  0.4208E-02  0.3023E-01   5.655    
    0.5+     1 2   5.724       0.000      0.1674E-02  0.2656E-01  0.1150E-02  0.1203E-02  0.6371E-02   5.687    
    0.5+     3 3   5.390       0.000      0.1507E-01  0.6059E-01  0.1302E-01  0.1100E-01  0.9478E-02   5.281    
    0.5-     0 1   6.021       0.000      0.1025      0.3352E-01   0.000       0.000       0.000       5.885    
    0.5-     2 2   6.153       0.000      0.4666E-01  0.1572E-01  0.3294E-01  0.2857E-01  0.4932E-01   5.980    
    0.5-     2 3   6.170       0.000      0.3813E-01  0.1818E-01  0.1572E-01  0.1364E-01  0.2294E-01   6.062    
    1.5+     1 1   11.50       0.000      0.3535E-01  0.3238E-01  0.8334E-01  0.8002E-01  0.1923       11.08    
    1.5+     1 2   11.48       0.000      0.2650E-01  0.3878E-01  0.5652E-01  0.5472E-01  0.1491       11.16    
    1.5+     1 3   11.45       0.000      0.2512E-01  0.8255E-01  0.8990E-02  0.9249E-02  0.4378E-01   11.28    
    1.5+     3 4   10.78       0.000      0.9001E-01  0.8279E-02  0.4012E-01  0.3689E-01  0.6530E-01   10.54    
    1.5+     3 5   10.66       0.000      0.5689E-01  0.2361      0.1429E-01  0.1218E-01  0.1045E-01   10.33    
    1.5-     0 1   12.04       0.000      0.5171E-01  0.6308E-01  0.5102E-01  0.4572E-01  0.1683       11.66    
    1.5-     2 2   12.31       0.000      0.1137      0.3927E-01  0.6214E-01  0.5432E-01  0.7720E-01   11.96    
    1.5-     2 3   12.34       0.000      0.8204E-01  0.9238E-01  0.3257E-01  0.2830E-01  0.4943E-01   12.06    
    1.5-     2 4   12.36       0.000      0.1269      0.2559      0.8232E-02  0.7218E-02  0.1385E-01   11.94    
    1.5-     4 5   7.331       0.000      0.3215      0.3752      0.4077E-01  0.3729E-01  0.4936E-01   6.507    
    2.5+     1 1   17.22       0.000      0.4167E-01  0.1482E-01  0.1571      0.1556      0.5494       16.30    
    2.5+     1 2   17.17       0.000      0.9884E-01  0.1180E-01  0.6047E-01  0.6183E-01  0.2621       16.68    
    2.5+     3 3   16.17       0.000      0.1107      0.9980E-01  0.1429      0.1384      0.3033       15.37    
    2.5+     3 4   15.98       0.000      0.2289      0.4269      0.5527E-01  0.5184E-01  0.9422E-01   15.13    
    2.5+     3 5   15.83       0.000      0.6763E-01  0.2024      0.1085E-01  0.1021E-01  0.2224E-01   15.51    
    2.5+     5 6   1.941       0.000      0.1861      0.1923      0.3346E-01  0.3097E-01  0.5831E-01   1.440    
    2.5-     0 1   18.06       0.000      0.1538      0.2417E-01  0.1345      0.1241      0.6003       17.02    
    2.5-     2 2   18.46       0.000      0.1753      0.7921E-01  0.7520E-01  0.6569E-01  0.8376E-01   17.98    
    2.5-     2 3   18.51       0.000      0.2594      0.2876E-01  0.5294E-01  0.4599E-01  0.9019E-01   18.03    
    2.5-     2 4   18.53       0.000      0.4409      0.4806      0.4423E-01  0.3924E-01  0.7120E-01   17.46    
    2.5-     4 5   11.00       0.000      0.5457      0.3731E-01  0.2136      0.1985      0.2856       9.716    
    2.5-     4 6   11.30       0.000      0.4192       1.202      0.3405E-01  0.3117E-01  0.4169E-01   9.569    
    3.5+     1 1   22.90       0.000      0.6525E-02  0.2198E-02  0.3992      0.4111       1.771       20.31    
    3.5+     3 2   21.56       0.000      0.1298      0.4590E-01  0.3098      0.3034      0.6815       20.09    
    3.5+     3 3   21.31       0.000      0.5447      0.1884E-01  0.3246      0.3163      0.6780       19.43    
    3.5+     3 4   21.10       0.000      0.9859E-01  0.2876      0.7748E-01  0.7717E-01  0.2200       20.34    
    3.5+     5 5   2.588       0.000      0.2438      0.1130E-01  0.1384      0.1295      0.2569       1.808    
    3.5+     5 6   2.646       0.000      0.2426      0.6011      0.2789E-01  0.2586E-01  0.4903E-01   1.699    
    3.5-     2 1   24.68       0.000      0.1332      0.5587E-01  0.1359      0.1175      0.2891       23.95    
    3.5-     2 2   24.71       0.000       1.060      0.2069E-01  0.2171      0.1946      0.3350       22.89    
    3.5-     4 3   14.66       0.000      0.2111      0.5284      0.6191      0.5769      0.8425       11.88    
    3.5-     4 4   15.06       0.000       1.525       1.469      0.2481      0.2308      0.3359       11.25    
    3.5-     4 5   15.51       0.000      0.9528       2.769      0.7167E-01  0.6674E-01  0.9820E-01   11.55    
    3.5-     6 6  0.4029       0.000      0.6894E-01  0.6840E-01  0.1608E-01  0.1503E-01  0.3380E-01  0.2006    
    4.5+     3 1   26.64       0.000      0.7991E-01  0.3401E-01   1.522       1.492       3.253       20.26    
    4.5+     3 2   26.38       0.000      0.1829      0.9296E-02  0.3793      0.3852       1.183       24.24    
    4.5+     5 3   3.235       0.000      0.6654E-01  0.2637      0.3308      0.3103      0.6215       1.642    
    4.5+     5 4   3.307       0.000      0.7091      0.6180      0.1625      0.1522      0.3027       1.363    
    4.5+     5 5   3.402       0.000      0.4670       1.278      0.4496E-01  0.4210E-01  0.8338E-01   1.486    
    4.5+     7 6  0.8529E-01   0.000      0.2441E-01  0.2386E-01  0.6886E-02  0.6484E-02  0.1596E-01  0.7693E-02
    4.5-     2 1   30.89       0.000      0.1016      0.2382E-01  0.9374      0.8439       1.422       27.56    
    4.5-     4 2   18.33       0.000      0.6368      0.4469E-01   1.003      0.9356       1.371       14.34    
    4.5-     4 3   18.83       0.000       2.706      0.1434       1.149       1.072       1.578       12.18    
    4.5-     4 4   19.39       0.000       3.399       3.171      0.5643      0.5267      0.7837       10.94    
    4.5-     6 5  0.5036       0.000      0.7694E-01  0.3572E-02  0.5841E-01  0.5508E-01  0.1280      0.1816    
    4.5-     6 6  0.5071       0.000      0.8850E-01  0.2079      0.1333E-01  0.1248E-01  0.2826E-01  0.1566    
    5.5+     3 1   31.66       0.000      0.6549E-01  0.1452E-01   1.413       1.443       4.523       24.20    
    5.5+     5 2   3.882       0.000      0.3013      0.1610E-01  0.4635      0.4351      0.8736       1.792    
    5.5+     5 3   3.969       0.000       1.075      0.8580E-01  0.6160      0.5781       1.158      0.4556    
    5.5+     5 4   4.082       0.000       1.484       1.329      0.3047      0.2859      0.5708      0.1082    
    5.5+     7 5  0.1023       0.000      0.2435E-01  0.1315E-02  0.2306E-01  0.2187E-01  0.5540E-01 -0.2365E-01
    5.5+     7 6  0.1025       0.000      0.3109E-01  0.7130E-01  0.5719E-02  0.5394E-02  0.1337E-01 -0.2433E-01
    5.5-     4 1   22.59       0.000      0.1830      0.1238E-01   4.013       3.744       5.526       9.116    
    5.5-     4 2   23.27       0.000       5.682      0.2628E-02   2.529       2.362       3.525       9.165    
    5.5-     6 3  0.6043       0.000      0.1631E-01  0.9298E-01  0.1245      0.1176      0.2751     -0.2216E-01
    5.5-     6 4  0.6085       0.000      0.2263      0.1917      0.6809E-01  0.6426E-01  0.1497     -0.9150E-01
    5.5-     6 5  0.6136       0.000      0.1518      0.4149      0.1838E-01  0.1733E-01  0.4030E-01 -0.2905E-01
    5.5-     8 6  0.1804E-01   0.000      0.8432E-02  0.8259E-02  0.2784E-02  0.2639E-02  0.6775E-02 -0.1084E-01
    6.5+     5 1   4.630       0.000      0.1028      0.5528E-02   1.838       1.725       3.462      -2.503    
    6.5+     5 2   4.763       0.000       2.268      0.9957E-03   1.218       1.144       2.288      -2.157    
    6.5+     7 3  0.1194       0.000      0.4202E-02  0.3229E-01  0.4555E-01  0.4326E-01  0.1102     -0.1161    
    6.5+     7 4  0.1196       0.000      0.7253E-01  0.6093E-01  0.2681E-01  0.2544E-01  0.6460E-01 -0.1307    
    6.5+     7 5  0.1199       0.000      0.4982E-01  0.1372      0.7188E-02  0.6819E-02  0.1728E-01 -0.9842E-01
    6.5+     9 6  0.3779E-02   0.000      0.2861E-02  0.2838E-02  0.1086E-02  0.1035E-02  0.2882E-02 -0.6922E-02
    6.5-     4 1   27.14       0.000      0.2422E-01  0.5041E-02   8.422       7.867       11.75     -0.9204    
    6.5-     6 2  0.7050       0.000      0.1002      0.4478E-02  0.1591      0.1504      0.3523     -0.6136E-01
    6.5-     6 3  0.7099       0.000      0.3103      0.3307E-01  0.2288      0.2162      0.5060     -0.5844    
    6.5-     6 4  0.7159       0.000      0.4464      0.4032      0.1133      0.1071      0.2503     -0.6044    
    6.5-     8 5  0.2105E-01   0.000      0.7743E-02  0.5019E-03  0.8806E-02  0.8396E-02  0.2206E-01 -0.2646E-01
    6.5-     8 6  0.2106E-01   0.000      0.1070E-01  0.2439E-01  0.2321E-02  0.2203E-02  0.5692E-02 -0.2424E-01
    7.5+     5 1   5.443       0.000      0.9857E-02  0.2216E-02   3.709       3.483       6.972      -8.733    
    7.5+     7 2  0.1365       0.000      0.3314E-01  0.1266E-02  0.5460E-01  0.5188E-01  0.1324     -0.1368    
    7.5+     7 3  0.1367       0.000      0.9267E-01  0.1221E-01  0.8299E-01  0.7885E-01  0.2011     -0.3311    
    7.5+     7 4  0.1370       0.000      0.1387      0.1269      0.4153E-01  0.3945E-01  0.1005     -0.3101    
    7.5+     9 5  0.4319E-02   0.000      0.2464E-02  0.1902E-03  0.3290E-02  0.3153E-02  0.8836E-02 -0.1361E-01
    7.5+     9 6  0.4318E-02   0.000      0.3619E-02  0.8310E-02  0.9084E-03  0.8672E-03  0.2420E-02 -0.1181E-01
    7.5-     6 1  0.8113       0.000      0.3703E-01  0.1732E-02  0.6168      0.5831       1.366      -1.794    
    7.5-     6 2  0.8182       0.000      0.6412      0.2742E-03  0.4199      0.3968      0.9293      -1.569    
    7.5-     8 3  0.2406E-01   0.000      0.1129E-02  0.1115E-01  0.1647E-01  0.1573E-01  0.4150E-01 -0.6192E-01
    7.5-     8 4  0.2407E-01   0.000      0.2334E-01  0.1972E-01  0.1023E-01  0.9757E-02  0.2569E-01 -0.6467E-01
    7.5-     8 5  0.2408E-01   0.000      0.1638E-01  0.4582E-01  0.2741E-02  0.2614E-02  0.6869E-02 -0.5034E-01
    7.5-    10 6  0.7841E-03   0.000      0.9576E-03  0.9701E-03  0.4129E-03  0.3957E-03  0.1240E-02 -0.3192E-02
    8.5+     7 1  0.1538       0.000      0.1292E-01  0.5224E-03  0.2085      0.1981      0.5057     -0.7720    
    8.5+     7 2  0.1542       0.000      0.1903      0.7463E-04  0.1457      0.1385      0.3533     -0.6737    
    8.5+     9 3  0.4859E-02   0.000      0.3122E-03  0.3826E-02  0.5907E-02  0.5666E-02  0.1590E-01 -0.2675E-01
    8.5+     9 4  0.4858E-02   0.000      0.7503E-02  0.6444E-02  0.3820E-02  0.3663E-02  0.1027E-01 -0.2684E-01
    8.5+     9 5  0.4857E-02   0.000      0.5361E-02  0.1534E-01  0.1025E-02  0.9826E-03  0.2754E-02 -0.2060E-01
    8.5+    11 6  0.1619E-03   0.000      0.3175E-03  0.3302E-03  0.1543E-03  0.1487E-03  0.5860E-03 -0.1375E-02
    8.5-     6 1  0.9204       0.000      0.2861E-02  0.6846E-03   1.201       1.136       2.661      -4.081    
    8.5-     8 2  0.2707E-01   0.000      0.1093E-01  0.3672E-03  0.1884E-01  0.1799E-01  0.4754E-01 -0.6860E-01
    8.5-     8 3  0.2708E-01   0.000      0.2830E-01  0.4402E-02  0.2985E-01  0.2850E-01  0.7528E-01 -0.1393    
    8.5-     8 4  0.2709E-01   0.000      0.4378E-01  0.4081E-01  0.1510E-01  0.1441E-01  0.3804E-01 -0.1251    
    8.5-    10 5  0.8822E-03   0.000      0.7842E-03  0.7094E-04  0.1211E-02  0.1166E-02  0.3480E-02 -0.5830E-02
    8.5-    10 6  0.8817E-03   0.000      0.1209E-02  0.2821E-02  0.3467E-03  0.3328E-03  0.1027E-02 -0.4856E-02
    9.5+     7 1  0.1713       0.000      0.8155E-03  0.2041E-03  0.3983      0.3786      0.9663      -1.573    
    9.5+     9 2  0.5399E-02   0.000      0.3583E-02  0.1089E-03  0.6516E-02  0.6253E-02  0.1755E-01 -0.2861E-01
    9.5+     9 3  0.5398E-02   0.000      0.8740E-02  0.1560E-02  0.1066E-01  0.1023E-01  0.2870E-01 -0.5449E-01
    9.5+     9 4  0.5396E-02   0.000      0.1388E-01  0.1326E-01  0.5445E-02  0.5223E-02  0.1466E-01 -0.4707E-01
    9.5+    11 5  0.1799E-03   0.000      0.2495E-03  0.2603E-04  0.4408E-03  0.4265E-03  0.1459E-02 -0.2422E-02
    9.5+    11 6  0.1798E-03   0.000      0.4005E-03  0.9551E-03  0.1300E-03  0.1254E-03  0.4735E-03 -0.1905E-02
    9.5-     8 1  0.3008E-01   0.000      0.4429E-02  0.1589E-03  0.7115E-01  0.6795E-01  0.1796     -0.2932    
    9.5-     8 2  0.3009E-01   0.000      0.5795E-01  0.2090E-04  0.5085E-01  0.4856E-01  0.1283     -0.2556    
    9.5-    10 3  0.9802E-03   0.000      0.8827E-04  0.1306E-02  0.2105E-02  0.2029E-02  0.5996E-02 -0.1054E-01
    9.5-    10 4  0.9797E-03   0.000      0.2408E-02  0.2117E-02  0.1406E-02  0.1354E-02  0.4023E-02 -0.1033E-01
    9.5-    10 5  0.9792E-03   0.000      0.1747E-02  0.5137E-02  0.3782E-03  0.3642E-03  0.1087E-02 -0.7734E-02
    9.5-    12 6  0.3342E-04   0.000      0.1045E-03  0.1120E-03  0.5695E-04  0.5516E-04  0.4484E-03 -0.7436E-03
   10.5+     9 1  0.5937E-02   0.000      0.1495E-02  0.4899E-04  0.2440E-01  0.2342E-01  0.6574E-01 -0.1092    
   10.5+     9 2  0.5936E-02   0.000      0.1786E-01  0.6019E-05  0.1776E-01  0.1704E-01  0.4783E-01 -0.9456E-01
   10.5+    11 3  0.1978E-03   0.000      0.2540E-04  0.4443E-03  0.7469E-03  0.7233E-03  0.2399E-02 -0.4141E-02
   10.5+    11 4  0.1977E-03   0.000      0.7717E-03  0.6980E-03  0.5119E-03  0.4954E-03  0.1670E-02 -0.3949E-02
   10.5+    11 5  0.1976E-03   0.000      0.5672E-03  0.1720E-02  0.1381E-03  0.1336E-03  0.4565E-03 -0.2818E-02
   10.5+    13 6  0.6938E-05   0.000      0.3424E-04  0.3794E-04  0.2082E-04  0.2026E-04  0.2087E-03 -0.3150E-03
   10.5-     8 1  0.3310E-01   0.000      0.2362E-03  0.6157E-04  0.1342      0.1281      0.3388     -0.5683    
   10.5-    10 2  0.1078E-02   0.000      0.1169E-02  0.3286E-04  0.2257E-02  0.2176E-02  0.6411E-02 -0.1097E-01
   10.5-    10 3  0.1078E-02   0.000      0.2717E-02  0.5457E-03  0.3787E-02  0.3650E-02  0.1077E-01 -0.2039E-01
   10.5-    10 4  0.1077E-02   0.000      0.4410E-02  0.4334E-02  0.1951E-02  0.1880E-02  0.5555E-02 -0.1705E-01
   10.5-    12 5  0.3677E-04   0.000      0.7936E-04  0.9415E-05  0.1592E-03  0.1548E-03  0.7633E-03 -0.1129E-02
   10.5-    12 6  0.3674E-04   0.000      0.1317E-03  0.3227E-03  0.4810E-04  0.4664E-04  0.3302E-03 -0.8426E-03
   11.5+     9 1  0.6475E-02   0.000      0.6953E-04  0.1885E-04  0.4556E-01  0.4372E-01  0.1227     -0.2056    
   11.5+    11 2  0.2158E-03   0.000      0.3798E-03  0.1005E-04  0.7822E-03  0.7577E-03  0.2490E-02 -0.4204E-02
   11.5+    11 3  0.2157E-03   0.000      0.8486E-03  0.1892E-03  0.1340E-02  0.1298E-02  0.4280E-02 -0.7740E-02
   11.5+    11 4  0.2156E-03   0.000      0.1402E-02  0.1422E-02  0.6954E-03  0.6734E-03  0.2233E-02 -0.6211E-02
   11.5+    13 5  0.7569E-05   0.000      0.2525E-04  0.3367E-05  0.5716E-04  0.5584E-04  0.3316E-03 -0.4657E-03
   11.5+    13 6  0.7563E-05   0.000      0.4311E-04  0.1089E-03  0.1763E-04  0.1718E-04  0.1517E-03 -0.3309E-03
   11.5-    10 1  0.1176E-02   0.000      0.4985E-03  0.1527E-04  0.8395E-02  0.8094E-02  0.2383E-01 -0.3966E-01
   11.5-    10 2  0.1175E-02   0.000      0.5545E-02  0.1772E-05  0.6200E-02  0.5977E-02  0.1761E-01 -0.3416E-01
   11.5-    12 3  0.4011E-04   0.000      0.7416E-05  0.1507E-03  0.2641E-03  0.2569E-03  0.1103E-02 -0.1742E-02
   11.5-    12 4  0.4008E-04   0.000      0.2471E-03  0.2308E-03  0.1849E-03  0.1798E-03  0.8309E-03 -0.1633E-02
   11.5-    12 5  0.4005E-04   0.000      0.1836E-03  0.5762E-03  0.5001E-04  0.4861E-04  0.2387E-03 -0.1057E-02
   11.5-    14 6  0.1452E-05   0.000      0.1117E-04  0.1282E-04  0.7554E-05  0.7388E-05  0.3969E-03 -0.4344E-03
   12.5+    11 1  0.2337E-03   0.000      0.1648E-03  0.4805E-05  0.2894E-02  0.2803E-02  0.9191E-02 -0.1482E-01
   12.5+    11 2  0.2335E-03   0.000      0.1729E-02  0.5313E-06  0.2164E-02  0.2096E-02  0.6889E-02 -0.1265E-01
   12.5+    13 3  0.8199E-05   0.000      0.2190E-05  0.5100E-04  0.9315E-04  0.9106E-04  0.4615E-03 -0.6907E-03
   12.5+    13 4  0.8193E-05   0.000      0.7904E-04  0.7644E-04  0.6639E-04  0.6487E-04  0.3575E-03 -0.6361E-03
   12.5+    13 5  0.8187E-05   0.000      0.5931E-04  0.1929E-03  0.1800E-04  0.1759E-04  0.1040E-03 -0.3837E-03
   12.5+    15 6  0.3065E-06   0.000      0.3631E-05  0.4328E-05  0.2725E-05  0.2679E-05  0.1339E-03 -0.1469E-03
   12.5-    10 1  0.1273E-02   0.000      0.2073E-04  0.5845E-05  0.1555E-01  0.1499E-01  0.4413E-01 -0.7343E-01
   12.5-    12 2  0.4345E-04   0.000      0.1230E-03  0.3111E-05  0.2713E-03  0.2640E-03  0.1084E-02 -0.1702E-02
   12.5-    12 3  0.4342E-04   0.000      0.2659E-03  0.6518E-04  0.4728E-03  0.4600E-03  0.1919E-02 -0.3139E-02
   12.5-    12 4  0.4339E-04   0.000      0.4460E-03  0.4684E-03  0.2470E-03  0.2403E-03  0.1030E-02 -0.2388E-02
   12.5-    14 5  0.1574E-05   0.000      0.8033E-05  0.1193E-05  0.2043E-04  0.2004E-04  0.3809E-03 -0.4290E-03
   12.5-    14 6  0.1572E-05   0.000      0.1406E-04  0.3667E-04  0.6409E-05  0.6275E-05  0.2623E-03 -0.3241E-03
   13.5+    11 1  0.2515E-03   0.000      0.6240E-05  0.1831E-05  0.5325E-02  0.5158E-02  0.1690E-01 -0.2714E-01
   13.5+    13 2  0.8830E-05   0.000      0.3975E-04  0.9719E-06  0.9415E-04  0.9205E-04  0.4429E-03 -0.6610E-03
   13.5+    13 3  0.8824E-05   0.000      0.8356E-04  0.2234E-04  0.1665E-03  0.1628E-03  0.7976E-03 -0.1224E-02
   13.5+    13 4  0.8817E-05   0.000      0.1419E-03  0.1546E-03  0.8746E-04  0.8549E-04  0.4327E-03 -0.8934E-03
   13.5+    15 5  0.3300E-06   0.000      0.2556E-05  0.4194E-06  0.7274E-05  0.7174E-05  0.1356E-03 -0.1527E-03
   13.5+    15 6  0.3298E-06   0.000      0.4568E-05  0.1235E-04  0.2317E-05  0.2280E-05  0.8916E-04 -0.1103E-03
   13.5-    12 1  0.4676E-04   0.000      0.5415E-04  0.1524E-05  0.9992E-03  0.9723E-03  0.3943E-02 -0.5923E-02
   13.5-    12 2  0.4673E-04   0.000      0.5413E-03  0.1616E-06  0.7550E-03  0.7347E-03  0.3015E-02 -0.4999E-02
   13.5-    14 3  0.1695E-05   0.000      0.6533E-06  0.1723E-04  0.3279E-04  0.3220E-04  0.3885E-03 -0.4697E-03
   13.5-    14 4  0.1693E-05   0.000      0.2527E-04  0.2536E-04  0.2373E-04  0.2329E-04  0.3622E-03 -0.4582E-03
   13.5-    14 5  0.1692E-05   0.000      0.1913E-04  0.6460E-04  0.6451E-05  0.6330E-05  0.1192E-03 -0.2140E-03
   13.5-    16 6  0.6468E-07   0.000      0.1178E-05  0.1459E-05  0.9786E-06  0.9663E-06  0.3841E-03 -0.3886E-03
   14.5+    13 1  0.9454E-05   0.000      0.1770E-04  0.4862E-06  0.3454E-03  0.3377E-03  0.1602E-02 -0.2294E-02
   14.5+    13 2  0.9447E-05   0.000      0.1699E-03  0.4972E-07  0.2634E-03  0.2575E-03  0.1238E-02 -0.1920E-02
   14.5+    15 3  0.3536E-06   0.000      0.1964E-06  0.5814E-05  0.1153E-04  0.1137E-04  0.1444E-03 -0.1729E-03
   14.5+    15 4  0.3534E-06   0.000      0.8077E-05  0.8426E-05  0.8452E-05  0.8337E-05  0.1316E-03 -0.1645E-03
   14.5+    15 5  0.3531E-06   0.000      0.6158E-05  0.2163E-04  0.2303E-05  0.2271E-05  0.4263E-04 -0.7464E-04
   14.5+    17 6  0.1346E-07   0.000      0.3812E-06  0.4915E-06  0.3501E-06  0.3475E-06  0.1302E-03 -0.1318E-03
   14.5-    12 1  0.5007E-04   0.000      0.1894E-05  0.5784E-06  0.1829E-02  0.1779E-02  0.7196E-02 -0.1076E-01
   14.5-    14 2  0.1816E-05   0.000      0.1282E-04  0.3060E-06  0.3268E-04  0.3210E-04  0.3214E-03 -0.3975E-03
   14.5-    14 3  0.1814E-05   0.000      0.2631E-04  0.7631E-05  0.5852E-04  0.5746E-04  0.6158E-03 -0.7639E-03
   14.5-    14 4  0.1813E-05   0.000      0.4518E-04  0.5112E-04  0.3090E-04  0.3034E-04  0.3646E-03 -0.5203E-03
   14.5-    16 5  0.6930E-07   0.000      0.8137E-06  0.1466E-06  0.2583E-05  0.2558E-05  0.3024E-03 -0.3084E-03
   14.5-    16 6  0.6925E-07   0.000      0.1481E-05  0.4152E-05  0.8332E-06  0.8237E-06  0.2458E-03 -0.2530E-03
   15.5+    13 1  0.1008E-04   0.000      0.5784E-06  0.1840E-06  0.6291E-03  0.6151E-03  0.2908E-02 -0.4143E-02
   15.5+    15 2  0.3772E-06   0.000      0.4130E-05  0.9701E-07  0.1135E-04  0.1120E-04  0.1216E-03 -0.1480E-03
   15.5+    15 3  0.3769E-06   0.000      0.8298E-05  0.2598E-05  0.2054E-04  0.2027E-04  0.2327E-03 -0.2840E-03
   15.5+    15 4  0.3766E-06   0.000      0.1438E-04  0.1693E-04  0.1090E-04  0.1075E-04  0.1361E-03 -0.1887E-03
   15.5+    17 5  0.1435E-07   0.000      0.2590E-06  0.5094E-07  0.9148E-06  0.9109E-06  0.1038E-03 -0.1059E-03
   15.5+    17 6  0.1434E-07   0.000      0.4793E-06  0.1396E-05  0.2985E-06  0.2966E-06  0.8336E-04 -0.8582E-04
   15.5-    14 1  0.1935E-05   0.000      0.5767E-05  0.1559E-06  0.1195E-03  0.1174E-03  0.1110E-02 -0.1351E-02
   15.5-    14 2  0.1934E-05   0.000      0.5344E-04  0.1545E-07  0.9184E-04  0.9019E-04  0.9020E-03 -0.1136E-02
   15.5-    16 3  0.7392E-07   0.000      0.5947E-07  0.1960E-05  0.4047E-05  0.4011E-05  0.2501E-03 -0.2601E-03
   15.5-    16 4  0.7386E-07   0.000      0.2581E-05  0.2802E-05  0.3001E-05  0.2974E-05  0.2674E-03 -0.2787E-03
   15.5-    16 5  0.7380E-07   0.000      0.1981E-05  0.7242E-05  0.8195E-06  0.8117E-06  0.9510E-04 -0.1059E-03
   15.5-    18 6  0.2710E-08   0.000      0.1232E-06  0.1654E-06  0.1249E-06  0.1246E-06  0.2728E-03 -0.2733E-03
   16.5+    15 1  0.4005E-06   0.000      0.1873E-05  0.5024E-07  0.4139E-04  0.4085E-04  0.4229E-03 -0.5067E-03
   16.5+    15 2  0.4001E-06   0.000      0.1684E-04  0.4838E-08  0.3202E-04  0.3161E-04  0.3427E-03 -0.4228E-03
   16.5+    17 3  0.1525E-07   0.000      0.1811E-07  0.6600E-06  0.1419E-05  0.1414E-05  0.8743E-04 -0.9093E-04
   16.5+    17 4  0.1524E-07   0.000      0.8244E-06  0.9325E-06  0.1063E-05  0.1059E-05  0.9254E-04 -0.9640E-04
   16.5+    17 5  0.1523E-07   0.000      0.6364E-06  0.2425E-05  0.2909E-06  0.2896E-06  0.3276E-04 -0.3639E-04
   16.5+    19 6  0.5192E-09   0.000      0.3974E-07  0.5565E-07  0.4441E-07  0.4451E-07  0.1670E-03 -0.1672E-03
   16.5-    14 1  0.2055E-05   0.000      0.1776E-06  0.5885E-07  0.2168E-03  0.2129E-03  0.1988E-02 -0.2416E-02
   16.5-    16 2  0.7854E-07   0.000      0.1328E-05  0.3093E-07  0.3943E-05  0.3909E-05  0.1790E-03 -0.1881E-03
   16.5-    16 3  0.7848E-07   0.000      0.2621E-05  0.8828E-06  0.7204E-05  0.7141E-05  0.3667E-03 -0.3845E-03
   16.5-    16 4  0.7842E-07   0.000      0.4581E-05  0.5615E-05  0.3836E-05  0.3802E-05  0.2360E-03 -0.2537E-03
   16.5-    18 5  0.2880E-08   0.000      0.8247E-07  0.1763E-07  0.3234E-06  0.3240E-06  0.2130E-03 -0.2138E-03
   16.5-    18 6  0.2878E-08   0.000      0.1548E-06  0.4690E-06  0.1066E-06  0.1065E-06  0.1739E-03 -0.1747E-03
   17.5+    15 1  0.4237E-06   0.000      0.5476E-07  0.1891E-07  0.7482E-04  0.7384E-04  0.7566E-03 -0.9050E-03
   17.5+    17 2  0.1615E-07   0.000      0.4269E-06  0.9907E-08  0.1370E-05  0.1366E-05  0.6326E-04 -0.6642E-04
   17.5+    17 3  0.1614E-07   0.000      0.8287E-06  0.2993E-06  0.2524E-05  0.2515E-05  0.1295E-03 -0.1357E-03
   17.5+    17 4  0.1612E-07   0.000      0.1459E-05  0.1864E-05  0.1349E-05  0.1344E-05  0.8276E-04 -0.8876E-04
   17.5+    19 5  0.5497E-09   0.000      0.2626E-07  0.6080E-08  0.1141E-06  0.1148E-06  0.1226E-03 -0.1229E-03
   17.5+    19 6  0.5493E-09   0.000      0.4995E-07  0.1575E-06  0.3796E-07  0.3810E-07  0.1054E-03 -0.1057E-03
   17.5-    16 1  0.8310E-07   0.000      0.6069E-06  0.1625E-07  0.1434E-04  0.1422E-04  0.5867E-03 -0.6158E-03
   17.5-    16 2  0.8303E-07   0.000      0.5314E-05  0.1526E-08  0.1116E-04  0.1107E-04  0.5058E-03 -0.5333E-03
   17.5-    18 3  0.3049E-08   0.000      0.5543E-08  0.2221E-06  0.4974E-06  0.4987E-06  0.1754E-03 -0.1766E-03
   17.5-    18 4  0.3047E-08   0.000      0.2633E-06  0.3106E-06  0.3760E-06  0.3768E-06  0.1886E-03 -0.1899E-03
   17.5-    18 5  0.3045E-08   0.000      0.2043E-06  0.8118E-06  0.1030E-06  0.1032E-06  0.6741E-04 -0.6863E-04
   17.5-    20 6  0.9323E-10   0.000      0.1281E-07  0.1871E-07  0.1577E-07  0.1601E-07  0.1093E-03 -0.1094E-03
   18.5+    17 1  0.1703E-07   0.000      0.1963E-06  0.5271E-08  0.4973E-05  0.4956E-05  0.2086E-03 -0.2187E-03
   18.5+    17 2  0.1702E-07   0.000      0.1679E-05  0.4839E-09  0.3892E-05  0.3878E-05  0.1794E-03 -0.1888E-03
   18.5+    19 3  0.5802E-09   0.000      0.1704E-08  0.7470E-07  0.1742E-06  0.1754E-06  0.9323E-04 -0.9365E-04
   18.5+    19 4  0.5798E-09   0.000      0.8408E-07  0.1035E-06  0.1327E-06  0.1336E-06  0.1056E-03 -0.1061E-03
   18.5+    19 5  0.5794E-09   0.000      0.6556E-07  0.2718E-06  0.3643E-07  0.3665E-07  0.3888E-04 -0.3929E-04
   18.5+    21 6  0.1553E-10   0.000      0.4124E-08  0.6288E-08  0.5584E-08  0.5673E-08  0.2019E-03 -0.2019E-03
   18.5-    16 1  0.8764E-07   0.000      0.1695E-07  0.6104E-08  0.2585E-04  0.2562E-04  0.1033E-02 -0.1084E-02
   18.5-    18 2  0.3219E-08   0.000      0.1371E-06  0.3187E-08  0.4763E-06  0.4777E-06  0.1245E-03 -0.1256E-03
   18.5-    18 3  0.3216E-08   0.000      0.2623E-06  0.1013E-06  0.8838E-06  0.8863E-06  0.2577E-03 -0.2598E-03
   18.5-    18 4  0.3214E-08   0.000      0.4650E-06  0.6194E-06  0.4739E-06  0.4751E-06  0.1664E-03 -0.1685E-03
   18.5-    20 5  0.9841E-10   0.000      0.8364E-08  0.2090E-08  0.4025E-07  0.4110E-07  0.9910E-04 -0.9919E-04
   18.5-    20 6  0.9836E-10   0.000      0.1609E-07  0.5288E-07  0.1349E-07  0.1373E-07  0.7123E-04 -0.7133E-04
   19.5+    17 1  0.1792E-07   0.000      0.5262E-08  0.1977E-08  0.8937E-05  0.8906E-05  0.3670E-03 -0.3848E-03
   19.5+    19 2  0.6107E-09   0.000      0.4399E-07  0.1029E-08  0.1656E-06  0.1667E-06  0.6201E-04 -0.6239E-04
   19.5+    19 3  0.6104E-09   0.000      0.8309E-07  0.3427E-07  0.3093E-06  0.3114E-06  0.1322E-03 -0.1329E-03
   19.5+    19 4  0.6099E-09   0.000      0.1482E-06  0.2060E-06  0.1663E-06  0.1675E-06  0.8866E-04 -0.8935E-04
   19.5+    21 5  0.1640E-10   0.000      0.2664E-08  0.7167E-09  0.1417E-07  0.1447E-07  0.1509E-03 -0.1509E-03
   19.5+    21 6  0.1634E-10   0.000      0.5181E-08  0.1775E-07  0.4784E-08  0.4870E-08  0.1275E-03 -0.1275E-03
   19.5-    18 1  0.3385E-08   0.000      0.6337E-07  0.1715E-08  0.1725E-05  0.1730E-05  0.4077E-03 -0.4113E-03
   19.5-    18 2  0.3383E-08   0.000      0.5310E-06  0.1543E-09  0.1357E-05  0.1360E-05  0.3541E-03 -0.3573E-03
   19.5-    20 3  0.1036E-09   0.000      0.5256E-09  0.2511E-07  0.6099E-07  0.6236E-07  0.9551E-04 -0.9566E-04
   19.5-    20 4  0.1035E-09   0.000      0.2685E-07  0.3450E-07  0.4679E-07  0.4782E-07  0.9347E-04 -0.9363E-04
   19.5-    20 5  0.1035E-09   0.000      0.2102E-07  0.9099E-07  0.1287E-07  0.1314E-07  0.3155E-04 -0.3169E-04
   19.5-    22 6  0.2366E-11   0.000      0.1327E-08  0.2112E-08  0.1977E-08  0.2106E-08  0.1628E-04 -0.1629E-04
   20.5+    19 1  0.6409E-09   0.000      0.2043E-07  0.5592E-09  0.5987E-06  0.6029E-06  0.1978E-03 -0.1990E-03
   20.5+    19 2  0.6404E-09   0.000      0.1681E-06  0.4939E-10  0.4728E-06  0.4761E-06  0.1768E-03 -0.1779E-03
   20.5+    21 3  0.1710E-10   0.000      0.1627E-09  0.8439E-08  0.2134E-07  0.2182E-07  0.1181E-03 -0.1181E-03
   20.5+    21 4  0.1710E-10   0.000      0.8571E-08  0.1151E-07  0.1647E-07  0.1684E-07  0.1315E-03 -0.1316E-03
   20.5+    21 5  0.1707E-10   0.000      0.6739E-08  0.3046E-07  0.4537E-08  0.4634E-08  0.4806E-04 -0.4811E-04
   20.5+    23 6  0.3178E-12   0.000      0.4265E-09  0.7094E-09  0.6987E-09  0.7603E-09  0.1399E-03 -0.1399E-03
   20.5-    18 1  0.3552E-08   0.000      0.1638E-08  0.6420E-09  0.3093E-05  0.3102E-05  0.7150E-03 -0.7212E-03
   20.5-    20 2  0.1088E-09   0.000      0.1411E-07  0.3332E-09  0.5759E-07  0.5891E-07  0.7478E-04 -0.7492E-04
   20.5-    20 3  0.1087E-09   0.000      0.2634E-07  0.1157E-07  0.1082E-06  0.1107E-06  0.1500E-03 -0.1502E-03
   20.5-    20 4  0.1086E-09   0.000      0.4722E-07  0.6853E-07  0.5835E-07  0.5966E-07  0.9119E-04 -0.9142E-04
   20.5-    22 5  0.2485E-11   0.000      0.8487E-09  0.2452E-09  0.4987E-08  0.5325E-08  0.2762E-04 -0.2763E-04
   20.5-    22 6  0.2513E-11   0.000      0.1667E-08  0.5955E-08  0.1695E-08  0.1807E-08  0.1225E-04 -0.1226E-04
   21.5+    19 1  0.6709E-09   0.000      0.5110E-09  0.2091E-09  0.1071E-05  0.1078E-05  0.3441E-03 -0.3463E-03
   21.5+    21 2  0.1789E-10   0.000      0.4522E-08  0.1083E-09  0.2003E-07  0.2049E-07  0.8024E-04 -0.8029E-04
   21.5+    21 3  0.1798E-10   0.000      0.8355E-08  0.3906E-08  0.3783E-07  0.3869E-07  0.1704E-03 -0.1704E-03
   21.5+    21 4  0.1795E-10   0.000      0.1505E-07  0.2282E-07  0.2045E-07  0.2091E-07  0.1128E-03 -0.1129E-03
   21.5+    23 5  0.3632E-12   0.000      0.2704E-09  0.8371E-10  0.1753E-08  0.1892E-08  0.1232E-03 -0.1232E-03
   21.5+    23 6  0.4540E-12   0.000      0.5356E-09  0.1998E-08  0.5991E-09  0.6507E-09  0.9064E-04 -0.9064E-04
   21.5-    20 1  0.1139E-09   0.000      0.6582E-08  0.1827E-09  0.2079E-06  0.2127E-06  0.2547E-03 -0.2551E-03
   21.5-    20 2  0.1138E-09   0.000      0.5325E-07  0.1588E-10  0.1648E-06  0.1686E-06  0.2139E-03 -0.2143E-03
   21.5-    22 3  0.2694E-11   0.000      0.5054E-10  0.2835E-08  0.7468E-08  0.7978E-08  0.3732E-04 -0.3734E-04
   21.5-    22 4  0.2633E-11   0.000      0.2736E-08  0.3839E-08  0.5800E-08  0.6195E-08  0.3048E-04 -0.3050E-04
   21.5-    22 5  0.2633E-11   0.000      0.2159E-08  0.1020E-07  0.1599E-08  0.1708E-08  0.8849E-05 -0.8865E-05
   21.5-    24 6  0.3027E-13   0.000      0.1370E-09  0.2382E-09  0.2474E-09  0.3021E-09  0.6663E-05 -0.6664E-05
   22.5+    21 1  0.1880E-10   0.000      0.2118E-08  0.5988E-10  0.7219E-07  0.7386E-07  0.2588E-03 -0.2590E-03
   22.5+    21 2  0.1880E-10   0.000      0.1688E-07  0.5113E-11  0.5744E-07  0.5875E-07  0.2299E-03 -0.2300E-03
   22.5+    23 3  0.3164E-12   0.000      0.1572E-10  0.9520E-09  0.2612E-08  0.2813E-08  0.1154E-03 -0.1154E-03
   22.5+    23 4  0.3797E-12   0.000      0.8734E-09  0.1281E-08  0.2039E-08  0.2198E-08  0.1154E-03 -0.1154E-03
   22.5+    23 5  0.3164E-12   0.000      0.6916E-09  0.3414E-08  0.5630E-09  0.6073E-09  0.3943E-04 -0.3944E-04
   22.5+    25 6  0.9493E-13   0.000      0.4399E-10  0.7995E-10  0.8732E-10  0.1556E-09  0.1987E-04 -0.1987E-04
   22.5-    20 1  0.1190E-09   0.000      0.1598E-09  0.6824E-10  0.3711E-06  0.3796E-06  0.4490E-03 -0.4498E-03
   22.5-    22 2  0.2721E-11   0.000      0.1449E-08  0.3515E-10  0.6972E-08  0.7450E-08  0.3371E-04 -0.3373E-04
   22.5-    22 3  0.2753E-11   0.000      0.2652E-08  0.1317E-08  0.1323E-07  0.1414E-07  0.6468E-04 -0.6471E-04
   22.5-    22 4  0.2690E-11   0.000      0.4797E-08  0.7599E-08  0.7170E-08  0.7660E-08  0.3582E-04 -0.3584E-04
   22.5-    24 5  0.6328E-13   0.000      0.8616E-10  0.2853E-10  0.6170E-09  0.7323E-09  0.1192E-04 -0.1192E-04
   22.5-    24 6  0.9493E-13   0.000      0.1721E-09  0.6701E-09  0.2120E-09  0.2579E-09  0.5105E-05 -0.5106E-05
   23.5+    21 1  0.1958E-10   0.000      0.5004E-10  0.2231E-10  0.1286E-06  0.1316E-06  0.4503E-03 -0.4506E-03
   23.5+    23 2  0.3962E-12   0.000      0.4641E-09  0.1149E-10  0.2427E-08  0.2612E-08  0.8830E-04 -0.8831E-04
   23.5+    23 3  0.3962E-12   0.000      0.8419E-09  0.4438E-09  0.4626E-08  0.4980E-08  0.1800E-03 -0.1800E-03
   23.5+    23 4  0.3962E-12   0.000      0.1529E-08  0.2532E-08  0.2512E-08  0.2705E-08  0.1108E-03 -0.1108E-03
   23.5+    25 5  0.6603E-13   0.000      0.2747E-10  0.9711E-11  0.2173E-09  0.3100E-09  0.4387E-04 -0.4387E-04
   23.5+    25 6  0.3302E-13   0.000      0.5524E-10  0.2247E-09  0.7501E-10  0.1225E-09  0.1634E-04 -0.1634E-04
   23.5-    22 1  0.2873E-11   0.000      0.6811E-09  0.1961E-10  0.2510E-07  0.2682E-07  0.1202E-03 -0.1203E-03
   23.5-    22 2  0.2873E-11   0.000      0.5354E-08  0.1659E-11  0.2003E-07  0.2141E-07  0.9686E-04 -0.9691E-04
   23.5-    24 3  0.3302E-13   0.000      0.4907E-11  0.3196E-09  0.9144E-09  0.1076E-08  0.1627E-04 -0.1627E-04
   23.5-    24 4  0.9905E-13   0.000      0.2788E-09  0.4277E-09  0.7175E-09  0.8470E-09  0.1329E-04 -0.1329E-04
   23.5-    24 5   0.000       0.000      0.2214E-09  0.1143E-08  0.1982E-09  0.2349E-09  0.3830E-05 -0.3832E-05
   23.5-    26 6   0.000       0.000      0.1412E-10  0.2683E-10  0.3066E-10  0.6014E-10  0.8675E-05 -0.8675E-05
   24.5+    23 1  0.4127E-12   0.000      0.2188E-09  0.6496E-11  0.8726E-08  0.9391E-08  0.2987E-03 -0.2987E-03
   24.5+    23 2  0.3783E-12   0.000      0.1699E-08  0.5394E-12  0.6985E-08  0.7518E-08  0.2541E-03 -0.2541E-03
   24.5+    25 3  0.3439E-13   0.000      0.1540E-11  0.1072E-09  0.3211E-09  0.4347E-09  0.6312E-04 -0.6312E-04
   24.5+    25 4 -0.6879E-13   0.000      0.8899E-10  0.1428E-09  0.2531E-09  0.3510E-09  0.5035E-04 -0.5035E-04
   24.5+    25 5 -0.6879E-13   0.000      0.7087E-10  0.3826E-09  0.6996E-10  0.9902E-10  0.1412E-04 -0.1412E-04
   24.5+    27 6   0.000       0.000      0.4528E-11  0.9000E-11  0.1120E-10  0.8298E-10  0.1270E-03 -0.1270E-03
   24.5-    22 1  0.2992E-11   0.000      0.1566E-10  0.7330E-11  0.4465E-07  0.4771E-07  0.2135E-03 -0.2136E-03
   24.5-    24 2  0.3439E-13   0.000      0.1486E-09  0.3746E-11  0.8456E-09  0.9930E-09  0.1466E-04 -0.1466E-04
   24.5-    24 3  0.1376E-12   0.000      0.2674E-09  0.1495E-09  0.1619E-08  0.1902E-08  0.2829E-04 -0.2830E-04
   24.5-    24 4  0.6879E-13   0.000      0.4876E-09  0.8442E-09  0.8805E-09  0.1036E-08  0.1566E-04 -0.1567E-04
   24.5-    26 5   0.000       0.000      0.8744E-11  0.3301E-11  0.7637E-10  0.1183E-09  0.1166E-04 -0.1166E-04
   24.5-    26 6   0.000       0.000      0.1773E-10  0.7534E-10  0.2651E-10  0.4587E-10  0.6149E-05 -0.6149E-05
   25.5+    23 1  0.4292E-12   0.000      0.4935E-11  0.2381E-11  0.1550E-07  0.1668E-07  0.5239E-03 -0.5239E-03
   25.5+    25 2 -0.7154E-13   0.000      0.4756E-10  0.1171E-11  0.2956E-09  0.3933E-09  0.5767E-04 -0.5768E-04
   25.5+    25 3 -0.7154E-13   0.000      0.8499E-10  0.5033E-10  0.5679E-09  0.7599E-09  0.1111E-03 -0.1111E-03
   25.5+    25 4 -0.7154E-13   0.000      0.1555E-09  0.2815E-09  0.3094E-09  0.4179E-09  0.6086E-04 -0.6086E-04
   25.5+    27 5   0.000       0.000      0.2793E-11  0.1120E-11  0.2730E-10  0.9171E-10  0.7660E-04 -0.7660E-04
   25.5+    27 6   0.000       0.000      0.5684E-11  0.2526E-10  0.9591E-11  0.5121E-10  0.7744E-04 -0.7744E-04
   25.5-    24 1  0.1073E-12   0.000      0.7026E-10  0.2114E-11  0.3037E-08  0.3564E-08  0.5226E-04 -0.5227E-04
   25.5-    24 2  0.7154E-13   0.000      0.5394E-09  0.1762E-12  0.2438E-08  0.2863E-08  0.4226E-04 -0.4227E-04
   25.5-    26 3   0.000       0.000      0.4620E-12  0.3602E-10  0.1122E-09  0.1624E-09  0.1425E-04 -0.1425E-04
   25.5-    26 4   0.000       0.000      0.2840E-10  0.4771E-10  0.8883E-10  0.1326E-09  0.1235E-04 -0.1235E-04
   25.5-    26 5   0.000       0.000      0.2268E-10  0.1281E-09  0.2467E-10  0.3702E-10  0.3753E-05 -0.3754E-05
   25.5-    28 6  0.1073E-12   0.000      0.1452E-11  0.3019E-11  0.3949E-11  0.2871E-10  0.2245E-04 -0.2245E-04
   26.5+    25 1 -0.7429E-13   0.000      0.2256E-10  0.7004E-12  0.1061E-08  0.1404E-08  0.2065E-03 -0.2065E-03
   26.5+    25 2  0.3714E-13   0.000      0.1713E-09  0.5761E-13  0.8534E-09  0.1136E-08  0.1665E-03 -0.1665E-03
   26.5+    27 3   0.000       0.000      0.1515E-12  0.1205E-10  0.3986E-10  0.1050E-09  0.4268E-04 -0.4268E-04
   26.5+    27 4   0.000       0.000      0.9071E-11  0.1593E-10  0.3171E-10  0.9558E-10  0.5976E-04 -0.5976E-04
   26.5+    27 5   0.000       0.000      0.7254E-11  0.4288E-10  0.8850E-11  0.2954E-10  0.2462E-04 -0.2462E-04
   26.5+    29 6   0.000       0.000      0.4656E-12  0.1013E-11  0.2440E-11  0.3995E-10  0.3898E-03 -0.3898E-03
   26.5-    24 1   0.000       0.000      0.1536E-11  0.7975E-12  0.5386E-08  0.6320E-08  0.9255E-04 -0.9256E-04
   26.5-    26 2 -0.7429E-13   0.000      0.1522E-10  0.4390E-12  0.1029E-09  0.1470E-09  0.1228E-04 -0.1228E-04
   26.5-    26 3 -0.7429E-13   0.000      0.2701E-10  0.1695E-10  0.1984E-09  0.2844E-09  0.2415E-04 -0.2415E-04
   26.5-    26 4   0.000       0.000      0.4956E-10  0.9388E-10  0.1083E-09  0.1574E-09  0.1375E-04 -0.1375E-04
   26.5-    28 5  0.1114E-12   0.000      0.8957E-12  0.3799E-12  0.9593E-11  0.3207E-10  0.2144E-04 -0.2144E-04
   26.5-    28 6  0.7429E-13   0.000      0.1822E-11  0.8472E-11  0.3519E-11  0.1898E-10  0.1471E-04 -0.1471E-04
   27.5+    25 1  0.7704E-13   0.000      0.5024E-12  0.2763E-12  0.1878E-08  0.2486E-08  0.3656E-03 -0.3656E-03
   27.5+    27 2   0.000       0.000      0.4874E-11  0.8626E-13  0.3646E-10  0.8973E-10  0.1999E-04 -0.2000E-04
   27.5+    27 3   0.000       0.000      0.8592E-11  0.5683E-11  0.7057E-10  0.1753E-09  0.5035E-04 -0.5035E-04
   27.5+    27 4   0.000       0.000      0.1580E-10  0.3131E-10  0.3873E-10  0.9889E-10  0.4112E-04 -0.4112E-04
   27.5+    29 5   0.000       0.000      0.2837E-12  0.1285E-12  0.3477E-11  0.4207E-10  0.2137E-03 -0.2137E-03
   27.5+    29 6 -0.7704E-13   0.000      0.5850E-12  0.2835E-11  0.2060E-11  0.2208E-10  0.2346E-03 -0.2346E-03
   27.5-    26 1   0.000       0.000      0.7232E-11  0.2282E-12  0.3691E-09  0.5251E-09  0.4322E-04 -0.4322E-04
   27.5-    26 2   0.000       0.000      0.5443E-10  0.2120E-13  0.2976E-09  0.4250E-09  0.3549E-04 -0.3549E-04
   27.5-    28 3  0.3852E-13   0.000      0.5367E-13  0.4038E-11  0.1411E-10  0.3677E-10  0.2140E-04 -0.2140E-04
   27.5-    28 4   0.000       0.000      0.2895E-11  0.5324E-11  0.1150E-10  0.3677E-10  0.2072E-04 -0.2072E-04
   27.5-    28 5  0.3852E-13   0.000      0.2319E-11  0.1435E-10  0.3086E-11  0.1172E-10  0.6904E-05 -0.6904E-05
   27.5-    30 6  0.1541E-12   0.000      0.1492E-12  0.3407E-12  0.7129E-12  0.6190E-10  0.1840E-03 -0.1840E-03
   28.5+    27 1   0.000       0.000      0.2321E-11  0.5188E-13  0.1307E-09  0.3135E-09  0.5268E-04 -0.5268E-04
   28.5+    27 2   0.000       0.000      0.1730E-10  0.4783E-14  0.1058E-09  0.2587E-09  0.5782E-04 -0.5782E-04
   28.5+    29 3  0.3990E-13   0.000      0.2051E-13  0.1347E-11  0.6926E-11  0.3970E-10  0.9473E-04 -0.9473E-04
   28.5+    29 4   0.000       0.000      0.9229E-12  0.1787E-11  0.4102E-11  0.3803E-10  0.1563E-03 -0.1563E-03
   28.5+    29 5 -0.7979E-13   0.000      0.7412E-12  0.4807E-11  0.1465E-11  0.8540E-11  0.6885E-04 -0.6885E-04
   28.5+    31 6   0.000       0.000      0.4772E-13  0.1135E-12  0.1431E-11  0.4679E-10  0.3761E-03 -0.3761E-03
   28.5-    26 1   0.000       0.000      0.1558E-12  0.7820E-13  0.6525E-09  0.9288E-09  0.7618E-04 -0.7618E-04
   28.5-    28 2  0.3990E-13   0.000      0.1561E-11  0.9348E-14  0.1275E-10  0.3145E-10  0.1681E-04 -0.1681E-04
   28.5-    28 3 -0.7979E-13   0.000      0.2728E-11  0.1908E-11  0.2470E-10  0.6219E-10  0.3425E-04 -0.3425E-04
   28.5-    28 4  0.3990E-13   0.000      0.5039E-11  0.1044E-10  0.1357E-10  0.3673E-10  0.2069E-04 -0.2069E-04
   28.5-    30 5  0.3990E-13   0.000      0.9800E-13  0.4373E-13  0.2122E-11  0.3416E-10  0.1033E-03 -0.1033E-03
   28.5-    30 6  0.1197E-12   0.000      0.1877E-12  0.9530E-12  0.5442E-11  0.1194E-10  0.1107E-03 -0.1107E-03
   29.5+    27 1   0.000       0.000      0.4823E-13  0.1388E-13  0.2308E-09  0.5521E-09  0.8663E-04 -0.8663E-04
   29.5+    29 2   0.000       0.000      0.4985E-12  0.1512E-14  0.4643E-11  0.2987E-10  0.2716E-04 -0.2716E-04
   29.5+    29 3 -0.8254E-13   0.000      0.8671E-12  0.6411E-12  0.9485E-11  0.5986E-10  0.8895E-04 -0.8895E-04
   29.5+    29 4 -0.8254E-13   0.000      0.1608E-11  0.3492E-11  0.5395E-11  0.3177E-10  0.9140E-04 -0.9140E-04
   29.5+    31 5   0.000       0.000      0.2821E-13  0.1472E-13  0.7360E-12  0.1187E-10  0.2130E-03 -0.2130E-03
   29.5+    31 6   0.000       0.000      0.5993E-13  0.3174E-12  0.8826E-11  0.2723E-10  0.2272E-03 -0.2272E-03
   29.5-    28 1   0.000       0.000      0.7453E-12  0.2263E-13  0.4557E-10  0.1097E-09  0.5746E-04 -0.5746E-04
   29.5-    28 2  0.4127E-13   0.000      0.5500E-11  0.9718E-15  0.3694E-10  0.9167E-10  0.4870E-04 -0.4870E-04
   29.5-    30 3  0.8254E-13   0.000      0.1369E-13  0.4517E-12  0.5871E-11  0.2024E-10  0.4913E-04 -0.4913E-04
   29.5-    30 4  0.4127E-13   0.000      0.2958E-12  0.5976E-12  0.7109E-11  0.2054E-10  0.7685E-04 -0.7685E-04
   29.5-    30 5 -0.8254E-13   0.000      0.2405E-12  0.1613E-11  0.5379E-12  0.1083E-10  0.3328E-04 -0.3328E-04
   29.5-    32 6  0.4127E-13   0.000      0.1540E-13  0.3847E-13  0.5900E-11  0.1359E-10  0.7321E-03 -0.7321E-03
   30.5+    29 1   0.000       0.000      0.2386E-12  0.6687E-15  0.1658E-10  0.1017E-09  0.3849E-04 -0.3849E-04
   30.5+    29 2   0.000       0.000      0.1749E-11  0.7295E-15  0.1328E-10  0.8259E-10  0.7863E-04 -0.7863E-04
   30.5+    31 3   0.000       0.000      0.2800E-14  0.1523E-12  0.3670E-11  0.2380E-10  0.1035E-03 -0.1035E-03
   30.5+    31 4   0.000       0.000      0.1022E-12  0.1998E-12  0.3762E-11  0.2710E-10  0.1595E-03 -0.1595E-03
   30.5+    31 5   0.000       0.000      0.7892E-13  0.5400E-12  0.2865E-11  0.1265E-10  0.6870E-04 -0.6870E-04
   30.5+    33 6   0.000       0.000      0.4822E-14  0.1293E-13  0.5896E-11  0.5181E-10  0.2897E-03 -0.2897E-03
   30.5-    28 1  0.1706E-12   0.000      0.1443E-13  0.8158E-14  0.8063E-10  0.1937E-09  0.1005E-03 -0.1005E-03
   30.5-    30 2   0.000       0.000      0.1595E-12  0.3620E-14  0.2342E-11  0.1816E-10  0.1719E-04 -0.1719E-04
   30.5-    30 3   0.000       0.000      0.2763E-12  0.2160E-12  0.4321E-11  0.4220E-10  0.5018E-04 -0.5018E-04
   30.5-    30 4  0.4265E-13   0.000      0.5122E-12  0.1170E-11  0.1896E-11  0.1851E-10  0.4743E-04 -0.4743E-04
   30.5-    32 5  0.4265E-13   0.000      0.2021E-13  0.5035E-14  0.4083E-11  0.1974E-10  0.4029E-03 -0.4029E-03
   30.5-    32 6   0.000       0.000      0.1928E-13  0.1085E-12  0.7928E-11  0.2213E-10  0.4400E-03 -0.4400E-03
