# 181 angles,  1 tensor ranks for 0=projectile
@subtitle   "7Li(d,p) @ 7.5AMeV ADWA (d) + KD (p)"                                          
@legend ON
@legend x1 0.2
@legend y1 0.8
@g0 type LOGY
@yaxis ticklabel format power
@legend string   0 "Lab energy =   14.5311"
#legend string   0 "Partition=  2 Excit=  3 near/far= 1"
#  Theta       sigma       iT11        T20         T21         T22         Kyy for projectile
   0.000       55.23    
   1.000       55.11    
   2.000       54.76    
   3.000       54.18    
   4.000       53.37    
   5.000       52.36    
   6.000       51.16    
   7.000       49.77    
   8.000       48.23    
   9.000       46.55    
   10.00       44.75    
   11.00       42.85    
   12.00       40.87    
   13.00       38.84    
   14.00       36.78    
   15.00       34.70    
   16.00       32.62    
   17.00       30.57    
   18.00       28.55    
   19.00       26.58    
   20.00       24.67    
   21.00       22.83    
   22.00       21.06    
   23.00       19.39    
   24.00       17.80    
   25.00       16.30    
   26.00       14.90    
   27.00       13.60    
   28.00       12.39    
   29.00       11.27    
   30.00       10.25    
   31.00       9.313    
   32.00       8.464    
   33.00       7.697    
   34.00       7.007    
   35.00       6.391    
   36.00       5.843    
   37.00       5.360    
   38.00       4.935    
   39.00       4.564    
   40.00       4.244    
   41.00       3.968    
   42.00       3.732    
   43.00       3.533    
   44.00       3.366    
   45.00       3.228    
   46.00       3.113    
   47.00       3.020    
   48.00       2.945    
   49.00       2.885    
   50.00       2.838    
   51.00       2.800    
   52.00       2.770    
   53.00       2.745    
   54.00       2.725    
   55.00       2.707    
   56.00       2.690    
   57.00       2.673    
   58.00       2.654    
   59.00       2.634    
   60.00       2.612    
   61.00       2.586    
   62.00       2.557    
   63.00       2.525    
   64.00       2.488    
   65.00       2.448    
   66.00       2.403    
   67.00       2.355    
   68.00       2.304    
   69.00       2.249    
   70.00       2.190    
   71.00       2.129    
   72.00       2.066    
   73.00       2.000    
   74.00       1.933    
   75.00       1.864    
   76.00       1.794    
   77.00       1.723    
   78.00       1.652    
   79.00       1.581    
   80.00       1.510    
   81.00       1.440    
   82.00       1.371    
   83.00       1.303    
   84.00       1.237    
   85.00       1.172    
   86.00       1.110    
   87.00       1.049    
   88.00      0.9908    
   89.00      0.9349    
   90.00      0.8815    
   91.00      0.8307    
   92.00      0.7826    
   93.00      0.7372    
   94.00      0.6946    
   95.00      0.6547    
   96.00      0.6176    
   97.00      0.5832    
   98.00      0.5514    
   99.00      0.5222    
   100.0      0.4955    
   101.0      0.4713    
   102.0      0.4494    
   103.0      0.4298    
   104.0      0.4123    
   105.0      0.3968    
   106.0      0.3832    
   107.0      0.3714    
   108.0      0.3613    
   109.0      0.3527    
   110.0      0.3456    
   111.0      0.3397    
   112.0      0.3350    
   113.0      0.3314    
   114.0      0.3288    
   115.0      0.3271    
   116.0      0.3261    
   117.0      0.3258    
   118.0      0.3260    
   119.0      0.3268    
   120.0      0.3280    
   121.0      0.3296    
   122.0      0.3315    
   123.0      0.3337    
   124.0      0.3361    
   125.0      0.3386    
   126.0      0.3413    
   127.0      0.3441    
   128.0      0.3470    
   129.0      0.3499    
   130.0      0.3530    
   131.0      0.3560    
   132.0      0.3592    
   133.0      0.3624    
   134.0      0.3656    
   135.0      0.3689    
   136.0      0.3723    
   137.0      0.3757    
   138.0      0.3793    
   139.0      0.3829    
   140.0      0.3867    
   141.0      0.3906    
   142.0      0.3946    
   143.0      0.3988    
   144.0      0.4032    
   145.0      0.4077    
   146.0      0.4124    
   147.0      0.4173    
   148.0      0.4223    
   149.0      0.4275    
   150.0      0.4329    
   151.0      0.4384    
   152.0      0.4442    
   153.0      0.4500    
   154.0      0.4560    
   155.0      0.4621    
   156.0      0.4683    
   157.0      0.4746    
   158.0      0.4809    
   159.0      0.4872    
   160.0      0.4935    
   161.0      0.4998    
   162.0      0.5061    
   163.0      0.5122    
   164.0      0.5182    
   165.0      0.5240    
   166.0      0.5297    
   167.0      0.5351    
   168.0      0.5403    
   169.0      0.5452    
   170.0      0.5498    
   171.0      0.5540    
   172.0      0.5578    
   173.0      0.5613    
   174.0      0.5644    
   175.0      0.5670    
   176.0      0.5691    
   177.0      0.5708    
   178.0      0.5720    
   179.0      0.5728    
   180.0      0.5730    
 END
