# Fusion cross sections for ELAB=  14.531, ECM=  11.290
     0.5   34.55       35.20      0.6502    
     1.5   108.5       112.2       3.736    
     2.5   170.2       180.2       9.959    
     3.5   165.4       187.1       21.74    
     4.5   114.4       151.5       37.14    
     5.5   44.63       91.50       46.87    
     6.5  -7.233       39.07       46.31    
     7.5  -13.08       7.564       20.64    
     8.5  -5.946       1.326       7.272    
     9.5  -2.286      0.2510       2.537    
    10.5 -0.8336      0.4888E-01  0.8825    
    11.5 -0.3033      0.9610E-02  0.3129    
    12.5 -0.1107      0.1898E-02  0.1126    
    13.5 -0.4264E-01  0.3773E-03  0.4302E-01
    14.5 -0.1776E-01  0.7562E-04  0.1783E-01
    15.5 -0.8360E-02  0.1533E-04  0.8375E-02
    16.5 -0.4951E-02  0.3143E-05  0.4955E-02
    17.5 -0.3118E-02  0.6486E-06  0.3119E-02
    18.5 -0.2657E-02  0.1333E-06  0.2657E-02
    19.5 -0.1954E-02  0.2686E-07  0.1954E-02
    20.5 -0.1892E-02  0.5216E-08  0.1892E-02
    21.5 -0.1476E-02  0.9612E-09  0.1476E-02
    22.5 -0.1380E-02  0.1660E-09  0.1380E-02
    23.5 -0.1149E-02  0.2674E-10  0.1149E-02
    24.5 -0.1097E-02  0.3921E-11  0.1097E-02
    25.5 -0.1055E-02  0.5008E-12  0.1055E-02
    26.5 -0.1069E-02  0.1262E-28  0.1069E-02
    27.5 -0.1237E-02  0.2311E-12  0.1237E-02
    28.5 -0.1168E-02  0.1197E-12  0.1168E-02
    29.5 -0.1732E-02 -0.4127E-13  0.1732E-02
    30.5 -0.1797E-02  0.2559E-12  0.1797E-02
 &
