# 181 angles,  1 tensor ranks for 0=projectile
@subtitle   "7Li(d,p) @ 7.5AMeV ADWA (d) + KD (p)"                                          
@legend ON
@legend x1 0.2
@legend y1 0.8
@g0 type LOGY
@yaxis ticklabel format power
@legend string   0 "Lab energy =   14.5311"
#legend string   0 "Partition=  1 Excit=  1 near/far= 1"
#  Theta       sigma       iT11        T20         T21         T22         Kyy for projectile
  0.1000E-01  0.1578E+16
   1.000      0.1553E+08
   2.000      0.9315E+06
   3.000      0.1736E+06
   4.000      0.5136E+05
   5.000      0.1969E+05
   6.000       9021.    
   7.000       4771.    
   8.000       2869.    
   9.000       1941.    
   10.00       1454.    
   11.00       1181.    
   12.00       1016.    
   13.00       909.0    
   14.00       833.0    
   15.00       774.1    
   16.00       724.6    
   17.00       680.3    
   18.00       639.1    
   19.00       599.5    
   20.00       561.1    
   21.00       523.5    
   22.00       486.8    
   23.00       450.8    
   24.00       415.8    
   25.00       381.8    
   26.00       349.1    
   27.00       317.6    
   28.00       287.6    
   29.00       259.1    
   30.00       232.3    
   31.00       207.0    
   32.00       183.5    
   33.00       161.7    
   34.00       141.6    
   35.00       123.1    
   36.00       106.3    
   37.00       91.12    
   38.00       77.46    
   39.00       65.26    
   40.00       54.45    
   41.00       44.95    
   42.00       36.66    
   43.00       29.51    
   44.00       23.40    
   45.00       18.23    
   46.00       13.92    
   47.00       10.37    
   48.00       7.512    
   49.00       5.251    
   50.00       3.512    
   51.00       2.223    
   52.00       1.315    
   53.00      0.7271    
   54.00      0.4011    
   55.00      0.2857    
   56.00      0.3346    
   57.00      0.5070    
   58.00      0.7670    
   59.00       1.084    
   60.00       1.432    
   61.00       1.788    
   62.00       2.136    
   63.00       2.462    
   64.00       2.753    
   65.00       3.003    
   66.00       3.206    
   67.00       3.360    
   68.00       3.464    
   69.00       3.518    
   70.00       3.524    
   71.00       3.485    
   72.00       3.406    
   73.00       3.291    
   74.00       3.145    
   75.00       2.972    
   76.00       2.779    
   77.00       2.571    
   78.00       2.351    
   79.00       2.126    
   80.00       1.899    
   81.00       1.675    
   82.00       1.457    
   83.00       1.249    
   84.00       1.053    
   85.00      0.8723    
   86.00      0.7080    
   87.00      0.5621    
   88.00      0.4357    
   89.00      0.3297    
   90.00      0.2447    
   91.00      0.1808    
   92.00      0.1381    
   93.00      0.1163    
   94.00      0.1149    
   95.00      0.1333    
   96.00      0.1706    
   97.00      0.2260    
   98.00      0.2983    
   99.00      0.3865    
   100.0      0.4892    
   101.0      0.6052    
   102.0      0.7331    
   103.0      0.8713    
   104.0       1.019    
   105.0       1.173    
   106.0       1.334    
   107.0       1.499    
   108.0       1.666    
   109.0       1.834    
   110.0       2.002    
   111.0       2.168    
   112.0       2.330    
   113.0       2.486    
   114.0       2.635    
   115.0       2.775    
   116.0       2.905    
   117.0       3.024    
   118.0       3.129    
   119.0       3.221    
   120.0       3.297    
   121.0       3.356    
   122.0       3.399    
   123.0       3.423    
   124.0       3.429    
   125.0       3.417    
   126.0       3.386    
   127.0       3.336    
   128.0       3.269    
   129.0       3.184    
   130.0       3.082    
   131.0       2.965    
   132.0       2.833    
   133.0       2.689    
   134.0       2.535    
   135.0       2.371    
   136.0       2.201    
   137.0       2.026    
   138.0       1.849    
   139.0       1.673    
   140.0       1.501    
   141.0       1.334    
   142.0       1.175    
   143.0       1.027    
   144.0      0.8934    
   145.0      0.7754    
   146.0      0.6755    
   147.0      0.5960    
   148.0      0.5386    
   149.0      0.5050    
   150.0      0.4965    
   151.0      0.5141    
   152.0      0.5585    
   153.0      0.6301    
   154.0      0.7289    
   155.0      0.8546    
   156.0       1.006    
   157.0       1.183    
   158.0       1.384    
   159.0       1.606    
   160.0       1.849    
   161.0       2.108    
   162.0       2.383    
   163.0       2.669    
   164.0       2.964    
   165.0       3.264    
   166.0       3.567    
   167.0       3.868    
   168.0       4.164    
   169.0       4.452    
   170.0       4.729    
   171.0       4.990    
   172.0       5.234    
   173.0       5.456    
   174.0       5.654    
   175.0       5.826    
   176.0       5.970    
   177.0       6.084    
   178.0       6.166    
   179.0       6.216    
   180.0       6.233    
 END
