# Fusion cross sections for ELAB=  14.531, ECM=  11.290
     0.5   16.62      1
     0.5   34.55     -1
     1.5   54.38      1
     1.5   108.5     -1
     2.5   80.44      1
     2.5   170.2     -1
     3.5   83.67      1
     3.5   165.4     -1
     4.5   49.00      1
     4.5   114.4     -1
     5.5   26.51      1
     5.5   44.63     -1
     6.5  -5.012      1
     6.5  -7.233     -1
     7.5  -9.537      1
     7.5  -13.08     -1
     8.5  -1.521      1
     8.5  -5.946     -1
     9.5  -1.707      1
     9.5  -2.286     -1
    10.5 -0.2149      1
    10.5 -0.8336     -1
    11.5 -0.2246      1
    11.5 -0.3033     -1
    12.5 -0.2933E-01  1
    12.5 -0.1107     -1
    13.5 -0.3018E-01  1
    13.5 -0.4264E-01 -1
    14.5 -0.4757E-02  1
    14.5 -0.1776E-01 -1
    15.5 -0.4955E-02  1
    15.5 -0.8360E-02 -1
    16.5 -0.1320E-02  1
    16.5 -0.4951E-02 -1
    17.5 -0.1424E-02  1
    17.5 -0.3118E-02 -1
    18.5 -0.8485E-03  1
    18.5 -0.2657E-02 -1
    19.5 -0.9479E-03  1
    19.5 -0.1954E-02 -1
    20.5 -0.8147E-03  1
    20.5 -0.1892E-02 -1
    21.5 -0.9237E-03  1
    21.5 -0.1476E-02 -1
    22.5 -0.7791E-03  1
    22.5 -0.1380E-02 -1
    23.5 -0.8899E-03  1
    23.5 -0.1149E-02 -1
    24.5 -0.8074E-03  1
    24.5 -0.1097E-02 -1
    25.5 -0.9076E-03  1
    25.5 -0.1055E-02 -1
    26.5 -0.8899E-03  1
    26.5 -0.1069E-02 -1
    27.5 -0.9254E-03  1
    27.5 -0.1237E-02 -1
    28.5 -0.8065E-03  1
    28.5 -0.1168E-02 -1
    29.5 -0.7343E-03  1
    29.5 -0.1732E-02 -1
    30.5 -0.7385E-03  1
    30.5 -0.1797E-02 -1
 &
