# 181 angles,  1 tensor ranks for 0=projectile
@subtitle   "7Li(d,p) @ 7.5AMeV ADWA (d) + KD (p)"                                          
@legend ON
@legend x1 0.2
@legend y1 0.8
@g0 type LOGY
@yaxis ticklabel format power
@legend string   0 "Lab energy =   14.5311"
#legend string   0 "Partition=  2 Excit=  4 near/far= 1"
#  Theta       sigma       iT11        T20         T21         T22         Kyy for projectile
   0.000       52.86    
   1.000       52.74    
   2.000       52.39    
   3.000       51.81    
   4.000       51.00    
   5.000       49.99    
   6.000       48.79    
   7.000       47.42    
   8.000       45.89    
   9.000       44.23    
   10.00       42.45    
   11.00       40.59    
   12.00       38.65    
   13.00       36.68    
   14.00       34.67    
   15.00       32.66    
   16.00       30.66    
   17.00       28.68    
   18.00       26.75    
   19.00       24.87    
   20.00       23.06    
   21.00       21.32    
   22.00       19.65    
   23.00       18.07    
   24.00       16.59    
   25.00       15.19    
   26.00       13.88    
   27.00       12.67    
   28.00       11.55    
   29.00       10.51    
   30.00       9.567    
   31.00       8.705    
   32.00       7.923    
   33.00       7.218    
   34.00       6.586    
   35.00       6.021    
   36.00       5.519    
   37.00       5.077    
   38.00       4.688    
   39.00       4.349    
   40.00       4.055    
   41.00       3.802    
   42.00       3.586    
   43.00       3.403    
   44.00       3.248    
   45.00       3.119    
   46.00       3.012    
   47.00       2.924    
   48.00       2.853    
   49.00       2.794    
   50.00       2.747    
   51.00       2.708    
   52.00       2.677    
   53.00       2.650    
   54.00       2.627    
   55.00       2.606    
   56.00       2.586    
   57.00       2.566    
   58.00       2.544    
   59.00       2.522    
   60.00       2.497    
   61.00       2.469    
   62.00       2.438    
   63.00       2.404    
   64.00       2.366    
   65.00       2.326    
   66.00       2.281    
   67.00       2.234    
   68.00       2.183    
   69.00       2.129    
   70.00       2.073    
   71.00       2.014    
   72.00       1.953    
   73.00       1.890    
   74.00       1.825    
   75.00       1.760    
   76.00       1.693    
   77.00       1.626    
   78.00       1.559    
   79.00       1.491    
   80.00       1.425    
   81.00       1.358    
   82.00       1.293    
   83.00       1.229    
   84.00       1.166    
   85.00       1.105    
   86.00       1.046    
   87.00      0.9886    
   88.00      0.9335    
   89.00      0.8806    
   90.00      0.8300    
   91.00      0.7819    
   92.00      0.7362    
   93.00      0.6931    
   94.00      0.6525    
   95.00      0.6145    
   96.00      0.5790    
   97.00      0.5461    
   98.00      0.5156    
   99.00      0.4875    
   100.0      0.4618    
   101.0      0.4383    
   102.0      0.4171    
   103.0      0.3979    
   104.0      0.3808    
   105.0      0.3655    
   106.0      0.3521    
   107.0      0.3403    
   108.0      0.3301    
   109.0      0.3214    
   110.0      0.3141    
   111.0      0.3080    
   112.0      0.3030    
   113.0      0.2991    
   114.0      0.2961    
   115.0      0.2940    
   116.0      0.2926    
   117.0      0.2919    
   118.0      0.2918    
   119.0      0.2922    
   120.0      0.2930    
   121.0      0.2943    
   122.0      0.2958    
   123.0      0.2976    
   124.0      0.2997    
   125.0      0.3019    
   126.0      0.3043    
   127.0      0.3069    
   128.0      0.3095    
   129.0      0.3122    
   130.0      0.3150    
   131.0      0.3179    
   132.0      0.3208    
   133.0      0.3238    
   134.0      0.3268    
   135.0      0.3299    
   136.0      0.3331    
   137.0      0.3363    
   138.0      0.3396    
   139.0      0.3430    
   140.0      0.3465    
   141.0      0.3501    
   142.0      0.3538    
   143.0      0.3576    
   144.0      0.3615    
   145.0      0.3656    
   146.0      0.3699    
   147.0      0.3742    
   148.0      0.3788    
   149.0      0.3834    
   150.0      0.3882    
   151.0      0.3932    
   152.0      0.3982    
   153.0      0.4034    
   154.0      0.4087    
   155.0      0.4141    
   156.0      0.4195    
   157.0      0.4251    
   158.0      0.4306    
   159.0      0.4362    
   160.0      0.4417    
   161.0      0.4472    
   162.0      0.4527    
   163.0      0.4580    
   164.0      0.4633    
   165.0      0.4684    
   166.0      0.4733    
   167.0      0.4781    
   168.0      0.4826    
   169.0      0.4868    
   170.0      0.4908    
   171.0      0.4945    
   172.0      0.4979    
   173.0      0.5009    
   174.0      0.5035    
   175.0      0.5058    
   176.0      0.5077    
   177.0      0.5092    
   178.0      0.5102    
   179.0      0.5109    
   180.0      0.5111    
 END
