# 181 angles,  1 tensor ranks for 0=projectile
@subtitle   "7Li(d,p) @ 7.5AMeV ADWA (d) + KD (p)"                                          
@legend ON
@legend x1 0.2
@legend y1 0.8
@g0 type LOGY
@yaxis ticklabel format power
@xaxis label "Scattering angle (degrees)"
@yaxis label "Cross section (mb/sr)"
@legend string   0 "Partition=  1 Excit=  1 near/far= 1"
#legend string   0 "Lab energy =   14.5311"
@s0 linestyle   1
#  Theta       sigma       iT11        T20         T21         T22         Kyy for projectile
  0.1000E-01  0.1578E+16
   1.000      0.1553E+08
   2.000      0.9315E+06
   3.000      0.1736E+06
   4.000      0.5136E+05
   5.000      0.1969E+05
   6.000       9021.    
   7.000       4771.    
   8.000       2869.    
   9.000       1941.    
   10.00       1454.    
   11.00       1181.    
   12.00       1016.    
   13.00       909.0    
   14.00       833.0    
   15.00       774.1    
   16.00       724.6    
   17.00       680.3    
   18.00       639.1    
   19.00       599.5    
   20.00       561.1    
   21.00       523.5    
   22.00       486.8    
   23.00       450.8    
   24.00       415.8    
   25.00       381.8    
   26.00       349.1    
   27.00       317.6    
   28.00       287.6    
   29.00       259.1    
   30.00       232.3    
   31.00       207.0    
   32.00       183.5    
   33.00       161.7    
   34.00       141.6    
   35.00       123.1    
   36.00       106.3    
   37.00       91.12    
   38.00       77.46    
   39.00       65.26    
   40.00       54.45    
   41.00       44.95    
   42.00       36.66    
   43.00       29.51    
   44.00       23.40    
   45.00       18.23    
   46.00       13.92    
   47.00       10.37    
   48.00       7.512    
   49.00       5.251    
   50.00       3.512    
   51.00       2.223    
   52.00       1.315    
   53.00      0.7271    
   54.00      0.4011    
   55.00      0.2857    
   56.00      0.3346    
   57.00      0.5070    
   58.00      0.7670    
   59.00       1.084    
   60.00       1.432    
   61.00       1.788    
   62.00       2.136    
   63.00       2.462    
   64.00       2.753    
   65.00       3.003    
   66.00       3.206    
   67.00       3.360    
   68.00       3.464    
   69.00       3.518    
   70.00       3.524    
   71.00       3.485    
   72.00       3.406    
   73.00       3.291    
   74.00       3.145    
   75.00       2.972    
   76.00       2.779    
   77.00       2.571    
   78.00       2.351    
   79.00       2.126    
   80.00       1.899    
   81.00       1.675    
   82.00       1.457    
   83.00       1.249    
   84.00       1.053    
   85.00      0.8723    
   86.00      0.7080    
   87.00      0.5621    
   88.00      0.4357    
   89.00      0.3297    
   90.00      0.2447    
   91.00      0.1808    
   92.00      0.1381    
   93.00      0.1163    
   94.00      0.1149    
   95.00      0.1333    
   96.00      0.1706    
   97.00      0.2260    
   98.00      0.2983    
   99.00      0.3865    
   100.0      0.4892    
   101.0      0.6052    
   102.0      0.7331    
   103.0      0.8713    
   104.0       1.019    
   105.0       1.173    
   106.0       1.334    
   107.0       1.499    
   108.0       1.666    
   109.0       1.834    
   110.0       2.002    
   111.0       2.168    
   112.0       2.330    
   113.0       2.486    
   114.0       2.635    
   115.0       2.775    
   116.0       2.905    
   117.0       3.024    
   118.0       3.129    
   119.0       3.221    
   120.0       3.297    
   121.0       3.356    
   122.0       3.399    
   123.0       3.423    
   124.0       3.429    
   125.0       3.417    
   126.0       3.386    
   127.0       3.336    
   128.0       3.269    
   129.0       3.184    
   130.0       3.082    
   131.0       2.965    
   132.0       2.833    
   133.0       2.689    
   134.0       2.535    
   135.0       2.371    
   136.0       2.201    
   137.0       2.026    
   138.0       1.849    
   139.0       1.673    
   140.0       1.501    
   141.0       1.334    
   142.0       1.175    
   143.0       1.027    
   144.0      0.8934    
   145.0      0.7754    
   146.0      0.6755    
   147.0      0.5960    
   148.0      0.5386    
   149.0      0.5050    
   150.0      0.4965    
   151.0      0.5141    
   152.0      0.5585    
   153.0      0.6301    
   154.0      0.7289    
   155.0      0.8546    
   156.0       1.006    
   157.0       1.183    
   158.0       1.384    
   159.0       1.606    
   160.0       1.849    
   161.0       2.108    
   162.0       2.383    
   163.0       2.669    
   164.0       2.964    
   165.0       3.264    
   166.0       3.567    
   167.0       3.868    
   168.0       4.164    
   169.0       4.452    
   170.0       4.729    
   171.0       4.990    
   172.0       5.234    
   173.0       5.456    
   174.0       5.654    
   175.0       5.826    
   176.0       5.970    
   177.0       6.084    
   178.0       6.166    
   179.0       6.216    
   180.0       6.233    
 END
@legend string   1 "Partition=  2 Excit=  1 near/far= 1"
#legend string   0 "Lab energy =   14.5311"
@s1 linestyle   2
#  Theta       sigma       iT11        T20         T21         T22         Kyy for projectile
   0.000       29.55    
   1.000       29.55    
   2.000       29.55    
   3.000       29.56    
   4.000       29.55    
   5.000       29.53    
   6.000       29.47    
   7.000       29.37    
   8.000       29.21    
   9.000       28.99    
   10.00       28.69    
   11.00       28.30    
   12.00       27.81    
   13.00       27.24    
   14.00       26.56    
   15.00       25.79    
   16.00       24.93    
   17.00       23.98    
   18.00       22.97    
   19.00       21.89    
   20.00       20.76    
   21.00       19.59    
   22.00       18.39    
   23.00       17.18    
   24.00       15.98    
   25.00       14.78    
   26.00       13.61    
   27.00       12.47    
   28.00       11.37    
   29.00       10.32    
   30.00       9.320    
   31.00       8.383    
   32.00       7.510    
   33.00       6.702    
   34.00       5.961    
   35.00       5.287    
   36.00       4.680    
   37.00       4.137    
   38.00       3.658    
   39.00       3.238    
   40.00       2.876    
   41.00       2.567    
   42.00       2.308    
   43.00       2.095    
   44.00       1.923    
   45.00       1.789    
   46.00       1.688    
   47.00       1.616    
   48.00       1.570    
   49.00       1.545    
   50.00       1.539    
   51.00       1.547    
   52.00       1.567    
   53.00       1.596    
   54.00       1.631    
   55.00       1.670    
   56.00       1.710    
   57.00       1.751    
   58.00       1.791    
   59.00       1.828    
   60.00       1.860    
   61.00       1.888    
   62.00       1.911    
   63.00       1.927    
   64.00       1.937    
   65.00       1.941    
   66.00       1.938    
   67.00       1.929    
   68.00       1.914    
   69.00       1.892    
   70.00       1.865    
   71.00       1.833    
   72.00       1.796    
   73.00       1.755    
   74.00       1.710    
   75.00       1.661    
   76.00       1.610    
   77.00       1.557    
   78.00       1.502    
   79.00       1.447    
   80.00       1.390    
   81.00       1.334    
   82.00       1.277    
   83.00       1.222    
   84.00       1.168    
   85.00       1.114    
   86.00       1.063    
   87.00       1.014    
   88.00      0.9665    
   89.00      0.9217    
   90.00      0.8793    
   91.00      0.8395    
   92.00      0.8024    
   93.00      0.7680    
   94.00      0.7364    
   95.00      0.7074    
   96.00      0.6812    
   97.00      0.6575    
   98.00      0.6364    
   99.00      0.6176    
   100.0      0.6012    
   101.0      0.5870    
   102.0      0.5748    
   103.0      0.5646    
   104.0      0.5560    
   105.0      0.5491    
   106.0      0.5437    
   107.0      0.5396    
   108.0      0.5366    
   109.0      0.5346    
   110.0      0.5336    
   111.0      0.5333    
   112.0      0.5336    
   113.0      0.5345    
   114.0      0.5358    
   115.0      0.5374    
   116.0      0.5393    
   117.0      0.5413    
   118.0      0.5435    
   119.0      0.5458    
   120.0      0.5481    
   121.0      0.5504    
   122.0      0.5526    
   123.0      0.5549    
   124.0      0.5571    
   125.0      0.5593    
   126.0      0.5614    
   127.0      0.5635    
   128.0      0.5657    
   129.0      0.5678    
   130.0      0.5701    
   131.0      0.5724    
   132.0      0.5748    
   133.0      0.5774    
   134.0      0.5801    
   135.0      0.5830    
   136.0      0.5862    
   137.0      0.5896    
   138.0      0.5933    
   139.0      0.5972    
   140.0      0.6015    
   141.0      0.6062    
   142.0      0.6111    
   143.0      0.6164    
   144.0      0.6220    
   145.0      0.6280    
   146.0      0.6343    
   147.0      0.6409    
   148.0      0.6478    
   149.0      0.6550    
   150.0      0.6625    
   151.0      0.6702    
   152.0      0.6781    
   153.0      0.6862    
   154.0      0.6945    
   155.0      0.7028    
   156.0      0.7113    
   157.0      0.7197    
   158.0      0.7282    
   159.0      0.7366    
   160.0      0.7450    
   161.0      0.7532    
   162.0      0.7613    
   163.0      0.7692    
   164.0      0.7768    
   165.0      0.7842    
   166.0      0.7913    
   167.0      0.7980    
   168.0      0.8044    
   169.0      0.8104    
   170.0      0.8159    
   171.0      0.8210    
   172.0      0.8256    
   173.0      0.8298    
   174.0      0.8334    
   175.0      0.8365    
   176.0      0.8390    
   177.0      0.8410    
   178.0      0.8425    
   179.0      0.8433    
   180.0      0.8436    
 END
@legend string   2 "Partition=  2 Excit=  2 near/far= 1"
#legend string   0 "Lab energy =   14.5311"
@s2 linestyle   3
#  Theta       sigma       iT11        T20         T21         T22         Kyy for projectile
   0.000       22.86    
   1.000       22.83    
   2.000       22.75    
   3.000       22.61    
   4.000       22.41    
   5.000       22.16    
   6.000       21.85    
   7.000       21.48    
   8.000       21.06    
   9.000       20.58    
   10.00       20.04    
   11.00       19.45    
   12.00       18.81    
   13.00       18.12    
   14.00       17.40    
   15.00       16.64    
   16.00       15.85    
   17.00       15.04    
   18.00       14.22    
   19.00       13.38    
   20.00       12.55    
   21.00       11.72    
   22.00       10.90    
   23.00       10.11    
   24.00       9.331    
   25.00       8.583    
   26.00       7.867    
   27.00       7.186    
   28.00       6.542    
   29.00       5.937    
   30.00       5.373    
   31.00       4.851    
   32.00       4.370    
   33.00       3.930    
   34.00       3.530    
   35.00       3.170    
   36.00       2.847    
   37.00       2.561    
   38.00       2.309    
   39.00       2.089    
   40.00       1.899    
   41.00       1.736    
   42.00       1.599    
   43.00       1.484    
   44.00       1.391    
   45.00       1.315    
   46.00       1.256    
   47.00       1.211    
   48.00       1.179    
   49.00       1.156    
   50.00       1.142    
   51.00       1.135    
   52.00       1.133    
   53.00       1.135    
   54.00       1.140    
   55.00       1.147    
   56.00       1.155    
   57.00       1.163    
   58.00       1.170    
   59.00       1.175    
   60.00       1.179    
   61.00       1.181    
   62.00       1.181    
   63.00       1.177    
   64.00       1.171    
   65.00       1.162    
   66.00       1.150    
   67.00       1.135    
   68.00       1.118    
   69.00       1.098    
   70.00       1.075    
   71.00       1.050    
   72.00       1.023    
   73.00      0.9948    
   74.00      0.9646    
   75.00      0.9331    
   76.00      0.9006    
   77.00      0.8673    
   78.00      0.8334    
   79.00      0.7992    
   80.00      0.7649    
   81.00      0.7307    
   82.00      0.6969    
   83.00      0.6636    
   84.00      0.6310    
   85.00      0.5992    
   86.00      0.5684    
   87.00      0.5388    
   88.00      0.5104    
   89.00      0.4832    
   90.00      0.4575    
   91.00      0.4332    
   92.00      0.4103    
   93.00      0.3890    
   94.00      0.3691    
   95.00      0.3508    
   96.00      0.3339    
   97.00      0.3186    
   98.00      0.3046    
   99.00      0.2920    
   100.0      0.2808    
   101.0      0.2708    
   102.0      0.2621    
   103.0      0.2544    
   104.0      0.2479    
   105.0      0.2423    
   106.0      0.2377    
   107.0      0.2339    
   108.0      0.2309    
   109.0      0.2286    
   110.0      0.2269    
   111.0      0.2258    
   112.0      0.2251    
   113.0      0.2249    
   114.0      0.2251    
   115.0      0.2255    
   116.0      0.2262    
   117.0      0.2271    
   118.0      0.2282    
   119.0      0.2294    
   120.0      0.2308    
   121.0      0.2321    
   122.0      0.2336    
   123.0      0.2350    
   124.0      0.2365    
   125.0      0.2380    
   126.0      0.2394    
   127.0      0.2409    
   128.0      0.2424    
   129.0      0.2438    
   130.0      0.2452    
   131.0      0.2467    
   132.0      0.2482    
   133.0      0.2497    
   134.0      0.2512    
   135.0      0.2528    
   136.0      0.2544    
   137.0      0.2561    
   138.0      0.2579    
   139.0      0.2599    
   140.0      0.2619    
   141.0      0.2640    
   142.0      0.2663    
   143.0      0.2687    
   144.0      0.2713    
   145.0      0.2740    
   146.0      0.2769    
   147.0      0.2799    
   148.0      0.2831    
   149.0      0.2864    
   150.0      0.2899    
   151.0      0.2935    
   152.0      0.2972    
   153.0      0.3011    
   154.0      0.3050    
   155.0      0.3091    
   156.0      0.3132    
   157.0      0.3174    
   158.0      0.3216    
   159.0      0.3259    
   160.0      0.3301    
   161.0      0.3343    
   162.0      0.3385    
   163.0      0.3426    
   164.0      0.3466    
   165.0      0.3506    
   166.0      0.3544    
   167.0      0.3580    
   168.0      0.3614    
   169.0      0.3647    
   170.0      0.3678    
   171.0      0.3706    
   172.0      0.3732    
   173.0      0.3755    
   174.0      0.3775    
   175.0      0.3792    
   176.0      0.3807    
   177.0      0.3818    
   178.0      0.3826    
   179.0      0.3831    
   180.0      0.3832    
 END
@legend string   3 "Partition=  2 Excit=  3 near/far= 1"
#legend string   0 "Lab energy =   14.5311"
@s3 linestyle   4
#  Theta       sigma       iT11        T20         T21         T22         Kyy for projectile
   0.000       55.23    
   1.000       55.11    
   2.000       54.76    
   3.000       54.18    
   4.000       53.37    
   5.000       52.36    
   6.000       51.16    
   7.000       49.77    
   8.000       48.23    
   9.000       46.55    
   10.00       44.75    
   11.00       42.85    
   12.00       40.87    
   13.00       38.84    
   14.00       36.78    
   15.00       34.70    
   16.00       32.62    
   17.00       30.57    
   18.00       28.55    
   19.00       26.58    
   20.00       24.67    
   21.00       22.83    
   22.00       21.06    
   23.00       19.39    
   24.00       17.80    
   25.00       16.30    
   26.00       14.90    
   27.00       13.60    
   28.00       12.39    
   29.00       11.27    
   30.00       10.25    
   31.00       9.313    
   32.00       8.464    
   33.00       7.697    
   34.00       7.007    
   35.00       6.391    
   36.00       5.843    
   37.00       5.360    
   38.00       4.935    
   39.00       4.564    
   40.00       4.244    
   41.00       3.968    
   42.00       3.732    
   43.00       3.533    
   44.00       3.366    
   45.00       3.228    
   46.00       3.113    
   47.00       3.020    
   48.00       2.945    
   49.00       2.885    
   50.00       2.838    
   51.00       2.800    
   52.00       2.770    
   53.00       2.745    
   54.00       2.725    
   55.00       2.707    
   56.00       2.690    
   57.00       2.673    
   58.00       2.654    
   59.00       2.634    
   60.00       2.612    
   61.00       2.586    
   62.00       2.557    
   63.00       2.525    
   64.00       2.488    
   65.00       2.448    
   66.00       2.403    
   67.00       2.355    
   68.00       2.304    
   69.00       2.249    
   70.00       2.190    
   71.00       2.129    
   72.00       2.066    
   73.00       2.000    
   74.00       1.933    
   75.00       1.864    
   76.00       1.794    
   77.00       1.723    
   78.00       1.652    
   79.00       1.581    
   80.00       1.510    
   81.00       1.440    
   82.00       1.371    
   83.00       1.303    
   84.00       1.237    
   85.00       1.172    
   86.00       1.110    
   87.00       1.049    
   88.00      0.9908    
   89.00      0.9349    
   90.00      0.8815    
   91.00      0.8307    
   92.00      0.7826    
   93.00      0.7372    
   94.00      0.6946    
   95.00      0.6547    
   96.00      0.6176    
   97.00      0.5832    
   98.00      0.5514    
   99.00      0.5222    
   100.0      0.4955    
   101.0      0.4713    
   102.0      0.4494    
   103.0      0.4298    
   104.0      0.4123    
   105.0      0.3968    
   106.0      0.3832    
   107.0      0.3714    
   108.0      0.3613    
   109.0      0.3527    
   110.0      0.3456    
   111.0      0.3397    
   112.0      0.3350    
   113.0      0.3314    
   114.0      0.3288    
   115.0      0.3271    
   116.0      0.3261    
   117.0      0.3258    
   118.0      0.3260    
   119.0      0.3268    
   120.0      0.3280    
   121.0      0.3296    
   122.0      0.3315    
   123.0      0.3337    
   124.0      0.3361    
   125.0      0.3386    
   126.0      0.3413    
   127.0      0.3441    
   128.0      0.3470    
   129.0      0.3499    
   130.0      0.3530    
   131.0      0.3560    
   132.0      0.3592    
   133.0      0.3624    
   134.0      0.3656    
   135.0      0.3689    
   136.0      0.3723    
   137.0      0.3757    
   138.0      0.3793    
   139.0      0.3829    
   140.0      0.3867    
   141.0      0.3906    
   142.0      0.3946    
   143.0      0.3988    
   144.0      0.4032    
   145.0      0.4077    
   146.0      0.4124    
   147.0      0.4173    
   148.0      0.4223    
   149.0      0.4275    
   150.0      0.4329    
   151.0      0.4384    
   152.0      0.4442    
   153.0      0.4500    
   154.0      0.4560    
   155.0      0.4621    
   156.0      0.4683    
   157.0      0.4746    
   158.0      0.4809    
   159.0      0.4872    
   160.0      0.4935    
   161.0      0.4998    
   162.0      0.5061    
   163.0      0.5122    
   164.0      0.5182    
   165.0      0.5240    
   166.0      0.5297    
   167.0      0.5351    
   168.0      0.5403    
   169.0      0.5452    
   170.0      0.5498    
   171.0      0.5540    
   172.0      0.5578    
   173.0      0.5613    
   174.0      0.5644    
   175.0      0.5670    
   176.0      0.5691    
   177.0      0.5708    
   178.0      0.5720    
   179.0      0.5728    
   180.0      0.5730    
 END
@legend string   4 "Partition=  2 Excit=  4 near/far= 1"
#legend string   0 "Lab energy =   14.5311"
@s4 linestyle   5
#  Theta       sigma       iT11        T20         T21         T22         Kyy for projectile
   0.000       52.86    
   1.000       52.74    
   2.000       52.39    
   3.000       51.81    
   4.000       51.00    
   5.000       49.99    
   6.000       48.79    
   7.000       47.42    
   8.000       45.89    
   9.000       44.23    
   10.00       42.45    
   11.00       40.59    
   12.00       38.65    
   13.00       36.68    
   14.00       34.67    
   15.00       32.66    
   16.00       30.66    
   17.00       28.68    
   18.00       26.75    
   19.00       24.87    
   20.00       23.06    
   21.00       21.32    
   22.00       19.65    
   23.00       18.07    
   24.00       16.59    
   25.00       15.19    
   26.00       13.88    
   27.00       12.67    
   28.00       11.55    
   29.00       10.51    
   30.00       9.567    
   31.00       8.705    
   32.00       7.923    
   33.00       7.218    
   34.00       6.586    
   35.00       6.021    
   36.00       5.519    
   37.00       5.077    
   38.00       4.688    
   39.00       4.349    
   40.00       4.055    
   41.00       3.802    
   42.00       3.586    
   43.00       3.403    
   44.00       3.248    
   45.00       3.119    
   46.00       3.012    
   47.00       2.924    
   48.00       2.853    
   49.00       2.794    
   50.00       2.747    
   51.00       2.708    
   52.00       2.677    
   53.00       2.650    
   54.00       2.627    
   55.00       2.606    
   56.00       2.586    
   57.00       2.566    
   58.00       2.544    
   59.00       2.522    
   60.00       2.497    
   61.00       2.469    
   62.00       2.438    
   63.00       2.404    
   64.00       2.366    
   65.00       2.326    
   66.00       2.281    
   67.00       2.234    
   68.00       2.183    
   69.00       2.129    
   70.00       2.073    
   71.00       2.014    
   72.00       1.953    
   73.00       1.890    
   74.00       1.825    
   75.00       1.760    
   76.00       1.693    
   77.00       1.626    
   78.00       1.559    
   79.00       1.491    
   80.00       1.425    
   81.00       1.358    
   82.00       1.293    
   83.00       1.229    
   84.00       1.166    
   85.00       1.105    
   86.00       1.046    
   87.00      0.9886    
   88.00      0.9335    
   89.00      0.8806    
   90.00      0.8300    
   91.00      0.7819    
   92.00      0.7362    
   93.00      0.6931    
   94.00      0.6525    
   95.00      0.6145    
   96.00      0.5790    
   97.00      0.5461    
   98.00      0.5156    
   99.00      0.4875    
   100.0      0.4618    
   101.0      0.4383    
   102.0      0.4171    
   103.0      0.3979    
   104.0      0.3808    
   105.0      0.3655    
   106.0      0.3521    
   107.0      0.3403    
   108.0      0.3301    
   109.0      0.3214    
   110.0      0.3141    
   111.0      0.3080    
   112.0      0.3030    
   113.0      0.2991    
   114.0      0.2961    
   115.0      0.2940    
   116.0      0.2926    
   117.0      0.2919    
   118.0      0.2918    
   119.0      0.2922    
   120.0      0.2930    
   121.0      0.2943    
   122.0      0.2958    
   123.0      0.2976    
   124.0      0.2997    
   125.0      0.3019    
   126.0      0.3043    
   127.0      0.3069    
   128.0      0.3095    
   129.0      0.3122    
   130.0      0.3150    
   131.0      0.3179    
   132.0      0.3208    
   133.0      0.3238    
   134.0      0.3268    
   135.0      0.3299    
   136.0      0.3331    
   137.0      0.3363    
   138.0      0.3396    
   139.0      0.3430    
   140.0      0.3465    
   141.0      0.3501    
   142.0      0.3538    
   143.0      0.3576    
   144.0      0.3615    
   145.0      0.3656    
   146.0      0.3699    
   147.0      0.3742    
   148.0      0.3788    
   149.0      0.3834    
   150.0      0.3882    
   151.0      0.3932    
   152.0      0.3982    
   153.0      0.4034    
   154.0      0.4087    
   155.0      0.4141    
   156.0      0.4195    
   157.0      0.4251    
   158.0      0.4306    
   159.0      0.4362    
   160.0      0.4417    
   161.0      0.4472    
   162.0      0.4527    
   163.0      0.4580    
   164.0      0.4633    
   165.0      0.4684    
   166.0      0.4733    
   167.0      0.4781    
   168.0      0.4826    
   169.0      0.4868    
   170.0      0.4908    
   171.0      0.4945    
   172.0      0.4979    
   173.0      0.5009    
   174.0      0.5035    
   175.0      0.5058    
   176.0      0.5077    
   177.0      0.5092    
   178.0      0.5102    
   179.0      0.5109    
   180.0      0.5111    
 END
@legend string   5 "Partition=  2 Excit=  5 near/far= 1"
#legend string   0 "Lab energy =   14.5311"
@s5 linestyle   1
#  Theta       sigma       iT11        T20         T21         T22         Kyy for projectile
   0.000       136.5    
   1.000       135.9    
   2.000       134.3    
   3.000       131.3    
   4.000       127.0    
   5.000       121.3    
   6.000       114.3    
   7.000       106.6    
   8.000       98.59    
   9.000       90.78    
   10.00       83.62    
   11.00       77.38    
   12.00       72.09    
   13.00       67.60    
   14.00       63.66    
   15.00       59.94    
   16.00       56.19    
   17.00       52.24    
   18.00       48.07    
   19.00       43.79    
   20.00       39.58    
   21.00       35.61    
   22.00       32.03    
   23.00       28.89    
   24.00       26.17    
   25.00       23.80    
   26.00       21.69    
   27.00       19.78    
   28.00       18.01    
   29.00       16.40    
   30.00       14.96    
   31.00       13.71    
   32.00       12.68    
   33.00       11.86    
   34.00       11.21    
   35.00       10.69    
   36.00       10.25    
   37.00       9.870    
   38.00       9.519    
   39.00       9.199    
   40.00       8.921    
   41.00       8.698    
   42.00       8.536    
   43.00       8.429    
   44.00       8.362    
   45.00       8.314    
   46.00       8.264    
   47.00       8.196    
   48.00       8.105    
   49.00       7.993    
   50.00       7.868    
   51.00       7.739    
   52.00       7.612    
   53.00       7.488    
   54.00       7.363    
   55.00       7.230    
   56.00       7.081    
   57.00       6.914    
   58.00       6.729    
   59.00       6.529    
   60.00       6.321    
   61.00       6.111    
   62.00       5.902    
   63.00       5.695    
   64.00       5.488    
   65.00       5.278    
   66.00       5.061    
   67.00       4.838    
   68.00       4.611    
   69.00       4.382    
   70.00       4.158    
   71.00       3.942    
   72.00       3.736    
   73.00       3.539    
   74.00       3.349    
   75.00       3.165    
   76.00       2.982    
   77.00       2.802    
   78.00       2.623    
   79.00       2.450    
   80.00       2.284    
   81.00       2.129    
   82.00       1.984    
   83.00       1.850    
   84.00       1.725    
   85.00       1.607    
   86.00       1.495    
   87.00       1.387    
   88.00       1.284    
   89.00       1.186    
   90.00       1.096    
   91.00       1.012    
   92.00      0.9369    
   93.00      0.8685    
   94.00      0.8061    
   95.00      0.7485    
   96.00      0.6949    
   97.00      0.6449    
   98.00      0.5990    
   99.00      0.5576    
   100.0      0.5213    
   101.0      0.4902    
   102.0      0.4639    
   103.0      0.4415    
   104.0      0.4219    
   105.0      0.4040    
   106.0      0.3874    
   107.0      0.3720    
   108.0      0.3584    
   109.0      0.3473    
   110.0      0.3393    
   111.0      0.3345    
   112.0      0.3325    
   113.0      0.3326    
   114.0      0.3338    
   115.0      0.3352    
   116.0      0.3364    
   117.0      0.3375    
   118.0      0.3390    
   119.0      0.3414    
   120.0      0.3453    
   121.0      0.3508    
   122.0      0.3574    
   123.0      0.3642    
   124.0      0.3704    
   125.0      0.3755    
   126.0      0.3794    
   127.0      0.3827    
   128.0      0.3862    
   129.0      0.3910    
   130.0      0.3978    
   131.0      0.4067    
   132.0      0.4173    
   133.0      0.4279    
   134.0      0.4367    
   135.0      0.4422    
   136.0      0.4434    
   137.0      0.4409    
   138.0      0.4359    
   139.0      0.4308    
   140.0      0.4279    
   141.0      0.4291    
   142.0      0.4355    
   143.0      0.4471    
   144.0      0.4625    
   145.0      0.4789    
   146.0      0.4929    
   147.0      0.5009    
   148.0      0.5005    
   149.0      0.4915    
   150.0      0.4758    
   151.0      0.4567    
   152.0      0.4383    
   153.0      0.4238    
   154.0      0.4155    
   155.0      0.4145    
   156.0      0.4207    
   157.0      0.4334    
   158.0      0.4505    
   159.0      0.4693    
   160.0      0.4863    
   161.0      0.4985    
   162.0      0.5035    
   163.0      0.5011    
   164.0      0.4925    
   165.0      0.4802    
   166.0      0.4671    
   167.0      0.4555    
   168.0      0.4470    
   169.0      0.4419    
   170.0      0.4397    
   171.0      0.4392    
   172.0      0.4391    
   173.0      0.4381    
   174.0      0.4352    
   175.0      0.4304    
   176.0      0.4240    
   177.0      0.4171    
   178.0      0.4110    
   179.0      0.4069    
   180.0      0.4054    
 END
