# 181 angles,  1 tensor ranks for 0=projectile
@subtitle   "7Li(d,p) @ 7.5AMeV ADWA (d) + KD (p)"                                          
@legend ON
@legend x1 0.2
@legend y1 0.8
@g0 type LOGY
@yaxis ticklabel format power
@legend string   0 "Lab energy =   14.5311"
#legend string   0 "Partition=  2 Excit=  2 near/far= 1"
#  Theta       sigma       iT11        T20         T21         T22         Kyy for projectile
   0.000       22.86    
   1.000       22.83    
   2.000       22.75    
   3.000       22.61    
   4.000       22.41    
   5.000       22.16    
   6.000       21.85    
   7.000       21.48    
   8.000       21.06    
   9.000       20.58    
   10.00       20.04    
   11.00       19.45    
   12.00       18.81    
   13.00       18.12    
   14.00       17.40    
   15.00       16.64    
   16.00       15.85    
   17.00       15.04    
   18.00       14.22    
   19.00       13.38    
   20.00       12.55    
   21.00       11.72    
   22.00       10.90    
   23.00       10.11    
   24.00       9.331    
   25.00       8.583    
   26.00       7.867    
   27.00       7.186    
   28.00       6.542    
   29.00       5.937    
   30.00       5.373    
   31.00       4.851    
   32.00       4.370    
   33.00       3.930    
   34.00       3.530    
   35.00       3.170    
   36.00       2.847    
   37.00       2.561    
   38.00       2.309    
   39.00       2.089    
   40.00       1.899    
   41.00       1.736    
   42.00       1.599    
   43.00       1.484    
   44.00       1.391    
   45.00       1.315    
   46.00       1.256    
   47.00       1.211    
   48.00       1.179    
   49.00       1.156    
   50.00       1.142    
   51.00       1.135    
   52.00       1.133    
   53.00       1.135    
   54.00       1.140    
   55.00       1.147    
   56.00       1.155    
   57.00       1.163    
   58.00       1.170    
   59.00       1.175    
   60.00       1.179    
   61.00       1.181    
   62.00       1.181    
   63.00       1.177    
   64.00       1.171    
   65.00       1.162    
   66.00       1.150    
   67.00       1.135    
   68.00       1.118    
   69.00       1.098    
   70.00       1.075    
   71.00       1.050    
   72.00       1.023    
   73.00      0.9948    
   74.00      0.9646    
   75.00      0.9331    
   76.00      0.9006    
   77.00      0.8673    
   78.00      0.8334    
   79.00      0.7992    
   80.00      0.7649    
   81.00      0.7307    
   82.00      0.6969    
   83.00      0.6636    
   84.00      0.6310    
   85.00      0.5992    
   86.00      0.5684    
   87.00      0.5388    
   88.00      0.5104    
   89.00      0.4832    
   90.00      0.4575    
   91.00      0.4332    
   92.00      0.4103    
   93.00      0.3890    
   94.00      0.3691    
   95.00      0.3508    
   96.00      0.3339    
   97.00      0.3186    
   98.00      0.3046    
   99.00      0.2920    
   100.0      0.2808    
   101.0      0.2708    
   102.0      0.2621    
   103.0      0.2544    
   104.0      0.2479    
   105.0      0.2423    
   106.0      0.2377    
   107.0      0.2339    
   108.0      0.2309    
   109.0      0.2286    
   110.0      0.2269    
   111.0      0.2258    
   112.0      0.2251    
   113.0      0.2249    
   114.0      0.2251    
   115.0      0.2255    
   116.0      0.2262    
   117.0      0.2271    
   118.0      0.2282    
   119.0      0.2294    
   120.0      0.2308    
   121.0      0.2321    
   122.0      0.2336    
   123.0      0.2350    
   124.0      0.2365    
   125.0      0.2380    
   126.0      0.2394    
   127.0      0.2409    
   128.0      0.2424    
   129.0      0.2438    
   130.0      0.2452    
   131.0      0.2467    
   132.0      0.2482    
   133.0      0.2497    
   134.0      0.2512    
   135.0      0.2528    
   136.0      0.2544    
   137.0      0.2561    
   138.0      0.2579    
   139.0      0.2599    
   140.0      0.2619    
   141.0      0.2640    
   142.0      0.2663    
   143.0      0.2687    
   144.0      0.2713    
   145.0      0.2740    
   146.0      0.2769    
   147.0      0.2799    
   148.0      0.2831    
   149.0      0.2864    
   150.0      0.2899    
   151.0      0.2935    
   152.0      0.2972    
   153.0      0.3011    
   154.0      0.3050    
   155.0      0.3091    
   156.0      0.3132    
   157.0      0.3174    
   158.0      0.3216    
   159.0      0.3259    
   160.0      0.3301    
   161.0      0.3343    
   162.0      0.3385    
   163.0      0.3426    
   164.0      0.3466    
   165.0      0.3506    
   166.0      0.3544    
   167.0      0.3580    
   168.0      0.3614    
   169.0      0.3647    
   170.0      0.3678    
   171.0      0.3706    
   172.0      0.3732    
   173.0      0.3755    
   174.0      0.3775    
   175.0      0.3792    
   176.0      0.3807    
   177.0      0.3818    
   178.0      0.3826    
   179.0      0.3831    
   180.0      0.3832    
 END
