# 181 angles,  1 tensor ranks for 0=projectile
@subtitle   "7Li(d,p) @ 7.5AMeV ADWA (d) + KD (p)"                                          
@legend ON
@legend x1 0.2
@legend y1 0.8
@g0 type LOGY
@yaxis ticklabel format power
@legend string   0 "Lab energy =   14.5311"
#legend string   0 "Partition=  2 Excit=  5 near/far= 1"
#  Theta       sigma       iT11        T20         T21         T22         Kyy for projectile
   0.000       136.5    
   1.000       135.9    
   2.000       134.3    
   3.000       131.3    
   4.000       127.0    
   5.000       121.3    
   6.000       114.3    
   7.000       106.6    
   8.000       98.59    
   9.000       90.78    
   10.00       83.62    
   11.00       77.38    
   12.00       72.09    
   13.00       67.60    
   14.00       63.66    
   15.00       59.94    
   16.00       56.19    
   17.00       52.24    
   18.00       48.07    
   19.00       43.79    
   20.00       39.58    
   21.00       35.61    
   22.00       32.03    
   23.00       28.89    
   24.00       26.17    
   25.00       23.80    
   26.00       21.69    
   27.00       19.78    
   28.00       18.01    
   29.00       16.40    
   30.00       14.96    
   31.00       13.71    
   32.00       12.68    
   33.00       11.86    
   34.00       11.21    
   35.00       10.69    
   36.00       10.25    
   37.00       9.870    
   38.00       9.519    
   39.00       9.199    
   40.00       8.921    
   41.00       8.698    
   42.00       8.536    
   43.00       8.429    
   44.00       8.362    
   45.00       8.314    
   46.00       8.264    
   47.00       8.196    
   48.00       8.105    
   49.00       7.993    
   50.00       7.868    
   51.00       7.739    
   52.00       7.612    
   53.00       7.488    
   54.00       7.363    
   55.00       7.230    
   56.00       7.081    
   57.00       6.914    
   58.00       6.729    
   59.00       6.529    
   60.00       6.321    
   61.00       6.111    
   62.00       5.902    
   63.00       5.695    
   64.00       5.488    
   65.00       5.278    
   66.00       5.061    
   67.00       4.838    
   68.00       4.611    
   69.00       4.382    
   70.00       4.158    
   71.00       3.942    
   72.00       3.736    
   73.00       3.539    
   74.00       3.349    
   75.00       3.165    
   76.00       2.982    
   77.00       2.802    
   78.00       2.623    
   79.00       2.450    
   80.00       2.284    
   81.00       2.129    
   82.00       1.984    
   83.00       1.850    
   84.00       1.725    
   85.00       1.607    
   86.00       1.495    
   87.00       1.387    
   88.00       1.284    
   89.00       1.186    
   90.00       1.096    
   91.00       1.012    
   92.00      0.9369    
   93.00      0.8685    
   94.00      0.8061    
   95.00      0.7485    
   96.00      0.6949    
   97.00      0.6449    
   98.00      0.5990    
   99.00      0.5576    
   100.0      0.5213    
   101.0      0.4902    
   102.0      0.4639    
   103.0      0.4415    
   104.0      0.4219    
   105.0      0.4040    
   106.0      0.3874    
   107.0      0.3720    
   108.0      0.3584    
   109.0      0.3473    
   110.0      0.3393    
   111.0      0.3345    
   112.0      0.3325    
   113.0      0.3326    
   114.0      0.3338    
   115.0      0.3352    
   116.0      0.3364    
   117.0      0.3375    
   118.0      0.3390    
   119.0      0.3414    
   120.0      0.3453    
   121.0      0.3508    
   122.0      0.3574    
   123.0      0.3642    
   124.0      0.3704    
   125.0      0.3755    
   126.0      0.3794    
   127.0      0.3827    
   128.0      0.3862    
   129.0      0.3910    
   130.0      0.3978    
   131.0      0.4067    
   132.0      0.4173    
   133.0      0.4279    
   134.0      0.4367    
   135.0      0.4422    
   136.0      0.4434    
   137.0      0.4409    
   138.0      0.4359    
   139.0      0.4308    
   140.0      0.4279    
   141.0      0.4291    
   142.0      0.4355    
   143.0      0.4471    
   144.0      0.4625    
   145.0      0.4789    
   146.0      0.4929    
   147.0      0.5009    
   148.0      0.5005    
   149.0      0.4915    
   150.0      0.4758    
   151.0      0.4567    
   152.0      0.4383    
   153.0      0.4238    
   154.0      0.4155    
   155.0      0.4145    
   156.0      0.4207    
   157.0      0.4334    
   158.0      0.4505    
   159.0      0.4693    
   160.0      0.4863    
   161.0      0.4985    
   162.0      0.5035    
   163.0      0.5011    
   164.0      0.4925    
   165.0      0.4802    
   166.0      0.4671    
   167.0      0.4555    
   168.0      0.4470    
   169.0      0.4419    
   170.0      0.4397    
   171.0      0.4392    
   172.0      0.4391    
   173.0      0.4381    
   174.0      0.4352    
   175.0      0.4304    
   176.0      0.4240    
   177.0      0.4171    
   178.0      0.4110    
   179.0      0.4069    
   180.0      0.4054    
 END
