 loop =           0  is type =           0   0.00000000       7.00000000       0.00000000       1.30299997       0.00000000       0.00000000       0.00000000       0.00000000       0.00000000    
 loop =          -1  is type =           1   0.00000000       89.2533035       1.14794004      0.743103027       2.01025009       1.35712004      0.663707018       0.00000000       0.00000000    
 loop =          -1  is type =           2   0.00000000       0.00000000       0.00000000       0.00000000       10.3842001       1.41346002      0.649601996       0.00000000       0.00000000    
 loop =          -1  is type =           3   0.00000000       1.77849996      0.972000003       1.01100004       0.00000000       0.00000000       0.00000000       0.00000000       0.00000000    
 WOUT,ITER,FALLOC = F           0 F
