# 181 angles,  1 tensor ranks for 0=projectile
@subtitle   "7Li(d,p) @ 7.5AMeV ADWA (d) + KD (p)"                                          
@legend ON
@legend x1 0.2
@legend y1 0.8
@g0 type LOGY
@yaxis ticklabel format power
@legend string   0 "Lab energy =   14.5311"
#legend string   0 "Partition=  2 Excit=  3 near/far= 1"
#  Theta       sigma       iT11        T20         T21         T22         Kyy for projectile
   0.000       60.55    
   1.000       60.45    
   2.000       60.13    
   3.000       59.61    
   4.000       58.88    
   5.000       57.92    
   6.000       56.75    
   7.000       55.36    
   8.000       53.75    
   9.000       51.92    
   10.00       49.89    
   11.00       47.67    
   12.00       45.28    
   13.00       42.74    
   14.00       40.11    
   15.00       37.41    
   16.00       34.69    
   17.00       32.01    
   18.00       29.40    
   19.00       26.91    
   20.00       24.58    
   21.00       22.44    
   22.00       20.50    
   23.00       18.76    
   24.00       17.24    
   25.00       15.90    
   26.00       14.74    
   27.00       13.73    
   28.00       12.85    
   29.00       12.06    
   30.00       11.35    
   31.00       10.70    
   32.00       10.08    
   33.00       9.476    
   34.00       8.888    
   35.00       8.308    
   36.00       7.738    
   37.00       7.185    
   38.00       6.657    
   39.00       6.168    
   40.00       5.729    
   41.00       5.350    
   42.00       5.037    
   43.00       4.791    
   44.00       4.606    
   45.00       4.473    
   46.00       4.379    
   47.00       4.309    
   48.00       4.248    
   49.00       4.184    
   50.00       4.108    
   51.00       4.016    
   52.00       3.908    
   53.00       3.786    
   54.00       3.656    
   55.00       3.525    
   56.00       3.400    
   57.00       3.286    
   58.00       3.190    
   59.00       3.114    
   60.00       3.061    
   61.00       3.030    
   62.00       3.020    
   63.00       3.027    
   64.00       3.047    
   65.00       3.072    
   66.00       3.098    
   67.00       3.117    
   68.00       3.122    
   69.00       3.108    
   70.00       3.073    
   71.00       3.015    
   72.00       2.935    
   73.00       2.834    
   74.00       2.718    
   75.00       2.591    
   76.00       2.458    
   77.00       2.325    
   78.00       2.195    
   79.00       2.073    
   80.00       1.959    
   81.00       1.857    
   82.00       1.766    
   83.00       1.685    
   84.00       1.614    
   85.00       1.550    
   86.00       1.493    
   87.00       1.440    
   88.00       1.389    
   89.00       1.340    
   90.00       1.291    
   91.00       1.241    
   92.00       1.189    
   93.00       1.135    
   94.00       1.080    
   95.00       1.022    
   96.00      0.9646    
   97.00      0.9068    
   98.00      0.8500    
   99.00      0.7953    
   100.0      0.7434    
   101.0      0.6951    
   102.0      0.6509    
   103.0      0.6111    
   104.0      0.5756    
   105.0      0.5444    
   106.0      0.5171    
   107.0      0.4932    
   108.0      0.4722    
   109.0      0.4536    
   110.0      0.4367    
   111.0      0.4213    
   112.0      0.4069    
   113.0      0.3932    
   114.0      0.3802    
   115.0      0.3677    
   116.0      0.3557    
   117.0      0.3444    
   118.0      0.3338    
   119.0      0.3241    
   120.0      0.3153    
   121.0      0.3077    
   122.0      0.3012    
   123.0      0.2960    
   124.0      0.2920    
   125.0      0.2894    
   126.0      0.2880    
   127.0      0.2879    
   128.0      0.2890    
   129.0      0.2912    
   130.0      0.2943    
   131.0      0.2983    
   132.0      0.3031    
   133.0      0.3085    
   134.0      0.3144    
   135.0      0.3207    
   136.0      0.3273    
   137.0      0.3341    
   138.0      0.3411    
   139.0      0.3481    
   140.0      0.3551    
   141.0      0.3620    
   142.0      0.3689    
   143.0      0.3756    
   144.0      0.3823    
   145.0      0.3888    
   146.0      0.3951    
   147.0      0.4014    
   148.0      0.4076    
   149.0      0.4137    
   150.0      0.4198    
   151.0      0.4258    
   152.0      0.4318    
   153.0      0.4377    
   154.0      0.4437    
   155.0      0.4497    
   156.0      0.4557    
   157.0      0.4617    
   158.0      0.4677    
   159.0      0.4737    
   160.0      0.4797    
   161.0      0.4857    
   162.0      0.4916    
   163.0      0.4974    
   164.0      0.5031    
   165.0      0.5087    
   166.0      0.5141    
   167.0      0.5193    
   168.0      0.5243    
   169.0      0.5291    
   170.0      0.5335    
   171.0      0.5376    
   172.0      0.5413    
   173.0      0.5447    
   174.0      0.5477    
   175.0      0.5503    
   176.0      0.5524    
   177.0      0.5541    
   178.0      0.5552    
   179.0      0.5560    
   180.0      0.5562    
 END
