# 181 angles,  1 tensor ranks for 0=projectile
@subtitle   "7Li(d,p) @ 7.5AMeV ADWA (d) + KD (p)"                                          
@legend ON
@legend x1 0.2
@legend y1 0.8
@g0 type LOGY
@yaxis ticklabel format power
@xaxis label "Scattering angle (degrees)"
@yaxis label "Cross section (mb/sr)"
@legend string   0 "Partition=  1 Excit=  1 near/far= 1"
#legend string   0 "Lab energy =   14.5311"
@s0 linestyle   1
#  Theta       sigma       iT11        T20         T21         T22         Kyy for projectile
  0.1000E-01  0.1578E+16
   1.000      0.1554E+08
   2.000      0.9336E+06
   3.000      0.1745E+06
   4.000      0.5180E+05
   5.000      0.1994E+05
   6.000       9168.    
   7.000       4860.    
   8.000       2922.    
   9.000       1971.    
   10.00       1469.    
   11.00       1186.    
   12.00       1015.    
   13.00       904.2    
   14.00       826.3    
   15.00       766.6    
   16.00       717.4    
   17.00       674.0    
   18.00       634.0    
   19.00       596.1    
   20.00       559.4    
   21.00       523.7    
   22.00       488.9    
   23.00       454.8    
   24.00       421.5    
   25.00       389.2    
   26.00       358.0    
   27.00       327.9    
   28.00       299.1    
   29.00       271.6    
   30.00       245.5    
   31.00       220.9    
   32.00       197.8    
   33.00       176.2    
   34.00       156.1    
   35.00       137.6    
   36.00       120.5    
   37.00       104.9    
   38.00       90.75    
   39.00       77.95    
   40.00       66.46    
   41.00       56.20    
   42.00       47.11    
   43.00       39.11    
   44.00       32.12    
   45.00       26.07    
   46.00       20.88    
   47.00       16.47    
   48.00       12.76    
   49.00       9.689    
   50.00       7.175    
   51.00       5.157    
   52.00       3.571    
   53.00       2.358    
   54.00       1.463    
   55.00      0.8369    
   56.00      0.4337    
   57.00      0.2121    
   58.00      0.1353    
   59.00      0.1705    
   60.00      0.2893    
   61.00      0.4670    
   62.00      0.6823    
   63.00      0.9176    
   64.00       1.158    
   65.00       1.393    
   66.00       1.611    
   67.00       1.807    
   68.00       1.976    
   69.00       2.114    
   70.00       2.220    
   71.00       2.293    
   72.00       2.334    
   73.00       2.344    
   74.00       2.326    
   75.00       2.283    
   76.00       2.217    
   77.00       2.132    
   78.00       2.031    
   79.00       1.917    
   80.00       1.794    
   81.00       1.665    
   82.00       1.533    
   83.00       1.400    
   84.00       1.270    
   85.00       1.144    
   86.00       1.024    
   87.00      0.9125    
   88.00      0.8104    
   89.00      0.7188    
   90.00      0.6389    
   91.00      0.5711    
   92.00      0.5160    
   93.00      0.4739    
   94.00      0.4447    
   95.00      0.4285    
   96.00      0.4251    
   97.00      0.4339    
   98.00      0.4547    
   99.00      0.4868    
   100.0      0.5296    
   101.0      0.5824    
   102.0      0.6445    
   103.0      0.7149    
   104.0      0.7928    
   105.0      0.8774    
   106.0      0.9676    
   107.0       1.062    
   108.0       1.161    
   109.0       1.262    
   110.0       1.365    
   111.0       1.468    
   112.0       1.571    
   113.0       1.672    
   114.0       1.771    
   115.0       1.866    
   116.0       1.956    
   117.0       2.041    
   118.0       2.119    
   119.0       2.189    
   120.0       2.251    
   121.0       2.304    
   122.0       2.348    
   123.0       2.381    
   124.0       2.403    
   125.0       2.414    
   126.0       2.414    
   127.0       2.402    
   128.0       2.380    
   129.0       2.346    
   130.0       2.301    
   131.0       2.246    
   132.0       2.182    
   133.0       2.109    
   134.0       2.029    
   135.0       1.942    
   136.0       1.849    
   137.0       1.753    
   138.0       1.654    
   139.0       1.554    
   140.0       1.454    
   141.0       1.357    
   142.0       1.264    
   143.0       1.176    
   144.0       1.095    
   145.0       1.023    
   146.0      0.9613    
   147.0      0.9108    
   148.0      0.8731    
   149.0      0.8492    
   150.0      0.8402    
   151.0      0.8466    
   152.0      0.8692    
   153.0      0.9083    
   154.0      0.9639    
   155.0       1.036    
   156.0       1.124    
   157.0       1.228    
   158.0       1.347    
   159.0       1.479    
   160.0       1.624    
   161.0       1.780    
   162.0       1.946    
   163.0       2.119    
   164.0       2.299    
   165.0       2.482    
   166.0       2.667    
   167.0       2.851    
   168.0       3.033    
   169.0       3.210    
   170.0       3.380    
   171.0       3.541    
   172.0       3.691    
   173.0       3.828    
   174.0       3.951    
   175.0       4.058    
   176.0       4.147    
   177.0       4.217    
   178.0       4.268    
   179.0       4.299    
   180.0       4.309    
 END
@legend string   1 "Partition=  2 Excit=  1 near/far= 1"
#legend string   0 "Lab energy =   14.5311"
@s1 linestyle   2
#  Theta       sigma       iT11        T20         T21         T22         Kyy for projectile
   0.000       28.64    
   1.000       28.65    
   2.000       28.68    
   3.000       28.73    
   4.000       28.79    
   5.000       28.84    
   6.000       28.88    
   7.000       28.89    
   8.000       28.85    
   9.000       28.75    
   10.00       28.58    
   11.00       28.33    
   12.00       27.98    
   13.00       27.54    
   14.00       27.00    
   15.00       26.35    
   16.00       25.61    
   17.00       24.78    
   18.00       23.87    
   19.00       22.88    
   20.00       21.83    
   21.00       20.73    
   22.00       19.60    
   23.00       18.44    
   24.00       17.27    
   25.00       16.10    
   26.00       14.94    
   27.00       13.81    
   28.00       12.71    
   29.00       11.66    
   30.00       10.65    
   31.00       9.692    
   32.00       8.794    
   33.00       7.956    
   34.00       7.180    
   35.00       6.467    
   36.00       5.817    
   37.00       5.228    
   38.00       4.700    
   39.00       4.231    
   40.00       3.817    
   41.00       3.457    
   42.00       3.147    
   43.00       2.884    
   44.00       2.663    
   45.00       2.482    
   46.00       2.336    
   47.00       2.222    
   48.00       2.136    
   49.00       2.074    
   50.00       2.032    
   51.00       2.007    
   52.00       1.997    
   53.00       1.998    
   54.00       2.007    
   55.00       2.023    
   56.00       2.043    
   57.00       2.065    
   58.00       2.088    
   59.00       2.110    
   60.00       2.130    
   61.00       2.147    
   62.00       2.161    
   63.00       2.170    
   64.00       2.173    
   65.00       2.172    
   66.00       2.164    
   67.00       2.150    
   68.00       2.131    
   69.00       2.105    
   70.00       2.074    
   71.00       2.038    
   72.00       1.996    
   73.00       1.950    
   74.00       1.899    
   75.00       1.845    
   76.00       1.788    
   77.00       1.728    
   78.00       1.666    
   79.00       1.602    
   80.00       1.537    
   81.00       1.472    
   82.00       1.406    
   83.00       1.341    
   84.00       1.276    
   85.00       1.211    
   86.00       1.149    
   87.00       1.087    
   88.00       1.027    
   89.00      0.9695    
   90.00      0.9139    
   91.00      0.8607    
   92.00      0.8099    
   93.00      0.7617    
   94.00      0.7162    
   95.00      0.6735    
   96.00      0.6336    
   97.00      0.5964    
   98.00      0.5620    
   99.00      0.5304    
   100.0      0.5014    
   101.0      0.4750    
   102.0      0.4512    
   103.0      0.4297    
   104.0      0.4105    
   105.0      0.3934    
   106.0      0.3784    
   107.0      0.3652    
   108.0      0.3538    
   109.0      0.3440    
   110.0      0.3357    
   111.0      0.3287    
   112.0      0.3229    
   113.0      0.3182    
   114.0      0.3144    
   115.0      0.3115    
   116.0      0.3093    
   117.0      0.3078    
   118.0      0.3069    
   119.0      0.3064    
   120.0      0.3063    
   121.0      0.3065    
   122.0      0.3070    
   123.0      0.3077    
   124.0      0.3086    
   125.0      0.3096    
   126.0      0.3107    
   127.0      0.3119    
   128.0      0.3132    
   129.0      0.3145    
   130.0      0.3158    
   131.0      0.3172    
   132.0      0.3187    
   133.0      0.3201    
   134.0      0.3217    
   135.0      0.3233    
   136.0      0.3250    
   137.0      0.3268    
   138.0      0.3287    
   139.0      0.3307    
   140.0      0.3329    
   141.0      0.3352    
   142.0      0.3377    
   143.0      0.3403    
   144.0      0.3432    
   145.0      0.3462    
   146.0      0.3495    
   147.0      0.3529    
   148.0      0.3565    
   149.0      0.3603    
   150.0      0.3643    
   151.0      0.3685    
   152.0      0.3729    
   153.0      0.3773    
   154.0      0.3820    
   155.0      0.3867    
   156.0      0.3916    
   157.0      0.3965    
   158.0      0.4014    
   159.0      0.4064    
   160.0      0.4114    
   161.0      0.4164    
   162.0      0.4213    
   163.0      0.4261    
   164.0      0.4309    
   165.0      0.4355    
   166.0      0.4399    
   167.0      0.4442    
   168.0      0.4482    
   169.0      0.4521    
   170.0      0.4556    
   171.0      0.4589    
   172.0      0.4619    
   173.0      0.4646    
   174.0      0.4670    
   175.0      0.4690    
   176.0      0.4707    
   177.0      0.4720    
   178.0      0.4729    
   179.0      0.4735    
   180.0      0.4737    
 END
@legend string   2 "Partition=  2 Excit=  2 near/far= 1"
#legend string   0 "Lab energy =   14.5311"
@s2 linestyle   3
#  Theta       sigma       iT11        T20         T21         T22         Kyy for projectile
   0.000       22.27    
   1.000       22.25    
   2.000       22.19    
   3.000       22.08    
   4.000       21.94    
   5.000       21.74    
   6.000       21.50    
   7.000       21.21    
   8.000       20.87    
   9.000       20.47    
   10.00       20.02    
   11.00       19.52    
   12.00       18.97    
   13.00       18.36    
   14.00       17.71    
   15.00       17.02    
   16.00       16.29    
   17.00       15.53    
   18.00       14.74    
   19.00       13.95    
   20.00       13.14    
   21.00       12.34    
   22.00       11.54    
   23.00       10.76    
   24.00       10.01    
   25.00       9.274    
   26.00       8.572    
   27.00       7.905    
   28.00       7.274    
   29.00       6.681    
   30.00       6.126    
   31.00       5.609    
   32.00       5.130    
   33.00       4.688    
   34.00       4.281    
   35.00       3.910    
   36.00       3.572    
   37.00       3.266    
   38.00       2.992    
   39.00       2.748    
   40.00       2.532    
   41.00       2.344    
   42.00       2.181    
   43.00       2.042    
   44.00       1.925    
   45.00       1.827    
   46.00       1.748    
   47.00       1.683    
   48.00       1.632    
   49.00       1.591    
   50.00       1.559    
   51.00       1.535    
   52.00       1.517    
   53.00       1.502    
   54.00       1.491    
   55.00       1.483    
   56.00       1.476    
   57.00       1.471    
   58.00       1.466    
   59.00       1.461    
   60.00       1.457    
   61.00       1.452    
   62.00       1.445    
   63.00       1.438    
   64.00       1.429    
   65.00       1.417    
   66.00       1.403    
   67.00       1.387    
   68.00       1.367    
   69.00       1.344    
   70.00       1.319    
   71.00       1.290    
   72.00       1.259    
   73.00       1.225    
   74.00       1.189    
   75.00       1.152    
   76.00       1.113    
   77.00       1.073    
   78.00       1.032    
   79.00      0.9914    
   80.00      0.9504    
   81.00      0.9097    
   82.00      0.8694    
   83.00      0.8296    
   84.00      0.7905    
   85.00      0.7521    
   86.00      0.7145    
   87.00      0.6779    
   88.00      0.6422    
   89.00      0.6075    
   90.00      0.5739    
   91.00      0.5415    
   92.00      0.5102    
   93.00      0.4803    
   94.00      0.4517    
   95.00      0.4245    
   96.00      0.3987    
   97.00      0.3745    
   98.00      0.3517    
   99.00      0.3306    
   100.0      0.3109    
   101.0      0.2927    
   102.0      0.2761    
   103.0      0.2609    
   104.0      0.2470    
   105.0      0.2344    
   106.0      0.2231    
   107.0      0.2130    
   108.0      0.2039    
   109.0      0.1958    
   110.0      0.1887    
   111.0      0.1824    
   112.0      0.1769    
   113.0      0.1722    
   114.0      0.1681    
   115.0      0.1646    
   116.0      0.1616    
   117.0      0.1592    
   118.0      0.1572    
   119.0      0.1557    
   120.0      0.1545    
   121.0      0.1537    
   122.0      0.1532    
   123.0      0.1530    
   124.0      0.1530    
   125.0      0.1533    
   126.0      0.1537    
   127.0      0.1543    
   128.0      0.1550    
   129.0      0.1559    
   130.0      0.1569    
   131.0      0.1579    
   132.0      0.1591    
   133.0      0.1603    
   134.0      0.1616    
   135.0      0.1630    
   136.0      0.1644    
   137.0      0.1659    
   138.0      0.1674    
   139.0      0.1690    
   140.0      0.1707    
   141.0      0.1724    
   142.0      0.1743    
   143.0      0.1762    
   144.0      0.1781    
   145.0      0.1802    
   146.0      0.1824    
   147.0      0.1847    
   148.0      0.1870    
   149.0      0.1895    
   150.0      0.1920    
   151.0      0.1946    
   152.0      0.1974    
   153.0      0.2001    
   154.0      0.2030    
   155.0      0.2059    
   156.0      0.2089    
   157.0      0.2120    
   158.0      0.2150    
   159.0      0.2181    
   160.0      0.2212    
   161.0      0.2242    
   162.0      0.2272    
   163.0      0.2302    
   164.0      0.2332    
   165.0      0.2360    
   166.0      0.2388    
   167.0      0.2414    
   168.0      0.2440    
   169.0      0.2463    
   170.0      0.2486    
   171.0      0.2506    
   172.0      0.2525    
   173.0      0.2542    
   174.0      0.2557    
   175.0      0.2570    
   176.0      0.2580    
   177.0      0.2589    
   178.0      0.2595    
   179.0      0.2598    
   180.0      0.2599    
 END
@legend string   3 "Partition=  2 Excit=  3 near/far= 1"
#legend string   0 "Lab energy =   14.5311"
@s3 linestyle   4
#  Theta       sigma       iT11        T20         T21         T22         Kyy for projectile
   0.000       60.55    
   1.000       60.45    
   2.000       60.13    
   3.000       59.61    
   4.000       58.88    
   5.000       57.92    
   6.000       56.75    
   7.000       55.36    
   8.000       53.75    
   9.000       51.92    
   10.00       49.89    
   11.00       47.67    
   12.00       45.28    
   13.00       42.74    
   14.00       40.11    
   15.00       37.41    
   16.00       34.69    
   17.00       32.01    
   18.00       29.40    
   19.00       26.91    
   20.00       24.58    
   21.00       22.44    
   22.00       20.50    
   23.00       18.76    
   24.00       17.24    
   25.00       15.90    
   26.00       14.74    
   27.00       13.73    
   28.00       12.85    
   29.00       12.06    
   30.00       11.35    
   31.00       10.70    
   32.00       10.08    
   33.00       9.476    
   34.00       8.888    
   35.00       8.308    
   36.00       7.738    
   37.00       7.185    
   38.00       6.657    
   39.00       6.168    
   40.00       5.729    
   41.00       5.350    
   42.00       5.037    
   43.00       4.791    
   44.00       4.606    
   45.00       4.473    
   46.00       4.379    
   47.00       4.309    
   48.00       4.248    
   49.00       4.184    
   50.00       4.108    
   51.00       4.016    
   52.00       3.908    
   53.00       3.786    
   54.00       3.656    
   55.00       3.525    
   56.00       3.400    
   57.00       3.286    
   58.00       3.190    
   59.00       3.114    
   60.00       3.061    
   61.00       3.030    
   62.00       3.020    
   63.00       3.027    
   64.00       3.047    
   65.00       3.072    
   66.00       3.098    
   67.00       3.117    
   68.00       3.122    
   69.00       3.108    
   70.00       3.073    
   71.00       3.015    
   72.00       2.935    
   73.00       2.834    
   74.00       2.718    
   75.00       2.591    
   76.00       2.458    
   77.00       2.325    
   78.00       2.195    
   79.00       2.073    
   80.00       1.959    
   81.00       1.857    
   82.00       1.766    
   83.00       1.685    
   84.00       1.614    
   85.00       1.550    
   86.00       1.493    
   87.00       1.440    
   88.00       1.389    
   89.00       1.340    
   90.00       1.291    
   91.00       1.241    
   92.00       1.189    
   93.00       1.135    
   94.00       1.080    
   95.00       1.022    
   96.00      0.9646    
   97.00      0.9068    
   98.00      0.8500    
   99.00      0.7953    
   100.0      0.7434    
   101.0      0.6951    
   102.0      0.6509    
   103.0      0.6111    
   104.0      0.5756    
   105.0      0.5444    
   106.0      0.5171    
   107.0      0.4932    
   108.0      0.4722    
   109.0      0.4536    
   110.0      0.4367    
   111.0      0.4213    
   112.0      0.4069    
   113.0      0.3932    
   114.0      0.3802    
   115.0      0.3677    
   116.0      0.3557    
   117.0      0.3444    
   118.0      0.3338    
   119.0      0.3241    
   120.0      0.3153    
   121.0      0.3077    
   122.0      0.3012    
   123.0      0.2960    
   124.0      0.2920    
   125.0      0.2894    
   126.0      0.2880    
   127.0      0.2879    
   128.0      0.2890    
   129.0      0.2912    
   130.0      0.2943    
   131.0      0.2983    
   132.0      0.3031    
   133.0      0.3085    
   134.0      0.3144    
   135.0      0.3207    
   136.0      0.3273    
   137.0      0.3341    
   138.0      0.3411    
   139.0      0.3481    
   140.0      0.3551    
   141.0      0.3620    
   142.0      0.3689    
   143.0      0.3756    
   144.0      0.3823    
   145.0      0.3888    
   146.0      0.3951    
   147.0      0.4014    
   148.0      0.4076    
   149.0      0.4137    
   150.0      0.4198    
   151.0      0.4258    
   152.0      0.4318    
   153.0      0.4377    
   154.0      0.4437    
   155.0      0.4497    
   156.0      0.4557    
   157.0      0.4617    
   158.0      0.4677    
   159.0      0.4737    
   160.0      0.4797    
   161.0      0.4857    
   162.0      0.4916    
   163.0      0.4974    
   164.0      0.5031    
   165.0      0.5087    
   166.0      0.5141    
   167.0      0.5193    
   168.0      0.5243    
   169.0      0.5291    
   170.0      0.5335    
   171.0      0.5376    
   172.0      0.5413    
   173.0      0.5447    
   174.0      0.5477    
   175.0      0.5503    
   176.0      0.5524    
   177.0      0.5541    
   178.0      0.5552    
   179.0      0.5560    
   180.0      0.5562    
 END
@legend string   4 "Partition=  2 Excit=  4 near/far= 1"
#legend string   0 "Lab energy =   14.5311"
@s4 linestyle   5
#  Theta       sigma       iT11        T20         T21         T22         Kyy for projectile
   0.000       63.28    
   1.000       63.16    
   2.000       62.81    
   3.000       62.22    
   4.000       61.38    
   5.000       60.28    
   6.000       58.92    
   7.000       57.29    
   8.000       55.39    
   9.000       53.22    
   10.00       50.80    
   11.00       48.14    
   12.00       45.29    
   13.00       42.27    
   14.00       39.15    
   15.00       35.99    
   16.00       32.85    
   17.00       29.80    
   18.00       26.91    
   19.00       24.22    
   20.00       21.79    
   21.00       19.63    
   22.00       17.75    
   23.00       16.16    
   24.00       14.83    
   25.00       13.73    
   26.00       12.83    
   27.00       12.09    
   28.00       11.47    
   29.00       10.94    
   30.00       10.47    
   31.00       10.03    
   32.00       9.593    
   33.00       9.144    
   34.00       8.670    
   35.00       8.166    
   36.00       7.635    
   37.00       7.088    
   38.00       6.544    
   39.00       6.026    
   40.00       5.557    
   41.00       5.157    
   42.00       4.841    
   43.00       4.611    
   44.00       4.463    
   45.00       4.380    
   46.00       4.340    
   47.00       4.320    
   48.00       4.295    
   49.00       4.248    
   50.00       4.168    
   51.00       4.051    
   52.00       3.901    
   53.00       3.726    
   54.00       3.538    
   55.00       3.351    
   56.00       3.174    
   57.00       3.018    
   58.00       2.891    
   59.00       2.796    
   60.00       2.736    
   61.00       2.711    
   62.00       2.719    
   63.00       2.755    
   64.00       2.814    
   65.00       2.886    
   66.00       2.961    
   67.00       3.029    
   68.00       3.078    
   69.00       3.100    
   70.00       3.089    
   71.00       3.041    
   72.00       2.958    
   73.00       2.844    
   74.00       2.706    
   75.00       2.550    
   76.00       2.387    
   77.00       2.225    
   78.00       2.070    
   79.00       1.927    
   80.00       1.801    
   81.00       1.692    
   82.00       1.600    
   83.00       1.524    
   84.00       1.462    
   85.00       1.411    
   86.00       1.369    
   87.00       1.333    
   88.00       1.301    
   89.00       1.270    
   90.00       1.238    
   91.00       1.203    
   92.00       1.165    
   93.00       1.122    
   94.00       1.075    
   95.00       1.022    
   96.00      0.9664    
   97.00      0.9081    
   98.00      0.8490    
   99.00      0.7907    
   100.0      0.7348    
   101.0      0.6827    
   102.0      0.6353    
   103.0      0.5933    
   104.0      0.5570    
   105.0      0.5262    
   106.0      0.5003    
   107.0      0.4787    
   108.0      0.4605    
   109.0      0.4447    
   110.0      0.4306    
   111.0      0.4173    
   112.0      0.4045    
   113.0      0.3916    
   114.0      0.3785    
   115.0      0.3653    
   116.0      0.3519    
   117.0      0.3387    
   118.0      0.3258    
   119.0      0.3136    
   120.0      0.3022    
   121.0      0.2920    
   122.0      0.2832    
   123.0      0.2759    
   124.0      0.2701    
   125.0      0.2660    
   126.0      0.2634    
   127.0      0.2625    
   128.0      0.2630    
   129.0      0.2650    
   130.0      0.2682    
   131.0      0.2725    
   132.0      0.2777    
   133.0      0.2838    
   134.0      0.2906    
   135.0      0.2979    
   136.0      0.3055    
   137.0      0.3134    
   138.0      0.3215    
   139.0      0.3296    
   140.0      0.3376    
   141.0      0.3455    
   142.0      0.3533    
   143.0      0.3608    
   144.0      0.3680    
   145.0      0.3750    
   146.0      0.3817    
   147.0      0.3882    
   148.0      0.3944    
   149.0      0.4004    
   150.0      0.4062    
   151.0      0.4118    
   152.0      0.4173    
   153.0      0.4227    
   154.0      0.4280    
   155.0      0.4333    
   156.0      0.4385    
   157.0      0.4437    
   158.0      0.4489    
   159.0      0.4540    
   160.0      0.4592    
   161.0      0.4644    
   162.0      0.4695    
   163.0      0.4745    
   164.0      0.4795    
   165.0      0.4844    
   166.0      0.4892    
   167.0      0.4938    
   168.0      0.4982    
   169.0      0.5024    
   170.0      0.5064    
   171.0      0.5101    
   172.0      0.5135    
   173.0      0.5165    
   174.0      0.5192    
   175.0      0.5216    
   176.0      0.5235    
   177.0      0.5250    
   178.0      0.5261    
   179.0      0.5268    
   180.0      0.5270    
 END
@legend string   5 "Partition=  2 Excit=  5 near/far= 1"
#legend string   0 "Lab energy =   14.5311"
@s5 linestyle   1
#  Theta       sigma       iT11        T20         T21         T22         Kyy for projectile
   0.000       189.2    
   1.000       188.6    
   2.000       186.9    
   3.000       184.0    
   4.000       179.9    
   5.000       174.6    
   6.000       168.1    
   7.000       160.4    
   8.000       151.4    
   9.000       141.4    
   10.00       130.4    
   11.00       118.6    
   12.00       106.3    
   13.00       93.86    
   14.00       81.51    
   15.00       69.66    
   16.00       58.64    
   17.00       48.74    
   18.00       40.18    
   19.00       33.08    
   20.00       27.45    
   21.00       23.19    
   22.00       20.15    
   23.00       18.09    
   24.00       16.79    
   25.00       16.01    
   26.00       15.59    
   27.00       15.38    
   28.00       15.31    
   29.00       15.33    
   30.00       15.41    
   31.00       15.51    
   32.00       15.57    
   33.00       15.53    
   34.00       15.30    
   35.00       14.82    
   36.00       14.08    
   37.00       13.12    
   38.00       12.03    
   39.00       10.95    
   40.00       10.05    
   41.00       9.456    
   42.00       9.266    
   43.00       9.497    
   44.00       10.08    
   45.00       10.89    
   46.00       11.75    
   47.00       12.47    
   48.00       12.91    
   49.00       12.97    
   50.00       12.62    
   51.00       11.91    
   52.00       10.93    
   53.00       9.795    
   54.00       8.629    
   55.00       7.528    
   56.00       6.562    
   57.00       5.765    
   58.00       5.150    
   59.00       4.710    
   60.00       4.435    
   61.00       4.317    
   62.00       4.348    
   63.00       4.521    
   64.00       4.821    
   65.00       5.224    
   66.00       5.688    
   67.00       6.159    
   68.00       6.577    
   69.00       6.881    
   70.00       7.024    
   71.00       6.976    
   72.00       6.733    
   73.00       6.314    
   74.00       5.757    
   75.00       5.115    
   76.00       4.443    
   77.00       3.791    
   78.00       3.200    
   79.00       2.696    
   80.00       2.289    
   81.00       1.978    
   82.00       1.753    
   83.00       1.601    
   84.00       1.506    
   85.00       1.455    
   86.00       1.439    
   87.00       1.448    
   88.00       1.479    
   89.00       1.524    
   90.00       1.578    
   91.00       1.632    
   92.00       1.680    
   93.00       1.712    
   94.00       1.720    
   95.00       1.700    
   96.00       1.648    
   97.00       1.567    
   98.00       1.462    
   99.00       1.339    
   100.0       1.210    
   101.0       1.083    
   102.0      0.9674    
   103.0      0.8708    
   104.0      0.7975    
   105.0      0.7491    
   106.0      0.7243    
   107.0      0.7197    
   108.0      0.7300    
   109.0      0.7495    
   110.0      0.7722    
   111.0      0.7928    
   112.0      0.8073    
   113.0      0.8130    
   114.0      0.8086    
   115.0      0.7942    
   116.0      0.7709    
   117.0      0.7405    
   118.0      0.7053    
   119.0      0.6678    
   120.0      0.6303    
   121.0      0.5945    
   122.0      0.5620    
   123.0      0.5338    
   124.0      0.5105    
   125.0      0.4924    
   126.0      0.4794    
   127.0      0.4713    
   128.0      0.4677    
   129.0      0.4682    
   130.0      0.4725    
   131.0      0.4803    
   132.0      0.4912    
   133.0      0.5052    
   134.0      0.5219    
   135.0      0.5413    
   136.0      0.5633    
   137.0      0.5875    
   138.0      0.6139    
   139.0      0.6422    
   140.0      0.6721    
   141.0      0.7034    
   142.0      0.7355    
   143.0      0.7682    
   144.0      0.8012    
   145.0      0.8340    
   146.0      0.8662    
   147.0      0.8977    
   148.0      0.9280    
   149.0      0.9570    
   150.0      0.9845    
   151.0       1.010    
   152.0       1.034    
   153.0       1.056    
   154.0       1.077    
   155.0       1.095    
   156.0       1.112    
   157.0       1.127    
   158.0       1.141    
   159.0       1.153    
   160.0       1.163    
   161.0       1.173    
   162.0       1.181    
   163.0       1.189    
   164.0       1.195    
   165.0       1.201    
   166.0       1.206    
   167.0       1.210    
   168.0       1.214    
   169.0       1.218    
   170.0       1.221    
   171.0       1.223    
   172.0       1.225    
   173.0       1.227    
   174.0       1.229    
   175.0       1.230    
   176.0       1.231    
   177.0       1.232    
   178.0       1.233    
   179.0       1.233    
   180.0       1.233    
 END
