# 181 angles,  1 tensor ranks for 0=projectile
@subtitle   "7Li(d,p) @ 7.5AMeV ADWA (d) + KD (p)"                                          
@legend ON
@legend x1 0.2
@legend y1 0.8
@g0 type LOGY
@yaxis ticklabel format power
@legend string   0 "Lab energy =   14.5311"
#legend string   0 "Partition=  1 Excit=  1 near/far= 1"
#  Theta       sigma       iT11        T20         T21         T22         Kyy for projectile
  0.1000E-01  0.1578E+16
   1.000      0.1554E+08
   2.000      0.9336E+06
   3.000      0.1745E+06
   4.000      0.5180E+05
   5.000      0.1994E+05
   6.000       9168.    
   7.000       4860.    
   8.000       2922.    
   9.000       1971.    
   10.00       1469.    
   11.00       1186.    
   12.00       1015.    
   13.00       904.2    
   14.00       826.3    
   15.00       766.6    
   16.00       717.4    
   17.00       674.0    
   18.00       634.0    
   19.00       596.1    
   20.00       559.4    
   21.00       523.7    
   22.00       488.9    
   23.00       454.8    
   24.00       421.5    
   25.00       389.2    
   26.00       358.0    
   27.00       327.9    
   28.00       299.1    
   29.00       271.6    
   30.00       245.5    
   31.00       220.9    
   32.00       197.8    
   33.00       176.2    
   34.00       156.1    
   35.00       137.6    
   36.00       120.5    
   37.00       104.9    
   38.00       90.75    
   39.00       77.95    
   40.00       66.46    
   41.00       56.20    
   42.00       47.11    
   43.00       39.11    
   44.00       32.12    
   45.00       26.07    
   46.00       20.88    
   47.00       16.47    
   48.00       12.76    
   49.00       9.689    
   50.00       7.175    
   51.00       5.157    
   52.00       3.571    
   53.00       2.358    
   54.00       1.463    
   55.00      0.8369    
   56.00      0.4337    
   57.00      0.2121    
   58.00      0.1353    
   59.00      0.1705    
   60.00      0.2893    
   61.00      0.4670    
   62.00      0.6823    
   63.00      0.9176    
   64.00       1.158    
   65.00       1.393    
   66.00       1.611    
   67.00       1.807    
   68.00       1.976    
   69.00       2.114    
   70.00       2.220    
   71.00       2.293    
   72.00       2.334    
   73.00       2.344    
   74.00       2.326    
   75.00       2.283    
   76.00       2.217    
   77.00       2.132    
   78.00       2.031    
   79.00       1.917    
   80.00       1.794    
   81.00       1.665    
   82.00       1.533    
   83.00       1.400    
   84.00       1.270    
   85.00       1.144    
   86.00       1.024    
   87.00      0.9125    
   88.00      0.8104    
   89.00      0.7188    
   90.00      0.6389    
   91.00      0.5711    
   92.00      0.5160    
   93.00      0.4739    
   94.00      0.4447    
   95.00      0.4285    
   96.00      0.4251    
   97.00      0.4339    
   98.00      0.4547    
   99.00      0.4868    
   100.0      0.5296    
   101.0      0.5824    
   102.0      0.6445    
   103.0      0.7149    
   104.0      0.7928    
   105.0      0.8774    
   106.0      0.9676    
   107.0       1.062    
   108.0       1.161    
   109.0       1.262    
   110.0       1.365    
   111.0       1.468    
   112.0       1.571    
   113.0       1.672    
   114.0       1.771    
   115.0       1.866    
   116.0       1.956    
   117.0       2.041    
   118.0       2.119    
   119.0       2.189    
   120.0       2.251    
   121.0       2.304    
   122.0       2.348    
   123.0       2.381    
   124.0       2.403    
   125.0       2.414    
   126.0       2.414    
   127.0       2.402    
   128.0       2.380    
   129.0       2.346    
   130.0       2.301    
   131.0       2.246    
   132.0       2.182    
   133.0       2.109    
   134.0       2.029    
   135.0       1.942    
   136.0       1.849    
   137.0       1.753    
   138.0       1.654    
   139.0       1.554    
   140.0       1.454    
   141.0       1.357    
   142.0       1.264    
   143.0       1.176    
   144.0       1.095    
   145.0       1.023    
   146.0      0.9613    
   147.0      0.9108    
   148.0      0.8731    
   149.0      0.8492    
   150.0      0.8402    
   151.0      0.8466    
   152.0      0.8692    
   153.0      0.9083    
   154.0      0.9639    
   155.0       1.036    
   156.0       1.124    
   157.0       1.228    
   158.0       1.347    
   159.0       1.479    
   160.0       1.624    
   161.0       1.780    
   162.0       1.946    
   163.0       2.119    
   164.0       2.299    
   165.0       2.482    
   166.0       2.667    
   167.0       2.851    
   168.0       3.033    
   169.0       3.210    
   170.0       3.380    
   171.0       3.541    
   172.0       3.691    
   173.0       3.828    
   174.0       3.951    
   175.0       4.058    
   176.0       4.147    
   177.0       4.217    
   178.0       4.268    
   179.0       4.299    
   180.0       4.309    
 END
