# Fusion cross sections for ELAB=  14.531, ECM=  11.290
     0.5   34.22       34.91      0.6940    
     1.5   106.1       110.0       3.994    
     2.5   163.5       175.3       11.75    
     3.5   153.3       179.2       25.93    
     4.5   99.84       141.9       42.07    
     5.5   26.76       84.40       57.64    
     6.5  -12.29       34.91       47.20    
     7.5  -15.19       6.442       21.64    
     8.5  -6.819       1.068       7.887    
     9.5  -3.142      0.1981       3.340    
    10.5  -1.565      0.3828E-01   1.604    
    11.5  -1.076      0.7506E-02   1.084    
    12.5 -0.9319      0.1483E-02  0.9334    
    13.5 -0.6653      0.2953E-03  0.6656    
    14.5 -0.5562      0.5943E-04  0.5562    
    15.5 -0.5380      0.1213E-04  0.5380    
    16.5 -0.3394      0.2518E-05  0.3394    
    17.5 -0.1630      0.5327E-06  0.1630    
    18.5 -0.2018      0.1150E-06  0.2018    
    19.5 -0.1376      0.2531E-07  0.1376    
    20.5 -0.3195E-01  0.5677E-08  0.3195E-01
    21.5 -0.2386E-02  0.1294E-08  0.2386E-02
    22.5 -0.1838E-02  0.2993E-09  0.1838E-02
    23.5 -0.1233E-02  0.6993E-10  0.1233E-02
    24.5 -0.3619E-03  0.1706E-10  0.3619E-03
    25.5 -0.6264E-04  0.4149E-11  0.6264E-04
    26.5 -0.7303E-05  0.8543E-12  0.7303E-05
    27.5 -0.6157E-06  0.2696E-12  0.6157E-06
    28.5 -0.3924E-07  0.1197E-12  0.3924E-07
    29.5 -0.1952E-08 -0.4953E-12  0.1951E-08
    30.5 -0.7748E-10 -0.4265E-13  0.7743E-10
    31.5 -0.2586E-11 -0.8805E-13  0.2498E-11
    32.5 -0.2109E-13  0.4540E-13  0.6649E-13
    33.5  0.5130E-12  0.5145E-12  0.1478E-14
    34.5 -0.9633E-13 -0.9630E-13  0.2773E-16
    35.5  0.9905E-13  0.9905E-13  0.4432E-18
    36.5  0.2545E-12  0.2545E-12  0.6081E-20
    37.5  0.4182E-12  0.4182E-12  0.7215E-22
    38.5  0.1610E-12  0.1610E-12  0.7449E-24
    39.5  0.2201E-12  0.2201E-12  0.6715E-26
    40.5  0.3384E-12  0.3384E-12  0.5049E-28
 &
