# 181 angles,  1 tensor ranks for 0=projectile
@subtitle   "7Li(d,p) @ 7.5AMeV ADWA (d) + KD (p)"                                          
@legend ON
@legend x1 0.2
@legend y1 0.8
@g0 type LOGY
@yaxis ticklabel format power
@legend string   0 "Lab energy =   14.5311"
#legend string   0 "Partition=  2 Excit=  2 near/far= 1"
#  Theta       sigma       iT11        T20         T21         T22         Kyy for projectile
   0.000       22.27    
   1.000       22.25    
   2.000       22.19    
   3.000       22.08    
   4.000       21.94    
   5.000       21.74    
   6.000       21.50    
   7.000       21.21    
   8.000       20.87    
   9.000       20.47    
   10.00       20.02    
   11.00       19.52    
   12.00       18.97    
   13.00       18.36    
   14.00       17.71    
   15.00       17.02    
   16.00       16.29    
   17.00       15.53    
   18.00       14.74    
   19.00       13.95    
   20.00       13.14    
   21.00       12.34    
   22.00       11.54    
   23.00       10.76    
   24.00       10.01    
   25.00       9.274    
   26.00       8.572    
   27.00       7.905    
   28.00       7.274    
   29.00       6.681    
   30.00       6.126    
   31.00       5.609    
   32.00       5.130    
   33.00       4.688    
   34.00       4.281    
   35.00       3.910    
   36.00       3.572    
   37.00       3.266    
   38.00       2.992    
   39.00       2.748    
   40.00       2.532    
   41.00       2.344    
   42.00       2.181    
   43.00       2.042    
   44.00       1.925    
   45.00       1.827    
   46.00       1.748    
   47.00       1.683    
   48.00       1.632    
   49.00       1.591    
   50.00       1.559    
   51.00       1.535    
   52.00       1.517    
   53.00       1.502    
   54.00       1.491    
   55.00       1.483    
   56.00       1.476    
   57.00       1.471    
   58.00       1.466    
   59.00       1.461    
   60.00       1.457    
   61.00       1.452    
   62.00       1.445    
   63.00       1.438    
   64.00       1.429    
   65.00       1.417    
   66.00       1.403    
   67.00       1.387    
   68.00       1.367    
   69.00       1.344    
   70.00       1.319    
   71.00       1.290    
   72.00       1.259    
   73.00       1.225    
   74.00       1.189    
   75.00       1.152    
   76.00       1.113    
   77.00       1.073    
   78.00       1.032    
   79.00      0.9914    
   80.00      0.9504    
   81.00      0.9097    
   82.00      0.8694    
   83.00      0.8296    
   84.00      0.7905    
   85.00      0.7521    
   86.00      0.7145    
   87.00      0.6779    
   88.00      0.6422    
   89.00      0.6075    
   90.00      0.5739    
   91.00      0.5415    
   92.00      0.5102    
   93.00      0.4803    
   94.00      0.4517    
   95.00      0.4245    
   96.00      0.3987    
   97.00      0.3745    
   98.00      0.3517    
   99.00      0.3306    
   100.0      0.3109    
   101.0      0.2927    
   102.0      0.2761    
   103.0      0.2609    
   104.0      0.2470    
   105.0      0.2344    
   106.0      0.2231    
   107.0      0.2130    
   108.0      0.2039    
   109.0      0.1958    
   110.0      0.1887    
   111.0      0.1824    
   112.0      0.1769    
   113.0      0.1722    
   114.0      0.1681    
   115.0      0.1646    
   116.0      0.1616    
   117.0      0.1592    
   118.0      0.1572    
   119.0      0.1557    
   120.0      0.1545    
   121.0      0.1537    
   122.0      0.1532    
   123.0      0.1530    
   124.0      0.1530    
   125.0      0.1533    
   126.0      0.1537    
   127.0      0.1543    
   128.0      0.1550    
   129.0      0.1559    
   130.0      0.1569    
   131.0      0.1579    
   132.0      0.1591    
   133.0      0.1603    
   134.0      0.1616    
   135.0      0.1630    
   136.0      0.1644    
   137.0      0.1659    
   138.0      0.1674    
   139.0      0.1690    
   140.0      0.1707    
   141.0      0.1724    
   142.0      0.1743    
   143.0      0.1762    
   144.0      0.1781    
   145.0      0.1802    
   146.0      0.1824    
   147.0      0.1847    
   148.0      0.1870    
   149.0      0.1895    
   150.0      0.1920    
   151.0      0.1946    
   152.0      0.1974    
   153.0      0.2001    
   154.0      0.2030    
   155.0      0.2059    
   156.0      0.2089    
   157.0      0.2120    
   158.0      0.2150    
   159.0      0.2181    
   160.0      0.2212    
   161.0      0.2242    
   162.0      0.2272    
   163.0      0.2302    
   164.0      0.2332    
   165.0      0.2360    
   166.0      0.2388    
   167.0      0.2414    
   168.0      0.2440    
   169.0      0.2463    
   170.0      0.2486    
   171.0      0.2506    
   172.0      0.2525    
   173.0      0.2542    
   174.0      0.2557    
   175.0      0.2570    
   176.0      0.2580    
   177.0      0.2589    
   178.0      0.2595    
   179.0      0.2598    
   180.0      0.2599    
 END
