# 181 angles,  1 tensor ranks for 0=projectile
@subtitle   "7Li(d,p) @ 7.5AMeV ADWA (d) + KD (p)"                                          
@legend ON
@legend x1 0.2
@legend y1 0.8
@g0 type LOGY
@yaxis ticklabel format power
@legend string   0 "Lab energy =   14.5311"
#legend string   0 "Partition=  2 Excit=  1 near/far= 1"
#  Theta       sigma       iT11        T20         T21         T22         Kyy for projectile
   0.000       28.64    
   1.000       28.65    
   2.000       28.68    
   3.000       28.73    
   4.000       28.79    
   5.000       28.84    
   6.000       28.88    
   7.000       28.89    
   8.000       28.85    
   9.000       28.75    
   10.00       28.58    
   11.00       28.33    
   12.00       27.98    
   13.00       27.54    
   14.00       27.00    
   15.00       26.35    
   16.00       25.61    
   17.00       24.78    
   18.00       23.87    
   19.00       22.88    
   20.00       21.83    
   21.00       20.73    
   22.00       19.60    
   23.00       18.44    
   24.00       17.27    
   25.00       16.10    
   26.00       14.94    
   27.00       13.81    
   28.00       12.71    
   29.00       11.66    
   30.00       10.65    
   31.00       9.692    
   32.00       8.794    
   33.00       7.956    
   34.00       7.180    
   35.00       6.467    
   36.00       5.817    
   37.00       5.228    
   38.00       4.700    
   39.00       4.231    
   40.00       3.817    
   41.00       3.457    
   42.00       3.147    
   43.00       2.884    
   44.00       2.663    
   45.00       2.482    
   46.00       2.336    
   47.00       2.222    
   48.00       2.136    
   49.00       2.074    
   50.00       2.032    
   51.00       2.007    
   52.00       1.997    
   53.00       1.998    
   54.00       2.007    
   55.00       2.023    
   56.00       2.043    
   57.00       2.065    
   58.00       2.088    
   59.00       2.110    
   60.00       2.130    
   61.00       2.147    
   62.00       2.161    
   63.00       2.170    
   64.00       2.173    
   65.00       2.172    
   66.00       2.164    
   67.00       2.150    
   68.00       2.131    
   69.00       2.105    
   70.00       2.074    
   71.00       2.038    
   72.00       1.996    
   73.00       1.950    
   74.00       1.899    
   75.00       1.845    
   76.00       1.788    
   77.00       1.728    
   78.00       1.666    
   79.00       1.602    
   80.00       1.537    
   81.00       1.472    
   82.00       1.406    
   83.00       1.341    
   84.00       1.276    
   85.00       1.211    
   86.00       1.149    
   87.00       1.087    
   88.00       1.027    
   89.00      0.9695    
   90.00      0.9139    
   91.00      0.8607    
   92.00      0.8099    
   93.00      0.7617    
   94.00      0.7162    
   95.00      0.6735    
   96.00      0.6336    
   97.00      0.5964    
   98.00      0.5620    
   99.00      0.5304    
   100.0      0.5014    
   101.0      0.4750    
   102.0      0.4512    
   103.0      0.4297    
   104.0      0.4105    
   105.0      0.3934    
   106.0      0.3784    
   107.0      0.3652    
   108.0      0.3538    
   109.0      0.3440    
   110.0      0.3357    
   111.0      0.3287    
   112.0      0.3229    
   113.0      0.3182    
   114.0      0.3144    
   115.0      0.3115    
   116.0      0.3093    
   117.0      0.3078    
   118.0      0.3069    
   119.0      0.3064    
   120.0      0.3063    
   121.0      0.3065    
   122.0      0.3070    
   123.0      0.3077    
   124.0      0.3086    
   125.0      0.3096    
   126.0      0.3107    
   127.0      0.3119    
   128.0      0.3132    
   129.0      0.3145    
   130.0      0.3158    
   131.0      0.3172    
   132.0      0.3187    
   133.0      0.3201    
   134.0      0.3217    
   135.0      0.3233    
   136.0      0.3250    
   137.0      0.3268    
   138.0      0.3287    
   139.0      0.3307    
   140.0      0.3329    
   141.0      0.3352    
   142.0      0.3377    
   143.0      0.3403    
   144.0      0.3432    
   145.0      0.3462    
   146.0      0.3495    
   147.0      0.3529    
   148.0      0.3565    
   149.0      0.3603    
   150.0      0.3643    
   151.0      0.3685    
   152.0      0.3729    
   153.0      0.3773    
   154.0      0.3820    
   155.0      0.3867    
   156.0      0.3916    
   157.0      0.3965    
   158.0      0.4014    
   159.0      0.4064    
   160.0      0.4114    
   161.0      0.4164    
   162.0      0.4213    
   163.0      0.4261    
   164.0      0.4309    
   165.0      0.4355    
   166.0      0.4399    
   167.0      0.4442    
   168.0      0.4482    
   169.0      0.4521    
   170.0      0.4556    
   171.0      0.4589    
   172.0      0.4619    
   173.0      0.4646    
   174.0      0.4670    
   175.0      0.4690    
   176.0      0.4707    
   177.0      0.4720    
   178.0      0.4729    
   179.0      0.4735    
   180.0      0.4737    
 END
