# 181 angles,  1 tensor ranks for 0=projectile
@subtitle   "7Li(d,p) @ 7.5AMeV ADWA (d) + KD (p)"                                          
@legend ON
@legend x1 0.2
@legend y1 0.8
@g0 type LOGY
@yaxis ticklabel format power
@legend string   0 "Lab energy =   14.5311"
#legend string   0 "Partition=  2 Excit=  5 near/far= 1"
#  Theta       sigma       iT11        T20         T21         T22         Kyy for projectile
   0.000       189.2    
   1.000       188.6    
   2.000       186.9    
   3.000       184.0    
   4.000       179.9    
   5.000       174.6    
   6.000       168.1    
   7.000       160.4    
   8.000       151.4    
   9.000       141.4    
   10.00       130.4    
   11.00       118.6    
   12.00       106.3    
   13.00       93.86    
   14.00       81.51    
   15.00       69.66    
   16.00       58.64    
   17.00       48.74    
   18.00       40.18    
   19.00       33.08    
   20.00       27.45    
   21.00       23.19    
   22.00       20.15    
   23.00       18.09    
   24.00       16.79    
   25.00       16.01    
   26.00       15.59    
   27.00       15.38    
   28.00       15.31    
   29.00       15.33    
   30.00       15.41    
   31.00       15.51    
   32.00       15.57    
   33.00       15.53    
   34.00       15.30    
   35.00       14.82    
   36.00       14.08    
   37.00       13.12    
   38.00       12.03    
   39.00       10.95    
   40.00       10.05    
   41.00       9.456    
   42.00       9.266    
   43.00       9.497    
   44.00       10.08    
   45.00       10.89    
   46.00       11.75    
   47.00       12.47    
   48.00       12.91    
   49.00       12.97    
   50.00       12.62    
   51.00       11.91    
   52.00       10.93    
   53.00       9.795    
   54.00       8.629    
   55.00       7.528    
   56.00       6.562    
   57.00       5.765    
   58.00       5.150    
   59.00       4.710    
   60.00       4.435    
   61.00       4.317    
   62.00       4.348    
   63.00       4.521    
   64.00       4.821    
   65.00       5.224    
   66.00       5.688    
   67.00       6.159    
   68.00       6.577    
   69.00       6.881    
   70.00       7.024    
   71.00       6.976    
   72.00       6.733    
   73.00       6.314    
   74.00       5.757    
   75.00       5.115    
   76.00       4.443    
   77.00       3.791    
   78.00       3.200    
   79.00       2.696    
   80.00       2.289    
   81.00       1.978    
   82.00       1.753    
   83.00       1.601    
   84.00       1.506    
   85.00       1.455    
   86.00       1.439    
   87.00       1.448    
   88.00       1.479    
   89.00       1.524    
   90.00       1.578    
   91.00       1.632    
   92.00       1.680    
   93.00       1.712    
   94.00       1.720    
   95.00       1.700    
   96.00       1.648    
   97.00       1.567    
   98.00       1.462    
   99.00       1.339    
   100.0       1.210    
   101.0       1.083    
   102.0      0.9674    
   103.0      0.8708    
   104.0      0.7975    
   105.0      0.7491    
   106.0      0.7243    
   107.0      0.7197    
   108.0      0.7300    
   109.0      0.7495    
   110.0      0.7722    
   111.0      0.7928    
   112.0      0.8073    
   113.0      0.8130    
   114.0      0.8086    
   115.0      0.7942    
   116.0      0.7709    
   117.0      0.7405    
   118.0      0.7053    
   119.0      0.6678    
   120.0      0.6303    
   121.0      0.5945    
   122.0      0.5620    
   123.0      0.5338    
   124.0      0.5105    
   125.0      0.4924    
   126.0      0.4794    
   127.0      0.4713    
   128.0      0.4677    
   129.0      0.4682    
   130.0      0.4725    
   131.0      0.4803    
   132.0      0.4912    
   133.0      0.5052    
   134.0      0.5219    
   135.0      0.5413    
   136.0      0.5633    
   137.0      0.5875    
   138.0      0.6139    
   139.0      0.6422    
   140.0      0.6721    
   141.0      0.7034    
   142.0      0.7355    
   143.0      0.7682    
   144.0      0.8012    
   145.0      0.8340    
   146.0      0.8662    
   147.0      0.8977    
   148.0      0.9280    
   149.0      0.9570    
   150.0      0.9845    
   151.0       1.010    
   152.0       1.034    
   153.0       1.056    
   154.0       1.077    
   155.0       1.095    
   156.0       1.112    
   157.0       1.127    
   158.0       1.141    
   159.0       1.153    
   160.0       1.163    
   161.0       1.173    
   162.0       1.181    
   163.0       1.189    
   164.0       1.195    
   165.0       1.201    
   166.0       1.206    
   167.0       1.210    
   168.0       1.214    
   169.0       1.218    
   170.0       1.221    
   171.0       1.223    
   172.0       1.225    
   173.0       1.227    
   174.0       1.229    
   175.0       1.230    
   176.0       1.231    
   177.0       1.232    
   178.0       1.233    
   179.0       1.233    
   180.0       1.233    
 END
