# 181 angles,  1 tensor ranks for 0=projectile
@subtitle   "7Li(d,p) @ 7.5AMeV ADWA (d) + KD (p)"                                          
@legend ON
@legend x1 0.2
@legend y1 0.8
@g0 type LOGY
@yaxis ticklabel format power
@legend string   0 "Lab energy =   14.5311"
#legend string   0 "Partition=  2 Excit=  4 near/far= 1"
#  Theta       sigma       iT11        T20         T21         T22         Kyy for projectile
   0.000       63.28    
   1.000       63.16    
   2.000       62.81    
   3.000       62.22    
   4.000       61.38    
   5.000       60.28    
   6.000       58.92    
   7.000       57.29    
   8.000       55.39    
   9.000       53.22    
   10.00       50.80    
   11.00       48.14    
   12.00       45.29    
   13.00       42.27    
   14.00       39.15    
   15.00       35.99    
   16.00       32.85    
   17.00       29.80    
   18.00       26.91    
   19.00       24.22    
   20.00       21.79    
   21.00       19.63    
   22.00       17.75    
   23.00       16.16    
   24.00       14.83    
   25.00       13.73    
   26.00       12.83    
   27.00       12.09    
   28.00       11.47    
   29.00       10.94    
   30.00       10.47    
   31.00       10.03    
   32.00       9.593    
   33.00       9.144    
   34.00       8.670    
   35.00       8.166    
   36.00       7.635    
   37.00       7.088    
   38.00       6.544    
   39.00       6.026    
   40.00       5.557    
   41.00       5.157    
   42.00       4.841    
   43.00       4.611    
   44.00       4.463    
   45.00       4.380    
   46.00       4.340    
   47.00       4.320    
   48.00       4.295    
   49.00       4.248    
   50.00       4.168    
   51.00       4.051    
   52.00       3.901    
   53.00       3.726    
   54.00       3.538    
   55.00       3.351    
   56.00       3.174    
   57.00       3.018    
   58.00       2.891    
   59.00       2.796    
   60.00       2.736    
   61.00       2.711    
   62.00       2.719    
   63.00       2.755    
   64.00       2.814    
   65.00       2.886    
   66.00       2.961    
   67.00       3.029    
   68.00       3.078    
   69.00       3.100    
   70.00       3.089    
   71.00       3.041    
   72.00       2.958    
   73.00       2.844    
   74.00       2.706    
   75.00       2.550    
   76.00       2.387    
   77.00       2.225    
   78.00       2.070    
   79.00       1.927    
   80.00       1.801    
   81.00       1.692    
   82.00       1.600    
   83.00       1.524    
   84.00       1.462    
   85.00       1.411    
   86.00       1.369    
   87.00       1.333    
   88.00       1.301    
   89.00       1.270    
   90.00       1.238    
   91.00       1.203    
   92.00       1.165    
   93.00       1.122    
   94.00       1.075    
   95.00       1.022    
   96.00      0.9664    
   97.00      0.9081    
   98.00      0.8490    
   99.00      0.7907    
   100.0      0.7348    
   101.0      0.6827    
   102.0      0.6353    
   103.0      0.5933    
   104.0      0.5570    
   105.0      0.5262    
   106.0      0.5003    
   107.0      0.4787    
   108.0      0.4605    
   109.0      0.4447    
   110.0      0.4306    
   111.0      0.4173    
   112.0      0.4045    
   113.0      0.3916    
   114.0      0.3785    
   115.0      0.3653    
   116.0      0.3519    
   117.0      0.3387    
   118.0      0.3258    
   119.0      0.3136    
   120.0      0.3022    
   121.0      0.2920    
   122.0      0.2832    
   123.0      0.2759    
   124.0      0.2701    
   125.0      0.2660    
   126.0      0.2634    
   127.0      0.2625    
   128.0      0.2630    
   129.0      0.2650    
   130.0      0.2682    
   131.0      0.2725    
   132.0      0.2777    
   133.0      0.2838    
   134.0      0.2906    
   135.0      0.2979    
   136.0      0.3055    
   137.0      0.3134    
   138.0      0.3215    
   139.0      0.3296    
   140.0      0.3376    
   141.0      0.3455    
   142.0      0.3533    
   143.0      0.3608    
   144.0      0.3680    
   145.0      0.3750    
   146.0      0.3817    
   147.0      0.3882    
   148.0      0.3944    
   149.0      0.4004    
   150.0      0.4062    
   151.0      0.4118    
   152.0      0.4173    
   153.0      0.4227    
   154.0      0.4280    
   155.0      0.4333    
   156.0      0.4385    
   157.0      0.4437    
   158.0      0.4489    
   159.0      0.4540    
   160.0      0.4592    
   161.0      0.4644    
   162.0      0.4695    
   163.0      0.4745    
   164.0      0.4795    
   165.0      0.4844    
   166.0      0.4892    
   167.0      0.4938    
   168.0      0.4982    
   169.0      0.5024    
   170.0      0.5064    
   171.0      0.5101    
   172.0      0.5135    
   173.0      0.5165    
   174.0      0.5192    
   175.0      0.5216    
   176.0      0.5235    
   177.0      0.5250    
   178.0      0.5261    
   179.0      0.5268    
   180.0      0.5270    
 END
