Adiabatic KD 8Li Real volume (1st block tran)
303 0.100000001 0.100000001
-0.9988584E+02 -0.9909265E+02 -0.9818877E+02 -0.9716139E+02 -0.9599699E+02
-0.9468162E+02 -0.9320121E+02 -0.9154196E+02 -0.8969094E+02 -0.8763672E+02
-0.8537010E+02 -0.8288501E+02 -0.8017937E+02 -0.7725589E+02 -0.7412289E+02
-0.7079473E+02 -0.6729215E+02 -0.6364206E+02 -0.5987699E+02 -0.5603414E+02
-0.5215394E+02 -0.4827845E+02 -0.4444951E+02 -0.4070696E+02 -0.3708707E+02
-0.3362119E+02 -0.3033491E+02 -0.2724751E+02 -0.2437201E+02 -0.2171541E+02
-0.1927928E+02 -0.1706059E+02 -0.1505248E+02 -0.1324520E+02 -0.1162692E+02
-0.1018445E+02 -0.8903904E+01 -0.7771197E+01 -0.6772450E+01 -0.5894293E+01
-0.5124074E+01 -0.4449989E+01 -0.3861160E+01 -0.3347656E+01 -0.2900488E+01
-0.2511579E+01 -0.2173708E+01 -0.1880456E+01 -0.1626142E+01 -0.1405753E+01
-0.1214883E+01 -0.1049667E+01 -0.9067230E+00 -0.7830988E+00 -0.6762205E+00
-0.5838474E+00 -0.5040319E+00 -0.4350822E+00 -0.3755307E+00 -0.3241051E+00
-0.2797029E+00 -0.2413699E+00 -0.2082799E+00 -0.1797185E+00 -0.1550679E+00
-0.1337942E+00 -0.1154358E+00 -0.9959404E-01 -0.8592453E-01 -0.7412986E-01
-0.6395324E-01 -0.5517294E-01 -0.4759757E-01 -0.4106190E-01 -0.3542336E-01
-0.3055886E-01 -0.2636221E-01 -0.2274176E-01 -0.1961843E-01 -0.1692399E-01
-0.1459955E-01 -0.1259433E-01 -0.1086450E-01 -0.9372234E-02 -0.8084921E-02
-0.6974413E-02 -0.6016431E-02 -0.5190028E-02 -0.4477132E-02 -0.3862156E-02
-0.3331649E-02 -0.2874011E-02 -0.2479234E-02 -0.2138682E-02 -0.1844908E-02
-0.1591487E-02 -0.1372876E-02 -0.1184294E-02 -0.1021615E-02 -0.8812827E-03
-0.7602266E-03 -0.6557991E-03 -0.5657160E-03 -0.4880071E-03 -0.4209725E-03
-0.3631460E-03 -0.3132628E-03 -0.2702317E-03 -0.2331115E-03 -0.2010903E-03
-0.1734677E-03 -0.1496394E-03 -0.1290843E-03 -0.1113527E-03 -0.9605682E-04
-0.8286203E-04 -0.7147974E-04 -0.6166096E-04 -0.5319094E-04 -0.4588439E-04
-0.3958151E-04 -0.3414442E-04 -0.2945419E-04 -0.2540823E-04 -0.2191804E-04
-0.1890728E-04 -0.1631009E-04 -0.1406966E-04 -0.1213699E-04 -0.1046980E-04
-0.9031619E-05 -0.7790995E-05 -0.6720789E-05 -0.5797591E-05 -0.5001208E-05
-0.4314219E-05 -0.3721599E-05 -0.3210383E-05 -0.2769390E-05 -0.2388974E-05
-0.2060814E-05 -0.1777731E-05 -0.1533534E-05 -0.1322881E-05 -0.1141164E-05
-0.9844086E-06 -0.8491858E-06 -0.7325378E-06 -0.6319131E-06 -0.5451106E-06
-0.4702318E-06 -0.4056386E-06 -0.3499183E-06 -0.3018519E-06 -0.2603882E-06
-0.2246201E-06 -0.1937652E-06 -0.1671488E-06 -0.1441885E-06 -0.1243821E-06
-0.1072964E-06 -0.9255768E-07 -0.7984353E-07 -0.6887587E-07 -0.5941477E-07
-0.5125328E-07 -0.4421290E-07 -0.3813962E-07 -0.3290059E-07 -0.2838121E-07
-0.2448264E-07 -0.2111960E-07 -0.1821851E-07 -0.1571594E-07 -0.1355712E-07
-0.1169486E-07 -0.1008840E-07 -0.8702609E-08 -0.7507180E-08 -0.6475959E-08
-0.5586392E-08 -0.4819020E-08 -0.4157058E-08 -0.3586026E-08 -0.3093433E-08
-0.2668505E-08 -0.2301947E-08 -0.1985741E-08 -0.1712971E-08 -0.1477669E-08
-0.1274690E-08 -0.1099593E-08 -0.9485478E-09 -0.8182510E-09 -0.7058523E-09
-0.6088933E-09 -0.5252529E-09 -0.4531018E-09 -0.3908617E-09 -0.3371712E-09
-0.2908558E-09 -0.2509025E-09 -0.2164374E-09 -0.1867066E-09 -0.1610597E-09
-0.1389359E-09 -0.1198510E-09 -0.1033877E-09 -0.8918591E-10 -0.7693493E-10
-0.6636680E-10 -0.5725036E-10 -0.4938619E-10 -0.4260228E-10 -0.3675024E-10
-0.3170206E-10 -0.2734732E-10 -0.2359077E-10 -0.2035023E-10 -0.1755483E-10
-0.1514342E-10 -0.1306325E-10 -0.1126883E-10 -0.9720889E-11 -0.8385584E-11
-0.7233702E-11 -0.6240048E-11 -0.5382887E-11 -0.4643469E-11 -0.4005621E-11
-0.3455391E-11 -0.2980743E-11 -0.2571295E-11 -0.2218090E-11 -0.1913403E-11
-0.1650569E-11 -0.1423840E-11 -0.1228255E-11 -0.1059536E-11 -0.9139934E-12
-0.7884431E-12 -0.6801390E-12 -0.5867120E-12 -0.5061186E-12 -0.4365959E-12
-0.3766231E-12 -0.3248884E-12 -0.2802603E-12 -0.2417625E-12 -0.2085529E-12
-0.1799051E-12 -0.1551925E-12 -0.1338746E-12 -0.1154850E-12 -0.9962143E-13
-0.8593698E-13 -0.7413229E-13 -0.6394914E-13 -0.5516480E-13 -0.4758711E-13
-0.4105033E-13 -0.3541147E-13 -0.3054719E-13 -0.2635109E-13 -0.2273139E-13
-0.1960890E-13 -0.1691533E-13 -0.1459177E-13 -0.1258738E-13 -0.1085832E-13
-0.9366769E-14 -0.8080108E-14 -0.6970188E-14 -0.6012731E-14 -0.5186795E-14
-0.4474313E-14 -0.3859702E-14 -0.3329515E-14 -0.2872158E-14 -0.2477626E-14
-0.2137288E-14 -0.1843700E-14 -0.1590441E-14 -0.1371971E-14 -0.1183511E-14
-0.1020938E-14 -0.8806977E-15 -0.7597211E-15 -0.6553624E-15 -0.5653388E-15
-0.4876813E-15 -0.4206912E-15 -0.3629032E-15 -0.3130532E-15 -0.2700508E-15
-0.2329554E-15 -0.2009556E-15 -0.1733514E-15 -0.1495391E-15 -0.1289977E-15
-0.1112780E-15 -0.9599235E-16 -0.8280640E-16 
Adiabatic KD 8Li Imaginary volume (2nd block tran)
303 0.100000001 0.100000001
-0.1901990E+01 -0.2019479E+01 -0.2160439E+01 -0.2329195E+01 -0.2530716E+01
-0.2770632E+01 -0.3055221E+01 -0.3391343E+01 -0.3786273E+01 -0.4247435E+01
-0.4781955E+01 -0.5396039E+01 -0.6094094E+01 -0.6877621E+01 -0.7743869E+01
-0.8684358E+01 -0.9683426E+01 -0.1071709E+02 -0.1175255E+02 -0.1274880E+02
-0.1365857E+02 -0.1443187E+02 -0.1502082E+02 -0.1538516E+02 -0.1549755E+02
-0.1534736E+02 -0.1494233E+02 -0.1430742E+02 -0.1348140E+02 -0.1251167E+02
-0.1144881E+02 -0.1034140E+02 -0.9232319E+01 -0.8156372E+01 -0.7139489E+01
-0.6199019E+01 -0.5344778E+01 -0.4580476E+01 -0.3905214E+01 -0.3314880E+01
-0.2803320E+01 -0.2363271E+01 -0.1987053E+01 -0.1667045E+01 -0.1396003E+01
-0.1167243E+01 -0.9747339E+00 -0.8131236E+00 -0.6777247E+00 -0.5644739E+00
-0.4698778E+00 -0.3909523E+00 -0.3251623E+00 -0.2703629E+00 -0.2247464E+00
-0.1867927E+00 -0.1552275E+00 -0.1289837E+00 -0.1071699E+00 -0.8904174E-01
-0.7397889E-01 -0.6146438E-01 -0.5106789E-01 -0.4243140E-01 -0.3525715E-01
-0.2929760E-01 -0.2434704E-01 -0.2023453E-01 -0.1681808E-01 -0.1397974E-01
-0.1162154E-01 -0.9662134E-02 -0.8033958E-02 -0.6680908E-02 -0.5556395E-02
-0.4621730E-02 -0.3844785E-02 -0.3198877E-02 -0.2661847E-02 -0.2215291E-02
-0.1843922E-02 -0.1535043E-02 -0.1278106E-02 -0.1064348E-02 -0.8864878E-03
-0.7384760E-03 -0.6152856E-03 -0.5127385E-03 -0.4273622E-03 -0.3562702E-03
-0.2970629E-03 -0.2477451E-03 -0.2066578E-03 -0.1724212E-03 -0.1438879E-03
-0.1201033E-03 -0.1002733E-03 -0.8373692E-04 -0.6994442E-04 -0.5843805E-04
-0.4883683E-04 -0.4082353E-04 -0.3413404E-04 -0.2854835E-04 -0.2388324E-04
-0.1998603E-04 -0.1672952E-04 -0.1400768E-04 -0.1173214E-04 -0.9829224E-05
-0.8237473E-05 -0.6905642E-05 -0.5790973E-05 -0.4857790E-05 -0.4076315E-05
-0.3421689E-05 -0.2873157E-05 -0.2413381E-05 -0.2027880E-05 -0.1704552E-05
-0.1433281E-05 -0.1205612E-05 -0.1014472E-05 -0.8539470E-06 -0.7190862E-06
-0.6057475E-06 -0.5104628E-06 -0.4303278E-06 -0.3629097E-06 -0.3061699E-06
-0.2583995E-06 -0.2181659E-06 -0.1842674E-06 -0.1556959E-06 -0.1316051E-06
-0.1112847E-06 -0.9413811E-07 -0.7966408E-07 -0.6744138E-07 -0.5711586E-07
-0.4838970E-07 -0.4101234E-07 -0.3477288E-07 -0.2949378E-07 -0.2502552E-07
-0.2124209E-07 -0.1803732E-07 -0.1532167E-07 -0.1301960E-07 -0.1106740E-07
-0.9411272E-08 -0.8005787E-08 -0.6812570E-08 -0.5799190E-08 -0.4938228E-08
-0.4206496E-08 -0.3584374E-08 -0.3055255E-08 -0.2605078E-08 -0.2221932E-08
-0.1895726E-08 -0.1617904E-08 -0.1381210E-08 -0.1179491E-08 -0.1007522E-08
-0.8608689E-09 -0.7357663E-09 -0.6290144E-09 -0.5378939E-09 -0.4600929E-09
-0.3936450E-09 -0.3368774E-09 -0.2883662E-09 -0.2468993E-09 -0.2114442E-09
-0.1811214E-09 -0.1551813E-09 -0.1329848E-09 -0.1139871E-09 -0.9772317E-10
-0.8379646E-10 -0.7186834E-10 -0.6164973E-10 -0.5289370E-10 -0.4538935E-10
-0.3895640E-10 -0.3344079E-10 -0.2871078E-10 -0.2465370E-10 -0.2117317E-10
-0.1818672E-10 -0.1562376E-10 -0.1342387E-10 -0.1153529E-10 -0.9913728E-11
-0.8521199E-11 -0.7325177E-11 -0.6297781E-11 -0.5415112E-11 -0.4656676E-11
-0.4004902E-11 -0.3444716E-11 -0.2963188E-11 -0.2549222E-11 -0.2193298E-11
-0.1887242E-11 -0.1624038E-11 -0.1397662E-11 -0.1202941E-11 -0.1035432E-11
-0.8913173E-12 -0.7673188E-12 -0.6606187E-12 -0.5687958E-12 -0.4897689E-12
-0.4217494E-12 -0.3631994E-12 -0.3127968E-12 -0.2694046E-12 -0.2320451E-12
-0.1998773E-12 -0.1721780E-12 -0.1483248E-12 -0.1277826E-12 -0.1100905E-12
-0.9485235E-13 -0.8172699E-13 -0.7042088E-13 -0.6068135E-13 -0.5229091E-13
-0.4506235E-13 -0.3883448E-13 -0.3346853E-13 -0.2884500E-13 -0.2486102E-13
-0.2142797E-13 -0.1846956E-13 -0.1592007E-13 -0.1372290E-13 -0.1182929E-13
-0.1019724E-13 -0.8790593E-14 -0.7578168E-14 -0.6533120E-14 -0.5632315E-14
-0.4855822E-14 -0.4186469E-14 -0.3609457E-14 -0.3112035E-14 -0.2683214E-14
-0.2313524E-14 -0.1994805E-14 -0.1720023E-14 -0.1483116E-14 -0.1278860E-14
-0.1102751E-14 -0.9509073E-15 -0.8199834E-15 -0.7070951E-15 -0.6097563E-15
-0.5258238E-15 -0.4534500E-15 -0.3910423E-15 -0.3372274E-15 -0.2908217E-15
-0.2508045E-15 -0.2162958E-15 -0.1865371E-15 -0.1608741E-15 -0.1387430E-15
-0.1196575E-15 -0.1031983E-15 -0.8900374E-16 -0.7676222E-16 -0.6620488E-16
-0.5709994E-16 -0.4924751E-16 -0.4247523E-16 -0.3663448E-16 -0.3159709E-16
-0.2725252E-16 -0.2350546E-16 -0.2027371E-16 -0.1748638E-16 -0.1508235E-16
-0.1300889E-16 -0.1122053E-16 -0.9678067E-17 -0.8347679E-17 -0.7200202E-17
-0.6210484E-17 -0.5356831E-17 -0.4620532E-17 -0.3985453E-17 -0.3437676E-17
-0.2965198E-17 -0.2557666E-17 -0.2206151E-17 -0.1902953E-17 -0.1641429E-17
-0.1415851E-17 -0.1221276E-17 -0.1053444E-17
Adiabatic KD 8Li SO Real (3rd block tran)
303 0.100000001 0.100000001
-0.1235404E+02 -0.7130705E+01 -0.5463889E+01 -0.4686499E+01 -0.4263209E+01
-0.4013523E+01 -0.3857940E+01 -0.3754560E+01 -0.3678072E+01 -0.3611512E+01
-0.3542723E+01 -0.3462795E+01 -0.3365417E+01 -0.3246643E+01 -0.3104796E+01
-0.2940355E+01 -0.2755736E+01 -0.2554926E+01 -0.2342999E+01 -0.2125571E+01
-0.1908252E+01 -0.1696186E+01 -0.1493706E+01 -0.1304144E+01 -0.1129775E+01
-0.9718713E+00 -0.8308400E+00 -0.7063934E+00 -0.5977314E+00 -0.5037116E+00
-0.4229949E+00 -0.3541602E+00 -0.2957905E+00 -0.2465311E+00 -0.2051265E+00
-0.1704407E+00 -0.1414637E+00 -0.1173111E+00 -0.9721689E-01 -0.8052420E-01
-0.6667372E-01 -0.5519228E-01 -0.4568148E-01 -0.3780734E-01 -0.3129070E-01
-0.2589894E-01 -0.2143857E-01 -0.1774893E-01 -0.1469684E-01 -0.1217198E-01
-0.1008303E-01 -0.8354485E-02 -0.6923907E-02 -0.5739693E-02 -0.4759199E-02
-0.3947189E-02 -0.3274545E-02 -0.2717209E-02 -0.2255295E-02 -0.1872365E-02
-0.1554833E-02 -0.1291460E-02 -0.1072952E-02 -0.8916211E-03 -0.7411034E-03
-0.6161318E-03 -0.5123453E-03 -0.4261320E-03 -0.3544995E-03 -0.2949681E-03
-0.2454824E-03 -0.2043381E-03 -0.1701220E-03 -0.1416613E-03 -0.1179832E-03
-0.9827993E-04 -0.8188113E-04 -0.6822998E-04 -0.5686399E-04 -0.4739892E-04
-0.3951545E-04 -0.3294816E-04 -0.2747639E-04 -0.2291663E-04 -0.1911628E-04
-0.1594835E-04 -0.1330720E-04 -0.1110491E-04 -0.9268277E-05 -0.7736381E-05
-0.6458479E-05 -0.5392312E-05 -0.4502679E-05 -0.3760254E-05 -0.3140598E-05
-0.2623347E-05 -0.2191524E-05 -0.1830976E-05 -0.1529905E-05 -0.1278470E-05
-0.1068464E-05 -0.8930425E-06 -0.7464933E-06 -0.6240517E-06 -0.5217416E-06
-0.4362442E-06 -0.3647897E-06 -0.3050657E-06 -0.2551417E-06 -0.2134057E-06
-0.1785116E-06 -0.1493352E-06 -0.1249374E-06 -0.1045339E-06 -0.8746912E-07
-0.7319567E-07 -0.6125595E-07 -0.5126759E-07 -0.4291101E-07 -0.3591908E-07
-0.3006850E-07 -0.2517260E-07 -0.2107529E-07 -0.1764606E-07 -0.1477577E-07
-0.1237316E-07 -0.1036187E-07 -0.8678058E-08 -0.7268313E-08 -0.6087945E-08
-0.5099570E-08 -0.4271906E-08 -0.3578778E-08 -0.2998281E-08 -0.2512084E-08
-0.2104843E-08 -0.1763717E-08 -0.1477955E-08 -0.1238557E-08 -0.1037991E-08
-0.8699481E-09 -0.7291466E-09 -0.6111643E-09 -0.5122975E-09 -0.4294450E-09
-0.3600090E-09 -0.3018142E-09 -0.2530382E-09 -0.2121545E-09 -0.1778845E-09
-0.1491568E-09 -0.1250741E-09 -0.1048842E-09 -0.8795725E-10 -0.7376518E-10
-0.6186561E-10 -0.5188777E-10 -0.4352095E-10 -0.3650472E-10 -0.3062083E-10
-0.2568632E-10 -0.2154783E-10 -0.1807680E-10 -0.1516548E-10 -0.1272351E-10
-0.1067514E-10 -0.8956861E-11 -0.7515429E-11 -0.6306191E-11 -0.5291705E-11
-0.4440575E-11 -0.3726470E-11 -0.3127309E-11 -0.2624571E-11 -0.2202725E-11
-0.1848743E-11 -0.1551696E-11 -0.1302419E-11 -0.1093222E-11 -0.9176555E-12
-0.7703080E-12 -0.6466397E-12 -0.5428419E-12 -0.4557193E-12 -0.3825906E-12
-0.3212061E-12 -0.2696783E-12 -0.2264230E-12 -0.1901110E-12 -0.1596270E-12
-0.1340347E-12 -0.1125486E-12 -0.9450935E-13 -0.7936356E-13 -0.6664676E-13
-0.5596910E-13 -0.4700336E-13 -0.3947487E-13 -0.3315306E-13 -0.2784437E-13
-0.2338633E-13 -0.1964254E-13 -0.1649847E-13 -0.1385799E-13 -0.1164039E-13
-0.9777882E-14 -0.8213579E-14 -0.6899700E-14 -0.5796129E-14 -0.4869179E-14
-0.4090566E-14 -0.3436535E-14 -0.2887139E-14 -0.2425629E-14 -0.2037935E-14
-0.1712245E-14 -0.1438635E-14 -0.1208773E-14 -0.1015659E-14 -0.8534145E-15
-0.7171024E-15 -0.6025752E-15 -0.5063492E-15 -0.4254982E-15 -0.3575642E-15
-0.3004823E-15 -0.2525179E-15 -0.2122140E-15 -0.1783463E-15 -0.1498865E-15
-0.1259706E-15 -0.1058727E-15 -0.8898293E-16 -0.7478896E-16 -0.6286027E-16
-0.5283514E-16 -0.4440965E-16 -0.3732841E-16 -0.3137685E-16 -0.2637465E-16
-0.2217030E-16 -0.1863649E-16 -0.1566621E-16 -0.1316956E-16 -0.1107097E-16
-0.9306951E-17 -0.7824135E-17 -0.6577674E-17 -0.5529877E-17 -0.4649064E-17
-0.3908612E-17 -0.3286144E-17 -0.2762850E-17 -0.2322923E-17 -0.1953076E-17
-0.1642140E-17 -0.1380727E-17 -0.1160946E-17 -0.9761637E-18 -0.8208047E-18
-0.6901817E-18 -0.5803546E-18 -0.4880111E-18 -0.4103669E-18 -0.3450811E-18
-0.2901858E-18 -0.2440267E-18 -0.2052128E-18 -0.1725750E-18 -0.1451300E-18
-0.1220513E-18 -0.1026440E-18 -0.8632378E-19 -0.7259945E-19 -0.6105791E-19
-0.5135188E-19 -0.4318932E-19 -0.3632471E-19 -0.3055157E-19 -0.2569629E-19
-0.2161289E-19 -0.1817862E-19 -0.1529024E-19 -0.1286095E-19 -0.1081776E-19
-0.9099279E-20 -0.7653884E-20 -0.6438164E-20 -0.5415611E-20 -0.4555521E-20
-0.3832074E-20 -0.3223552E-20 -0.2711694E-20 -0.2281139E-20 -0.1918969E-20
-0.1614317E-20 -0.1358047E-20 -0.1142473E-20 -0.9611291E-21 -0.8085790E-21
-0.6802491E-21 -0.5722928E-21 -0.4814746E-21
Adiabatic KD 8Li SO Imaginary (4th block of tran)
303 0.100000001 0.100000001
 0.7719963E-01 0.4455934E-01 0.3414351E-01 0.2928565E-01 0.2664054E-01
 0.2508026E-01 0.2410803E-01 0.2346202E-01 0.2298405E-01 0.2256812E-01
 0.2213826E-01 0.2163880E-01 0.2103029E-01 0.2028808E-01 0.1940168E-01
 0.1837410E-01 0.1722043E-01 0.1596558E-01 0.1464126E-01 0.1328256E-01
 0.1192455E-01 0.1059936E-01 0.9334080E-02 0.8149520E-02 0.7059895E-02
 0.6073165E-02 0.5191869E-02 0.4414210E-02 0.3735187E-02 0.3147663E-02
 0.2643269E-02 0.2213126E-02 0.1848377E-02 0.1540558E-02 0.1281823E-02
 0.1065074E-02 0.8839984E-03 0.7330699E-03 0.6075025E-03 0.5031909E-03
 0.4166401E-03 0.3448932E-03 0.2854608E-03 0.2362558E-03 0.1955337E-03
 0.1618409E-03 0.1339683E-03 0.1109120E-03 0.9183969E-04 0.7606195E-04
 0.6300825E-04 0.5220667E-04 0.4326708E-04 0.3586700E-04 0.2973995E-04
 0.2466574E-04 0.2046244E-04 0.1697968E-04 0.1409320E-04 0.1170030E-04
 0.9716056E-05 0.8070253E-05 0.6704814E-05 0.5571687E-05 0.4631110E-05
 0.3850171E-05 0.3201615E-05 0.2662873E-05 0.2215246E-05 0.1843238E-05
 0.1534005E-05 0.1276897E-05 0.1063082E-05 0.8852331E-06 0.7372697E-06
 0.6141454E-06 0.5116703E-06 0.4263651E-06 0.3553397E-06 0.2961930E-06
 0.2469297E-06 0.2058911E-06 0.1716983E-06 0.1432047E-06 0.1194565E-06
 0.9966028E-07 0.8315589E-07 0.6939389E-07 0.5791690E-07 0.4834418E-07
 0.4035864E-07 0.3369623E-07 0.2813697E-07 0.2349760E-07 0.1962541E-07
 0.1639314E-07 0.1369470E-07 0.1144166E-07 0.9560286E-08 0.7989083E-08
 0.6676770E-08 0.5580569E-08 0.4664792E-08 0.3899662E-08 0.3260332E-08
 0.2726064E-08 0.2279549E-08 0.1906337E-08 0.1594365E-08 0.1333559E-08
 0.1115508E-08 0.9331868E-09 0.7807265E-09 0.6532258E-09 0.5465893E-09
 0.4573953E-09 0.3827847E-09 0.3203681E-09 0.2681483E-09 0.2244562E-09
 0.1878963E-09 0.1573021E-09 0.1316982E-09 0.1102692E-09 0.9233292E-10
 0.7731910E-10 0.6475069E-10 0.5422867E-10 0.4541925E-10 0.3804320E-10
 0.3186690E-10 0.2669488E-10 0.2236357E-10 0.1873608E-10 0.1569786E-10
 0.1315304E-10 0.1102136E-10 0.9235649E-11 0.7739671E-11 0.6486344E-11
 0.5436253E-11 0.4556393E-11 0.3819129E-11 0.3201316E-11 0.2683576E-11
 0.2249675E-11 0.1886019E-11 0.1581220E-11 0.1325741E-11 0.1111589E-11
 0.9320720E-12 0.7815803E-12 0.6554152E-12 0.5496396E-12 0.4609542E-12
 0.3865945E-12 0.3242436E-12 0.2719598E-12 0.2281158E-12 0.1913477E-12
 0.1605122E-12 0.1346511E-12 0.1129609E-12 0.9476817E-13 0.7950843E-13
 0.6670829E-13 0.5597088E-13 0.4696346E-13 0.3940701E-13 0.3306755E-13
 0.2774889E-13 0.2328649E-13 0.1954236E-13 0.1640079E-13 0.1376470E-13
 0.1155268E-13 0.9696455E-14 0.8138737E-14 0.6831479E-14 0.5734374E-14
 0.4813608E-14 0.4040812E-14 0.3392187E-14 0.2847763E-14 0.2390786E-14
 0.2007198E-14 0.1685203E-14 0.1414903E-14 0.1187992E-14 0.9974992E-15
 0.8375747E-15 0.7033095E-15 0.5905833E-15 0.4959381E-15 0.4164716E-15
 0.3497475E-15 0.2937212E-15 0.2466761E-15 0.2071715E-15 0.1739978E-15
 0.1461398E-15 0.1227450E-15 0.1030980E-15 0.8659776E-16 0.7274007E-16
 0.6110140E-16 0.5132616E-16 0.4311581E-16 0.3621966E-16 0.3042721E-16
 0.2556170E-16 0.2147470E-16 0.1804156E-16 0.1515761E-16 0.1273494E-16
 0.1069972E-16 0.8989945E-17 0.7553549E-17 0.6346791E-17 0.5332936E-17
 0.4481130E-17 0.3765456E-17 0.3164146E-17 0.2658913E-17 0.2234397E-17
 0.1877696E-17 0.1577969E-17 0.1326112E-17 0.1114475E-17 0.9366317E-18
 0.7871825E-18 0.6615919E-18 0.5560490E-18 0.4673517E-18 0.3928101E-18
 0.3301636E-18 0.2775132E-18 0.2332630E-18 0.1960720E-18 0.1648136E-18
 0.1385409E-18 0.1164583E-18 0.9789721E-19 0.8229577E-19 0.6918183E-19
 0.5815858E-19 0.4889255E-19 0.4110349E-19 0.3455587E-19 0.2905172E-19
 0.2442468E-19 0.2053491E-19 0.1726488E-19 0.1451581E-19 0.1220466E-19
 0.1026163E-19 0.8628079E-20 0.7254681E-20 0.6099988E-20 0.5129159E-20
 0.4312904E-20 0.3626601E-20 0.3049552E-20 0.2564358E-20 0.2156391E-20
 0.1813354E-20 0.1524908E-20 0.1282363E-20 0.1078411E-20 0.9069084E-21
 0.7626910E-21 0.6414160E-21 0.5394321E-21 0.4536696E-21 0.3815472E-21
 0.3208948E-21 0.2698875E-21 0.2269909E-21 0.1909149E-21 0.1605746E-21
 0.1350577E-21 0.1135971E-21 0.9554779E-22 0.8036732E-22 0.6759954E-22
 0.5686085E-22 0.4782866E-22 0.4023170E-22 0.3384183E-22 0.2846718E-22
 0.2394640E-22 0.2014379E-22 0.1694522E-22 0.1425470E-22 0.1199152E-22
 0.1008777E-22 0.8486357E-23 0.7139244E-23 0.6006038E-23 0.5052761E-23
 0.4250836E-23 0.3576223E-23 0.3008706E-23
