# Fusion cross sections for ELAB=  14.531, ECM=  11.290
     0.5   16.22      1
     0.5   34.22     -1
     1.5   52.98      1
     1.5   106.1     -1
     2.5   76.55      1
     2.5   163.5     -1
     3.5   76.58      1
     3.5   153.3     -1
     4.5   41.56      1
     4.5   99.84     -1
     5.5   14.09      1
     5.5   26.76     -1
     6.5  -7.209      1
     6.5  -12.29     -1
     7.5  -11.15      1
     7.5  -15.19     -1
     8.5  -1.975      1
     8.5  -6.819     -1
     9.5  -2.205      1
     9.5  -3.142     -1
    10.5 -0.5201      1
    10.5  -1.565     -1
    11.5 -0.6112      1
    11.5  -1.076     -1
    12.5 -0.3894      1
    12.5 -0.9319     -1
    13.5 -0.4120      1
    13.5 -0.6653     -1
    14.5 -0.2630      1
    14.5 -0.5562     -1
    15.5 -0.2546      1
    15.5 -0.5380     -1
    16.5 -0.5097E-01  1
    16.5 -0.3394     -1
    17.5 -0.7621E-01  1
    17.5 -0.1630     -1
    18.5 -0.1073      1
    18.5 -0.2018     -1
    19.5 -0.1069      1
    19.5 -0.1376     -1
    20.5 -0.1317E-02  1
    20.5 -0.3195E-01 -1
    21.5 -0.1546E-02  1
    21.5 -0.2386E-02 -1
    22.5 -0.9197E-03  1
    22.5 -0.1838E-02 -1
    23.5 -0.9253E-03  1
    23.5 -0.1233E-02 -1
    24.5 -0.5656E-04  1
    24.5 -0.3619E-03 -1
    25.5 -0.5582E-04  1
    25.5 -0.6264E-04 -1
    26.5 -0.5890E-06  1
    26.5 -0.7303E-05 -1
    27.5 -0.5775E-06  1
    27.5 -0.6157E-06 -1
    28.5 -0.1920E-08  1
    28.5 -0.3924E-07 -1
    29.5 -0.1874E-08  1
    29.5 -0.1952E-08 -1
    30.5 -0.2329E-11  1
    30.5 -0.7748E-10 -1
    31.5 -0.2519E-11  1
    31.5 -0.2586E-11 -1
    32.5 -0.1831E-12  1
    32.5 -0.2109E-13 -1
    33.5  0.2792E-12  1
    33.5  0.5130E-12 -1
    34.5  0.4815E-13  1
    34.5 -0.9633E-13 -1
    35.5  0.4953E-13  1
    35.5  0.9905E-13 -1
    36.5  0.1527E-12  1
    36.5  0.2545E-12 -1
    37.5  0.2091E-12  1
    37.5  0.4182E-12 -1
    38.5  0.5365E-13  1
    38.5  0.1610E-12 -1
    39.5  0.2201E-12  1
    39.5  0.2201E-12 -1
    40.5  0.2256E-12  1
    40.5  0.3384E-12 -1
 &
