 loop =           0  is type =           0   0.00000000       7.00000000       0.00000000       1.29999995       0.00000000       0.00000000       0.00000000       0.00000000       0.00000000    
 loop =          -1  is type =           1   0.00000000       89.5000000       1.24000001      0.740000010       0.00000000       0.00000000       0.00000000       0.00000000       0.00000000    
 loop =          -1  is type =           2   0.00000000       0.00000000       0.00000000       0.00000000       12.6999998       1.24000001      0.740000010       0.00000000       0.00000000    
 loop =          -1  is type =           3   0.00000000       0.00000000       0.00000000       0.00000000       10.4399996      0.819999993       1.04999995       0.00000000       0.00000000    
 WOUT,ITER,FALLOC = F           0 F
