    0.00   9.063100E+00
    1.00   9.051100E+00
    2.00   9.014900E+00
    3.00   8.954600E+00
    4.00   8.870100E+00
    5.00   8.761300E+00
    6.00   8.628500E+00
    7.00   8.471800E+00
    8.00   8.291600E+00
    9.00   8.088800E+00
   10.00   7.864300E+00
   11.00   7.619400E+00
   12.00   7.355700E+00
   13.00   7.075100E+00
   14.00   6.779800E+00
   15.00   6.471900E+00
   16.00   6.154100E+00
   17.00   5.828900E+00
   18.00   5.498800E+00
   19.00   5.166500E+00
   20.00   4.834500E+00
   21.00   4.505300E+00
   22.00   4.181300E+00
   23.00   3.864700E+00
   24.00   3.557500E+00
   25.00   3.261600E+00
   26.00   2.978400E+00
   27.00   2.709400E+00
   28.00   2.455400E+00
   29.00   2.217400E+00
   30.00   1.995700E+00
   31.00   1.790500E+00
   32.00   1.601900E+00
   33.00   1.429500E+00
   34.00   1.273100E+00
   35.00   1.131900E+00
   36.00   1.005500E+00
   37.00   8.930800E-01
   38.00   7.939000E-01
   39.00   7.071700E-01
   40.00   6.320600E-01
   41.00   5.677400E-01
   42.00   5.133400E-01
   43.00   4.680000E-01
   44.00   4.308500E-01
   45.00   4.010100E-01
   46.00   3.776400E-01
   47.00   3.599200E-01
   48.00   3.470700E-01
   49.00   3.383600E-01
   50.00   3.331200E-01
   51.00   3.307300E-01
   52.00   3.306600E-01
   53.00   3.324000E-01
   54.00   3.355200E-01
   55.00   3.396100E-01
   56.00   3.443100E-01
   57.00   3.493100E-01
   58.00   3.543100E-01
   59.00   3.590700E-01
   60.00   3.633500E-01
   61.00   3.669700E-01
   62.00   3.698000E-01
   63.00   3.717100E-01
   64.00   3.726500E-01
   65.00   3.725800E-01
   66.00   3.714900E-01
   67.00   3.694000E-01
   68.00   3.663400E-01
   69.00   3.623800E-01
   70.00   3.575500E-01
   71.00   3.519300E-01
   72.00   3.455700E-01
   73.00   3.385300E-01
   74.00   3.309000E-01
   75.00   3.227200E-01
   76.00   3.140600E-01
   77.00   3.050100E-01
   78.00   2.956200E-01
   79.00   2.859800E-01
   80.00   2.761700E-01
   81.00   2.662500E-01
   82.00   2.563100E-01
   83.00   2.464200E-01
   84.00   2.366400E-01
   85.00   2.270300E-01
   86.00   2.176500E-01
   87.00   2.085300E-01
   88.00   1.997200E-01
   89.00   1.912400E-01
   90.00   1.831200E-01
   91.00   1.753900E-01
   92.00   1.680500E-01
   93.00   1.611100E-01
   94.00   1.546000E-01
   95.00   1.485000E-01
   96.00   1.428200E-01
   97.00   1.375600E-01
   98.00   1.327200E-01
   99.00   1.283000E-01
  100.00   1.242700E-01
  101.00   1.206400E-01
  102.00   1.173900E-01
  103.00   1.145000E-01
  104.00   1.119500E-01
  105.00   1.097300E-01
  106.00   1.078200E-01
  107.00   1.062000E-01
  108.00   1.048500E-01
  109.00   1.037500E-01
  110.00   1.028900E-01
  111.00   1.022500E-01
  112.00   1.018100E-01
  113.00   1.015700E-01
  114.00   1.015100E-01
  115.00   1.016200E-01
  116.00   1.018900E-01
  117.00   1.023200E-01
  118.00   1.029000E-01
  119.00   1.036200E-01
  120.00   1.044900E-01
  121.00   1.054900E-01
  122.00   1.066300E-01
  123.00   1.079000E-01
  124.00   1.093100E-01
  125.00   1.108600E-01
  126.00   1.125500E-01
  127.00   1.143900E-01
  128.00   1.163800E-01
  129.00   1.185200E-01
  130.00   1.208200E-01
  131.00   1.233000E-01
  132.00   1.259400E-01
  133.00   1.287700E-01
  134.00   1.317900E-01
  135.00   1.350100E-01
  136.00   1.384200E-01
  137.00   1.420500E-01
  138.00   1.458800E-01
  139.00   1.499300E-01
  140.00   1.542000E-01
  141.00   1.586900E-01
  142.00   1.633900E-01
  143.00   1.683100E-01
  144.00   1.734500E-01
  145.00   1.787900E-01
  146.00   1.843300E-01
  147.00   1.900700E-01
  148.00   1.959900E-01
  149.00   2.020700E-01
  150.00   2.083100E-01
  151.00   2.146900E-01
  152.00   2.211900E-01
  153.00   2.278000E-01
  154.00   2.344900E-01
  155.00   2.412300E-01
  156.00   2.480100E-01
  157.00   2.548100E-01
  158.00   2.615900E-01
  159.00   2.683400E-01
  160.00   2.750100E-01
  161.00   2.816000E-01
  162.00   2.880600E-01
  163.00   2.943700E-01
  164.00   3.005000E-01
  165.00   3.064300E-01
  166.00   3.121300E-01
  167.00   3.175600E-01
  168.00   3.227100E-01
  169.00   3.275400E-01
  170.00   3.320500E-01
  171.00   3.361900E-01
  172.00   3.399600E-01
  173.00   3.433300E-01
  174.00   3.462900E-01
  175.00   3.488200E-01
  176.00   3.509100E-01
  177.00   3.525500E-01
  178.00   3.537200E-01
  179.00   3.544300E-01
