1Inelastic  7Li(d,p)8Li(1st) 7.266 AMeV ADKDFR-Watson LEA no SO         
9.0631E+00    9.0511E+00    9.0149E+00    8.9546E+00    8.8701E+00    8.7613E+00
    8.6285E+00    8.4718E+00    8.2916E+00    8.0888E+00    7.8643E+00
    7.6194E+00    7.3557E+00    7.0751E+00    6.7798E+00    6.4719E+00
    6.1541E+00    5.8289E+00    5.4988E+00    5.1665E+00    4.8345E+00
    4.5053E+00    4.1813E+00    3.8647E+00    3.5575E+00    3.2616E+00
    2.9784E+00    2.7094E+00    2.4554E+00    2.2174E+00    1.9957E+00
    1.7905E+00    1.6019E+00    1.4295E+00    1.2731E+00    1.1319E+00
    1.0055E+00    8.9308E-01    7.9390E-01    7.0717E-01    6.3206E-01
    5.6774E-01    5.1334E-01    4.6800E-01    4.3085E-01    4.0101E-01
    3.7764E-01    3.5992E-01    3.4707E-01    3.3836E-01    3.3312E-01
    3.3073E-01    3.3066E-01    3.3240E-01    3.3552E-01    3.3961E-01
    3.4431E-01    3.4931E-01    3.5431E-01    3.5907E-01    3.6335E-01
    3.6697E-01    3.6980E-01    3.7171E-01    3.7265E-01    3.7258E-01
    3.7149E-01    3.6940E-01    3.6634E-01    3.6238E-01    3.5755E-01
    3.5193E-01    3.4557E-01    3.3853E-01    3.3090E-01    3.2272E-01
    3.1406E-01    3.0501E-01    2.9562E-01    2.8598E-01    2.7617E-01
    2.6625E-01    2.5631E-01    2.4642E-01    2.3664E-01    2.2703E-01
    2.1765E-01    2.0853E-01    1.9972E-01    1.9124E-01    1.8312E-01
    1.7539E-01    1.6805E-01    1.6111E-01    1.5460E-01    1.4850E-01
    1.4282E-01    1.3756E-01    1.3272E-01    1.2830E-01    1.2427E-01
    1.2064E-01    1.1739E-01    1.1450E-01    1.1195E-01    1.0973E-01
    1.0782E-01    1.0620E-01    1.0485E-01    1.0375E-01    1.0289E-01
    1.0225E-01    1.0181E-01    1.0157E-01    1.0151E-01    1.0162E-01
    1.0189E-01    1.0232E-01    1.0290E-01    1.0362E-01    1.0449E-01
    1.0549E-01    1.0663E-01    1.0790E-01    1.0931E-01    1.1086E-01
    1.1255E-01    1.1439E-01    1.1638E-01    1.1852E-01    1.2082E-01
    1.2330E-01    1.2594E-01    1.2877E-01    1.3179E-01    1.3501E-01
    1.3842E-01    1.4205E-01    1.4588E-01    1.4993E-01    1.5420E-01
    1.5869E-01    1.6339E-01    1.6831E-01    1.7345E-01    1.7879E-01
    1.8433E-01    1.9007E-01    1.9599E-01    2.0207E-01    2.0831E-01
    2.1469E-01    2.2119E-01    2.2780E-01    2.3449E-01    2.4123E-01
    2.4801E-01    2.5481E-01    2.6159E-01    2.6834E-01    2.7501E-01
    2.8160E-01    2.8806E-01    2.9437E-01    3.0050E-01    3.0643E-01
    3.1213E-01    3.1756E-01    3.2271E-01    3.2754E-01    3.3205E-01
    3.3619E-01    3.3996E-01    3.4333E-01    3.4629E-01    3.4882E-01
    3.5091E-01    3.5255E-01    3.5372E-01    3.5443E-01
