    0.00   8.796000E+00
    1.00   8.784300E+00
    2.00   8.749300E+00
    3.00   8.690800E+00
    4.00   8.608900E+00
    5.00   8.503400E+00
    6.00   8.374500E+00
    7.00   8.222500E+00
    8.00   8.047600E+00
    9.00   7.850700E+00
   10.00   7.632600E+00
   11.00   7.394700E+00
   12.00   7.138400E+00
   13.00   6.865700E+00
   14.00   6.578500E+00
   15.00   6.279200E+00
   16.00   5.970000E+00
   17.00   5.653600E+00
   18.00   5.332400E+00
   19.00   5.009000E+00
   20.00   4.685900E+00
   21.00   4.365500E+00
   22.00   4.050200E+00
   23.00   3.742100E+00
   24.00   3.443100E+00
   25.00   3.155200E+00
   26.00   2.879700E+00
   27.00   2.618100E+00
   28.00   2.371300E+00
   29.00   2.140100E+00
   30.00   1.924800E+00
   31.00   1.725800E+00
   32.00   1.542900E+00
   33.00   1.375900E+00
   34.00   1.224500E+00
   35.00   1.088000E+00
   36.00   9.659000E-01
   37.00   8.574600E-01
   38.00   7.619400E-01
   39.00   6.785600E-01
   40.00   6.065200E-01
   41.00   5.450000E-01
   42.00   4.931500E-01
   43.00   4.501200E-01
   44.00   4.150700E-01
   45.00   3.871200E-01
   46.00   3.654700E-01
   47.00   3.492900E-01
   48.00   3.378300E-01
   49.00   3.303700E-01
   50.00   3.262600E-01
   51.00   3.249100E-01
   52.00   3.257900E-01
   53.00   3.284200E-01
   54.00   3.323600E-01
   55.00   3.372400E-01
   56.00   3.427100E-01
   57.00   3.484500E-01
   58.00   3.541800E-01
   59.00   3.596600E-01
   60.00   3.646800E-01
   61.00   3.690400E-01
   62.00   3.726200E-01
   63.00   3.753200E-01
   64.00   3.770600E-01
   65.00   3.778100E-01
   66.00   3.775800E-01
   67.00   3.763700E-01
   68.00   3.742500E-01
   69.00   3.712400E-01
   70.00   3.674000E-01
   71.00   3.628000E-01
   72.00   3.575000E-01
   73.00   3.515500E-01
   74.00   3.450100E-01
   75.00   3.379500E-01
   76.00   3.304400E-01
   77.00   3.225300E-01
   78.00   3.143000E-01
   79.00   3.058200E-01
   80.00   2.971600E-01
   81.00   2.884000E-01
   82.00   2.796000E-01
   83.00   2.708300E-01
   84.00   2.621500E-01
   85.00   2.536100E-01
   86.00   2.452600E-01
   87.00   2.371500E-01
   88.00   2.292900E-01
   89.00   2.217300E-01
   90.00   2.144700E-01
   91.00   2.075400E-01
   92.00   2.009400E-01
   93.00   1.947000E-01
   94.00   1.888000E-01
   95.00   1.832700E-01
   96.00   1.780900E-01
   97.00   1.732700E-01
   98.00   1.688000E-01
   99.00   1.646800E-01
  100.00   1.609100E-01
  101.00   1.574600E-01
  102.00   1.543400E-01
  103.00   1.515100E-01
  104.00   1.489800E-01
  105.00   1.467200E-01
  106.00   1.447100E-01
  107.00   1.429500E-01
  108.00   1.414200E-01
  109.00   1.401000E-01
  110.00   1.389900E-01
  111.00   1.380700E-01
  112.00   1.373400E-01
  113.00   1.367900E-01
  114.00   1.364200E-01
  115.00   1.362200E-01
  116.00   1.362000E-01
  117.00   1.363400E-01
  118.00   1.366600E-01
  119.00   1.371600E-01
  120.00   1.378300E-01
  121.00   1.387000E-01
  122.00   1.397500E-01
  123.00   1.410000E-01
  124.00   1.424600E-01
  125.00   1.441300E-01
  126.00   1.460200E-01
  127.00   1.481500E-01
  128.00   1.505200E-01
  129.00   1.531500E-01
  130.00   1.560400E-01
  131.00   1.592100E-01
  132.00   1.626800E-01
  133.00   1.664400E-01
  134.00   1.705200E-01
  135.00   1.749200E-01
  136.00   1.796500E-01
  137.00   1.847100E-01
  138.00   1.901200E-01
  139.00   1.958700E-01
  140.00   2.019800E-01
  141.00   2.084200E-01
  142.00   2.152200E-01
  143.00   2.223500E-01
  144.00   2.298100E-01
  145.00   2.376000E-01
  146.00   2.457000E-01
  147.00   2.540900E-01
  148.00   2.627600E-01
  149.00   2.716900E-01
  150.00   2.808500E-01
  151.00   2.902200E-01
  152.00   2.997700E-01
  153.00   3.094800E-01
  154.00   3.193100E-01
  155.00   3.292300E-01
  156.00   3.392000E-01
  157.00   3.491800E-01
  158.00   3.591500E-01
  159.00   3.690500E-01
  160.00   3.788500E-01
  161.00   3.885100E-01
  162.00   3.979900E-01
  163.00   4.072500E-01
  164.00   4.162400E-01
  165.00   4.249300E-01
  166.00   4.332700E-01
  167.00   4.412200E-01
  168.00   4.487600E-01
  169.00   4.558300E-01
  170.00   4.624200E-01
  171.00   4.684800E-01
  172.00   4.739900E-01
  173.00   4.789200E-01
  174.00   4.832400E-01
  175.00   4.869400E-01
  176.00   4.899900E-01
  177.00   4.923800E-01
  178.00   4.941000E-01
  179.00   4.951300E-01
