1Inelastic  7Li(d,p)8Li(gs) 7.266 AMeV ADKDFR-Watson LEA no SO          
8.7960E+00    8.7843E+00    8.7493E+00    8.6908E+00    8.6089E+00    8.5034E+00
    8.3745E+00    8.2225E+00    8.0476E+00    7.8507E+00    7.6326E+00
    7.3947E+00    7.1384E+00    6.8657E+00    6.5785E+00    6.2792E+00
    5.9700E+00    5.6536E+00    5.3324E+00    5.0090E+00    4.6859E+00
    4.3655E+00    4.0502E+00    3.7421E+00    3.4431E+00    3.1552E+00
    2.8797E+00    2.6181E+00    2.3713E+00    2.1401E+00    1.9248E+00
    1.7258E+00    1.5429E+00    1.3759E+00    1.2245E+00    1.0880E+00
    9.6590E-01    8.5746E-01    7.6194E-01    6.7856E-01    6.0652E-01
    5.4500E-01    4.9315E-01    4.5012E-01    4.1507E-01    3.8712E-01
    3.6547E-01    3.4929E-01    3.3783E-01    3.3037E-01    3.2626E-01
    3.2491E-01    3.2579E-01    3.2842E-01    3.3236E-01    3.3724E-01
    3.4271E-01    3.4845E-01    3.5418E-01    3.5966E-01    3.6468E-01
    3.6904E-01    3.7262E-01    3.7532E-01    3.7706E-01    3.7781E-01
    3.7758E-01    3.7637E-01    3.7425E-01    3.7124E-01    3.6740E-01
    3.6280E-01    3.5750E-01    3.5155E-01    3.4501E-01    3.3795E-01
    3.3044E-01    3.2253E-01    3.1430E-01    3.0582E-01    2.9716E-01
    2.8840E-01    2.7960E-01    2.7083E-01    2.6215E-01    2.5361E-01
    2.4526E-01    2.3715E-01    2.2929E-01    2.2173E-01    2.1447E-01
    2.0754E-01    2.0094E-01    1.9470E-01    1.8880E-01    1.8327E-01
    1.7809E-01    1.7327E-01    1.6880E-01    1.6468E-01    1.6091E-01
    1.5746E-01    1.5434E-01    1.5151E-01    1.4898E-01    1.4672E-01
    1.4471E-01    1.4295E-01    1.4142E-01    1.4010E-01    1.3899E-01
    1.3807E-01    1.3734E-01    1.3679E-01    1.3642E-01    1.3622E-01
    1.3620E-01    1.3634E-01    1.3666E-01    1.3716E-01    1.3783E-01
    1.3870E-01    1.3975E-01    1.4100E-01    1.4246E-01    1.4413E-01
    1.4602E-01    1.4815E-01    1.5052E-01    1.5315E-01    1.5604E-01
    1.5921E-01    1.6268E-01    1.6644E-01    1.7052E-01    1.7492E-01
    1.7965E-01    1.8471E-01    1.9012E-01    1.9587E-01    2.0198E-01
    2.0842E-01    2.1522E-01    2.2235E-01    2.2981E-01    2.3760E-01
    2.4570E-01    2.5409E-01    2.6276E-01    2.7169E-01    2.8085E-01
    2.9022E-01    2.9977E-01    3.0948E-01    3.1931E-01    3.2923E-01
    3.3920E-01    3.4918E-01    3.5915E-01    3.6905E-01    3.7885E-01
    3.8851E-01    3.9799E-01    4.0725E-01    4.1624E-01    4.2493E-01
    4.3327E-01    4.4122E-01    4.4876E-01    4.5583E-01    4.6242E-01
    4.6848E-01    4.7399E-01    4.7892E-01    4.8324E-01    4.8694E-01
    4.8999E-01    4.9238E-01    4.9410E-01    4.9513E-01
