1Inelastic  7Li(d,p)8Li(gs) 7.266 AMeV ADKD-KD LEA                      
9.5360E+00    9.5307E+00    9.5143E+00    9.4861E+00    9.4447E+00    9.3885E+00
    9.3156E+00    9.2240E+00    9.1117E+00    8.9770E+00    8.8185E+00
    8.6354E+00    8.4272E+00    8.1942E+00    7.9371E+00    7.6572E+00
    7.3565E+00    7.0373E+00    6.7023E+00    6.3544E+00    5.9968E+00
    5.6327E+00    5.2655E+00    4.8984E+00    4.5344E+00    4.1763E+00
    3.8269E+00    3.4884E+00    3.1629E+00    2.8522E+00    2.5577E+00
    2.2804E+00    2.0212E+00    1.7806E+00    1.5588E+00    1.3558E+00
    1.1714E+00    1.0051E+00    8.5656E-01    7.2489E-01    6.0931E-01
    5.0893E-01    4.2277E-01    3.4981E-01    2.8901E-01    2.3930E-01
    1.9963E-01    1.6896E-01    1.4626E-01    1.3056E-01    1.2092E-01
    1.1645E-01    1.1633E-01    1.1979E-01    1.2611E-01    1.3465E-01
    1.4482E-01    1.5609E-01    1.6800E-01    1.8014E-01    1.9216E-01
    2.0375E-01    2.1467E-01    2.2471E-01    2.3372E-01    2.4157E-01
    2.4819E-01    2.5352E-01    2.5756E-01    2.6030E-01    2.6177E-01
    2.6202E-01    2.6112E-01    2.5913E-01    2.5615E-01    2.5226E-01
    2.4757E-01    2.4217E-01    2.3618E-01    2.2969E-01    2.2281E-01
    2.1564E-01    2.0828E-01    2.0081E-01    1.9333E-01    1.8591E-01
    1.7863E-01    1.7155E-01    1.6473E-01    1.5823E-01    1.5209E-01
    1.4635E-01    1.4104E-01    1.3620E-01    1.3184E-01    1.2798E-01
    1.2463E-01    1.2180E-01    1.1949E-01    1.1771E-01    1.1646E-01
    1.1572E-01    1.1550E-01    1.1578E-01    1.1655E-01    1.1781E-01
    1.1954E-01    1.2174E-01    1.2438E-01    1.2747E-01    1.3099E-01
    1.3492E-01    1.3927E-01    1.4401E-01    1.4913E-01    1.5464E-01
    1.6051E-01    1.6674E-01    1.7331E-01    1.8022E-01    1.8746E-01
    1.9500E-01    2.0285E-01    2.1097E-01    2.1937E-01    2.2802E-01
    2.3690E-01    2.4600E-01    2.5530E-01    2.6476E-01    2.7438E-01
    2.8412E-01    2.9397E-01    3.0388E-01    3.1383E-01    3.2380E-01
    3.3375E-01    3.4365E-01    3.5347E-01    3.6317E-01    3.7274E-01
    3.8213E-01    3.9131E-01    4.0026E-01    4.0894E-01    4.1734E-01
    4.2542E-01    4.3317E-01    4.4056E-01    4.4758E-01    4.5421E-01
    4.6044E-01    4.6626E-01    4.7166E-01    4.7664E-01    4.8121E-01
    4.8537E-01    4.8912E-01    4.9247E-01    4.9544E-01    4.9804E-01
    5.0029E-01    5.0221E-01    5.0382E-01    5.0514E-01    5.0621E-01
    5.0705E-01    5.0767E-01    5.0812E-01    5.0841E-01    5.0857E-01
    5.0863E-01    5.0862E-01    5.0855E-01    5.0844E-01    5.0832E-01
    5.0819E-01    5.0808E-01    5.0800E-01    5.0794E-01
