    0.00   9.536000E+00
    1.00   9.530700E+00
    2.00   9.514300E+00
    3.00   9.486100E+00
    4.00   9.444700E+00
    5.00   9.388500E+00
    6.00   9.315600E+00
    7.00   9.224000E+00
    8.00   9.111700E+00
    9.00   8.977000E+00
   10.00   8.818500E+00
   11.00   8.635400E+00
   12.00   8.427200E+00
   13.00   8.194200E+00
   14.00   7.937100E+00
   15.00   7.657200E+00
   16.00   7.356500E+00
   17.00   7.037300E+00
   18.00   6.702300E+00
   19.00   6.354400E+00
   20.00   5.996800E+00
   21.00   5.632700E+00
   22.00   5.265500E+00
   23.00   4.898400E+00
   24.00   4.534400E+00
   25.00   4.176300E+00
   26.00   3.826900E+00
   27.00   3.488400E+00
   28.00   3.162900E+00
   29.00   2.852200E+00
   30.00   2.557700E+00
   31.00   2.280400E+00
   32.00   2.021200E+00
   33.00   1.780600E+00
   34.00   1.558800E+00
   35.00   1.355800E+00
   36.00   1.171400E+00
   37.00   1.005100E+00
   38.00   8.565600E-01
   39.00   7.248900E-01
   40.00   6.093100E-01
   41.00   5.089300E-01
   42.00   4.227700E-01
   43.00   3.498100E-01
   44.00   2.890100E-01
   45.00   2.393000E-01
   46.00   1.996300E-01
   47.00   1.689600E-01
   48.00   1.462600E-01
   49.00   1.305600E-01
   50.00   1.209200E-01
   51.00   1.164500E-01
   52.00   1.163300E-01
   53.00   1.197900E-01
   54.00   1.261100E-01
   55.00   1.346500E-01
   56.00   1.448200E-01
   57.00   1.560900E-01
   58.00   1.680000E-01
   59.00   1.801400E-01
   60.00   1.921600E-01
   61.00   2.037500E-01
   62.00   2.146700E-01
   63.00   2.247100E-01
   64.00   2.337200E-01
   65.00   2.415700E-01
   66.00   2.481900E-01
   67.00   2.535200E-01
   68.00   2.575600E-01
   69.00   2.603000E-01
   70.00   2.617700E-01
   71.00   2.620200E-01
   72.00   2.611200E-01
   73.00   2.591300E-01
   74.00   2.561500E-01
   75.00   2.522600E-01
   76.00   2.475700E-01
   77.00   2.421700E-01
   78.00   2.361800E-01
   79.00   2.296900E-01
   80.00   2.228100E-01
   81.00   2.156400E-01
   82.00   2.082800E-01
   83.00   2.008100E-01
   84.00   1.933300E-01
   85.00   1.859100E-01
   86.00   1.786300E-01
   87.00   1.715500E-01
   88.00   1.647300E-01
   89.00   1.582300E-01
   90.00   1.520900E-01
   91.00   1.463500E-01
   92.00   1.410400E-01
   93.00   1.362000E-01
   94.00   1.318400E-01
   95.00   1.279800E-01
   96.00   1.246300E-01
   97.00   1.218000E-01
   98.00   1.194900E-01
   99.00   1.177100E-01
  100.00   1.164600E-01
  101.00   1.157200E-01
  102.00   1.155000E-01
  103.00   1.157800E-01
  104.00   1.165500E-01
  105.00   1.178100E-01
  106.00   1.195400E-01
  107.00   1.217400E-01
  108.00   1.243800E-01
  109.00   1.274700E-01
  110.00   1.309900E-01
  111.00   1.349200E-01
  112.00   1.392700E-01
  113.00   1.440100E-01
  114.00   1.491300E-01
  115.00   1.546400E-01
  116.00   1.605100E-01
  117.00   1.667400E-01
  118.00   1.733100E-01
  119.00   1.802200E-01
  120.00   1.874600E-01
  121.00   1.950000E-01
  122.00   2.028500E-01
  123.00   2.109700E-01
  124.00   2.193700E-01
  125.00   2.280200E-01
  126.00   2.369000E-01
  127.00   2.460000E-01
  128.00   2.553000E-01
  129.00   2.647600E-01
  130.00   2.743800E-01
  131.00   2.841200E-01
  132.00   2.939700E-01
  133.00   3.038800E-01
  134.00   3.138300E-01
  135.00   3.238000E-01
  136.00   3.337500E-01
  137.00   3.436500E-01
  138.00   3.534700E-01
  139.00   3.631700E-01
  140.00   3.727400E-01
  141.00   3.821300E-01
  142.00   3.913100E-01
  143.00   4.002600E-01
  144.00   4.089400E-01
  145.00   4.173400E-01
  146.00   4.254200E-01
  147.00   4.331700E-01
  148.00   4.405600E-01
  149.00   4.475800E-01
  150.00   4.542100E-01
  151.00   4.604400E-01
  152.00   4.662600E-01
  153.00   4.716600E-01
  154.00   4.766400E-01
  155.00   4.812100E-01
  156.00   4.853700E-01
  157.00   4.891200E-01
  158.00   4.924700E-01
  159.00   4.954400E-01
  160.00   4.980400E-01
  161.00   5.002900E-01
  162.00   5.022100E-01
  163.00   5.038200E-01
  164.00   5.051400E-01
  165.00   5.062100E-01
  166.00   5.070500E-01
  167.00   5.076700E-01
  168.00   5.081200E-01
  169.00   5.084100E-01
  170.00   5.085700E-01
  171.00   5.086300E-01
  172.00   5.086200E-01
  173.00   5.085500E-01
  174.00   5.084400E-01
  175.00   5.083200E-01
  176.00   5.081900E-01
  177.00   5.080800E-01
  178.00   5.080000E-01
  179.00   5.079400E-01
