 loop =           0  is type =           0   0.00000000       7.00000000       0.00000000       1.29999995       0.00000000       0.00000000       0.00000000       0.00000000       0.00000000    
 loop =          -1  is type =           1   0.00000000       85.9801025       1.16999996      0.734499991      0.280099988       1.32500005      0.663200021       0.00000000       0.00000000    
 loop =          -1  is type =           2   0.00000000       0.00000000       0.00000000       0.00000000       12.3099003       1.32500005      0.663200021       0.00000000       0.00000000    
 loop =          -1  is type =           3   0.00000000       3.44749999       1.07000005      0.660000026       0.00000000       0.00000000       0.00000000       0.00000000       0.00000000    
 WOUT,ITER,FALLOC = F           0 F
