Ntargets(/cm2): 1.05626e+21
BeamTriggers: 3.72496e+06
DivFactor: 300
Nb: 1.11749e+09
