    0.00   9.039900E+00
    1.00   9.018700E+00
    2.00   8.955500E+00
    3.00   8.852000E+00
    4.00   8.710900E+00
    5.00   8.535400E+00
    6.00   8.329800E+00
    7.00   8.098400E+00
    8.00   7.846000E+00
    9.00   7.577200E+00
   10.00   7.296100E+00
   11.00   7.006700E+00
   12.00   6.712000E+00
   13.00   6.414600E+00
   14.00   6.116200E+00
   15.00   5.818100E+00
   16.00   5.520900E+00
   17.00   5.225000E+00
   18.00   4.930700E+00
   19.00   4.638500E+00
   20.00   4.349100E+00
   21.00   4.063800E+00
   22.00   3.784100E+00
   23.00   3.512200E+00
   24.00   3.250500E+00
   25.00   3.001500E+00
   26.00   2.767300E+00
   27.00   2.549900E+00
   28.00   2.350500E+00
   29.00   2.169600E+00
   30.00   2.007000E+00
   31.00   1.861700E+00
   32.00   1.732400E+00
   33.00   1.617300E+00
   34.00   1.514500E+00
   35.00   1.422200E+00
   36.00   1.338700E+00
   37.00   1.262700E+00
   38.00   1.193300E+00
   39.00   1.130000E+00
   40.00   1.072400E+00
   41.00   1.020500E+00
   42.00   9.742500E-01
   43.00   9.336800E-01
   44.00   8.986800E-01
   45.00   8.689500E-01
   46.00   8.439900E-01
   47.00   8.231500E-01
   48.00   8.056700E-01
   49.00   7.908100E-01
   50.00   7.778800E-01
   51.00   7.663600E-01
   52.00   7.559000E-01
   53.00   7.463500E-01
   54.00   7.377000E-01
   55.00   7.300400E-01
   56.00   7.235200E-01
   57.00   7.182500E-01
   58.00   7.142700E-01
   59.00   7.115400E-01
   60.00   7.098700E-01
   61.00   7.089900E-01
   62.00   7.085300E-01
   63.00   7.080800E-01
   64.00   7.072300E-01
   65.00   7.056300E-01
   66.00   7.030000E-01
   67.00   6.991900E-01
   68.00   6.941700E-01
   69.00   6.880200E-01
   70.00   6.808700E-01
   71.00   6.729500E-01
   72.00   6.644700E-01
   73.00   6.556300E-01
   74.00   6.465800E-01
   75.00   6.374000E-01
   76.00   6.281300E-01
   77.00   6.187300E-01
   78.00   6.091100E-01
   79.00   5.991600E-01
   80.00   5.887500E-01
   81.00   5.777600E-01
   82.00   5.661100E-01
   83.00   5.537400E-01
   84.00   5.406500E-01
   85.00   5.268600E-01
   86.00   5.124700E-01
   87.00   4.975600E-01
   88.00   4.822800E-01
   89.00   4.667400E-01
   90.00   4.510800E-01
   91.00   4.354000E-01
   92.00   4.198000E-01
   93.00   4.043400E-01
   94.00   3.890800E-01
   95.00   3.740400E-01
   96.00   3.592500E-01
   97.00   3.446900E-01
   98.00   3.303900E-01
   99.00   3.163300E-01
  100.00   3.025400E-01
  101.00   2.890100E-01
  102.00   2.757900E-01
  103.00   2.628900E-01
  104.00   2.503500E-01
  105.00   2.382300E-01
  106.00   2.265500E-01
  107.00   2.153700E-01
  108.00   2.047400E-01
  109.00   1.946900E-01
  110.00   1.852600E-01
  111.00   1.764900E-01
  112.00   1.683900E-01
  113.00   1.609900E-01
  114.00   1.543100E-01
  115.00   1.483500E-01
  116.00   1.431200E-01
  117.00   1.386300E-01
  118.00   1.348800E-01
  119.00   1.318700E-01
  120.00   1.295900E-01
  121.00   1.280600E-01
  122.00   1.272700E-01
  123.00   1.272200E-01
  124.00   1.279000E-01
  125.00   1.293100E-01
  126.00   1.314600E-01
  127.00   1.343300E-01
  128.00   1.379200E-01
  129.00   1.422100E-01
  130.00   1.472000E-01
  131.00   1.528700E-01
  132.00   1.592000E-01
  133.00   1.661700E-01
  134.00   1.737600E-01
  135.00   1.819400E-01
  136.00   1.906900E-01
  137.00   1.999900E-01
  138.00   2.097900E-01
  139.00   2.200700E-01
  140.00   2.307900E-01
  141.00   2.419300E-01
  142.00   2.534500E-01
  143.00   2.653100E-01
  144.00   2.774700E-01
  145.00   2.899000E-01
  146.00   3.025600E-01
  147.00   3.154200E-01
  148.00   3.284200E-01
  149.00   3.415500E-01
  150.00   3.547500E-01
  151.00   3.679900E-01
  152.00   3.812300E-01
  153.00   3.944400E-01
  154.00   4.075700E-01
  155.00   4.205800E-01
  156.00   4.334500E-01
  157.00   4.461200E-01
  158.00   4.585700E-01
  159.00   4.707600E-01
  160.00   4.826400E-01
  161.00   4.942000E-01
  162.00   5.053800E-01
  163.00   5.161600E-01
  164.00   5.265200E-01
  165.00   5.364000E-01
  166.00   5.458000E-01
  167.00   5.546800E-01
  168.00   5.630100E-01
  169.00   5.707700E-01
  170.00   5.779400E-01
  171.00   5.844900E-01
  172.00   5.904000E-01
  173.00   5.956700E-01
  174.00   6.002600E-01
  175.00   6.041600E-01
  176.00   6.073700E-01
  177.00   6.098800E-01
  178.00   6.116800E-01
  179.00   6.127600E-01
