1Inelastic  7Li(d,p)8Li(v0) 7.266 AMeV ADKD-KD LEA                      
9.4881E+00    9.4641E+00    9.3926E+00    9.2753E+00    9.1153E+00    8.9164E+00
    8.6830E+00    8.4203E+00    8.1334E+00    7.8275E+00    7.5076E+00
    7.1781E+00    6.8426E+00    6.5043E+00    6.1654E+00    5.8275E+00
    5.4918E+00    5.1589E+00    4.8296E+00    4.5046E+00    4.1848E+00
    3.8717E+00    3.5669E+00    3.2728E+00    2.9916E+00    2.7260E+00
    2.4780E+00    2.2494E+00    2.0413E+00    1.8541E+00    1.6873E+00
    1.5397E+00    1.4097E+00    1.2952E+00    1.1943E+00    1.1049E+00
    1.0250E+00    9.5337E-01    8.8878E-01    8.3053E-01    7.7817E-01
    7.3149E-01    6.9035E-01    6.5464E-01    6.2410E-01    5.9834E-01
    5.7677E-01    5.5867E-01    5.4324E-01    5.2970E-01    5.1737E-01
    5.0571E-01    4.9441E-01    4.8331E-01    4.7242E-01    4.6186E-01
    4.5180E-01    4.4235E-01    4.3362E-01    4.2557E-01    4.1809E-01
    4.1096E-01    4.0391E-01    3.9661E-01    3.8877E-01    3.8012E-01
    3.7051E-01    3.5987E-01    3.4824E-01    3.3575E-01    3.2262E-01
    3.0908E-01    2.9538E-01    2.8173E-01    2.6830E-01    2.5521E-01
    2.4252E-01    2.3021E-01    2.1826E-01    2.0658E-01    1.9510E-01
    1.8376E-01    1.7250E-01    1.6130E-01    1.5017E-01    1.3914E-01
    1.2829E-01    1.1769E-01    1.0743E-01    9.7599E-02    8.8270E-02
    7.9503E-02    7.1337E-02    6.3790E-02    5.6866E-02    5.0551E-02
    4.4822E-02    3.9648E-02    3.4997E-02    3.0837E-02    2.7141E-02
    2.3882E-02    2.1041E-02    1.8602E-02    1.6552E-02    1.4881E-02
    1.3578E-02    1.2633E-02    1.2034E-02    1.1767E-02    1.1814E-02
    1.2155E-02    1.2769E-02    1.3630E-02    1.4715E-02    1.5996E-02
    1.7448E-02    1.9047E-02    2.0769E-02    2.2593E-02    2.4497E-02
    2.6465E-02    2.8479E-02    3.0525E-02    3.2587E-02    3.4654E-02
    3.6712E-02    3.8750E-02    4.0758E-02    4.2724E-02    4.4639E-02
    4.6494E-02    4.8280E-02    4.9991E-02    5.1618E-02    5.3156E-02
    5.4599E-02    5.5943E-02    5.7185E-02    5.8322E-02    5.9351E-02
    6.0274E-02    6.1090E-02    6.1800E-02    6.2408E-02    6.2914E-02
    6.3324E-02    6.3641E-02    6.3868E-02    6.4012E-02    6.4076E-02
    6.4065E-02    6.3986E-02    6.3843E-02    6.3642E-02    6.3389E-02
    6.3089E-02    6.2749E-02    6.2374E-02    6.1970E-02    6.1543E-02
    6.1098E-02    6.0640E-02    6.0174E-02    5.9705E-02    5.9238E-02
    5.8777E-02    5.8327E-02    5.7892E-02    5.7476E-02    5.7084E-02
    5.6717E-02    5.6381E-02    5.6078E-02    5.5811E-02    5.5581E-02
    5.5391E-02    5.5242E-02    5.5135E-02    5.5071E-02
