 loop =           0  is type =           0   0.00000000       7.00000000       0.00000000       1.29999995       0.00000000       0.00000000       0.00000000       0.00000000       0.00000000    
 loop =          -1  is type =           1   0.00000000       92.5065994       1.03410006      0.776000023       7.95092010       2.11208010      0.744000018       0.00000000       0.00000000    
 loop =          -1  is type =           2   0.00000000       0.00000000       0.00000000       0.00000000      0.989198983       2.11208010      0.744000018       0.00000000       0.00000000    
 WOUT,ITER,FALLOC = F           0 F
