# 181 angles,  1 tensor ranks for 0=projectile
@subtitle   "7Li(d,p) @ 7.5AMeV ADWA (d) + KD (p)"                                          
@legend ON
@legend x1 0.2
@legend y1 0.8
@g0 type LOGY
@yaxis ticklabel format power
@legend string   0 "Lab energy =   14.5311"
#legend string   0 "Partition=  2 Excit=  3 near/far= 1"
#  Theta       sigma       iT11        T20         T21         T22         Kyy for projectile
   0.000       61.58    
   1.000       61.47    
   2.000       61.15    
   3.000       60.61    
   4.000       59.85    
   5.000       58.87    
   6.000       57.67    
   7.000       56.24    
   8.000       54.59    
   9.000       52.72    
   10.00       50.64    
   11.00       48.36    
   12.00       45.92    
   13.00       43.33    
   14.00       40.64    
   15.00       37.88    
   16.00       35.11    
   17.00       32.37    
   18.00       29.71    
   19.00       27.17    
   20.00       24.80    
   21.00       22.61    
   22.00       20.62    
   23.00       18.85    
   24.00       17.29    
   25.00       15.93    
   26.00       14.74    
   27.00       13.71    
   28.00       12.81    
   29.00       12.01    
   30.00       11.28    
   31.00       10.61    
   32.00       9.981    
   33.00       9.370    
   34.00       8.773    
   35.00       8.185    
   36.00       7.608    
   37.00       7.048    
   38.00       6.514    
   39.00       6.019    
   40.00       5.574    
   41.00       5.190    
   42.00       4.872    
   43.00       4.621    
   44.00       4.432    
   45.00       4.295    
   46.00       4.198    
   47.00       4.125    
   48.00       4.062    
   49.00       3.996    
   50.00       3.919    
   51.00       3.826    
   52.00       3.717    
   53.00       3.595    
   54.00       3.465    
   55.00       3.334    
   56.00       3.208    
   57.00       3.095    
   58.00       2.998    
   59.00       2.921    
   60.00       2.866    
   61.00       2.833    
   62.00       2.820    
   63.00       2.824    
   64.00       2.840    
   65.00       2.862    
   66.00       2.883    
   67.00       2.898    
   68.00       2.899    
   69.00       2.882    
   70.00       2.845    
   71.00       2.785    
   72.00       2.703    
   73.00       2.603    
   74.00       2.488    
   75.00       2.362    
   76.00       2.232    
   77.00       2.102    
   78.00       1.976    
   79.00       1.857    
   80.00       1.748    
   81.00       1.650    
   82.00       1.563    
   83.00       1.486    
   84.00       1.418    
   85.00       1.357    
   86.00       1.303    
   87.00       1.252    
   88.00       1.205    
   89.00       1.158    
   90.00       1.112    
   91.00       1.065    
   92.00       1.017    
   93.00      0.9672    
   94.00      0.9163    
   95.00      0.8646    
   96.00      0.8128    
   97.00      0.7616    
   98.00      0.7121    
   99.00      0.6650    
   100.0      0.6211    
   101.0      0.5811    
   102.0      0.5452    
   103.0      0.5136    
   104.0      0.4862    
   105.0      0.4628    
   106.0      0.4429    
   107.0      0.4259    
   108.0      0.4112    
   109.0      0.3984    
   110.0      0.3867    
   111.0      0.3759    
   112.0      0.3655    
   113.0      0.3554    
   114.0      0.3455    
   115.0      0.3356    
   116.0      0.3260    
   117.0      0.3166    
   118.0      0.3076    
   119.0      0.2993    
   120.0      0.2917    
   121.0      0.2851    
   122.0      0.2795    
   123.0      0.2749    
   124.0      0.2715    
   125.0      0.2693    
   126.0      0.2682    
   127.0      0.2682    
   128.0      0.2691    
   129.0      0.2710    
   130.0      0.2737    
   131.0      0.2771    
   132.0      0.2810    
   133.0      0.2853    
   134.0      0.2900    
   135.0      0.2950    
   136.0      0.3001    
   137.0      0.3052    
   138.0      0.3104    
   139.0      0.3155    
   140.0      0.3206    
   141.0      0.3256    
   142.0      0.3305    
   143.0      0.3353    
   144.0      0.3400    
   145.0      0.3448    
   146.0      0.3495    
   147.0      0.3542    
   148.0      0.3590    
   149.0      0.3639    
   150.0      0.3690    
   151.0      0.3742    
   152.0      0.3796    
   153.0      0.3851    
   154.0      0.3909    
   155.0      0.3970    
   156.0      0.4032    
   157.0      0.4096    
   158.0      0.4163    
   159.0      0.4231    
   160.0      0.4300    
   161.0      0.4371    
   162.0      0.4442    
   163.0      0.4513    
   164.0      0.4583    
   165.0      0.4653    
   166.0      0.4722    
   167.0      0.4789    
   168.0      0.4853    
   169.0      0.4915    
   170.0      0.4973    
   171.0      0.5027    
   172.0      0.5077    
   173.0      0.5122    
   174.0      0.5162    
   175.0      0.5196    
   176.0      0.5225    
   177.0      0.5247    
   178.0      0.5263    
   179.0      0.5273    
   180.0      0.5276    
 END
