# 181 angles,  1 tensor ranks for 0=projectile
@subtitle   "7Li(d,p) @ 7.5AMeV ADWA (d) + KD (p)"                                          
@legend ON
@legend x1 0.2
@legend y1 0.8
@g0 type LOGY
@yaxis ticklabel format power
@xaxis label "Scattering angle (degrees)"
@yaxis label "Cross section (mb/sr)"
@legend string   0 "Partition=  1 Excit=  1 near/far= 1"
#legend string   0 "Lab energy =   14.5311"
@s0 linestyle   1
#  Theta       sigma       iT11        T20         T21         T22         Kyy for projectile
  0.1000E-01  0.1578E+16
   1.000      0.1554E+08
   2.000      0.9335E+06
   3.000      0.1744E+06
   4.000      0.5176E+05
   5.000      0.1991E+05
   6.000       9147.    
   7.000       4842.    
   8.000       2908.    
   9.000       1959.    
   10.00       1459.    
   11.00       1177.    
   12.00       1008.    
   13.00       897.7    
   14.00       820.5    
   15.00       761.5    
   16.00       712.8    
   17.00       669.9    
   18.00       630.4    
   19.00       592.8    
   20.00       556.5    
   21.00       521.2    
   22.00       486.6    
   23.00       452.7    
   24.00       419.8    
   25.00       387.7    
   26.00       356.7    
   27.00       326.8    
   28.00       298.1    
   29.00       270.8    
   30.00       244.9    
   31.00       220.4    
   32.00       197.4    
   33.00       175.9    
   34.00       155.9    
   35.00       137.5    
   36.00       120.5    
   37.00       105.0    
   38.00       90.89    
   39.00       78.14    
   40.00       66.68    
   41.00       56.45    
   42.00       47.38    
   43.00       39.39    
   44.00       32.41    
   45.00       26.35    
   46.00       21.15    
   47.00       16.72    
   48.00       12.99    
   49.00       9.893    
   50.00       7.350    
   51.00       5.298    
   52.00       3.677    
   53.00       2.427    
   54.00       1.494    
   55.00      0.8292    
   56.00      0.3873    
   57.00      0.1275    
   58.00      0.1349E-01
   59.00      0.1293E-01
   60.00      0.9763E-01
   61.00      0.2432    
   62.00      0.4287    
   63.00      0.6366    
   64.00      0.8525    
   65.00       1.065    
   66.00       1.264    
   67.00       1.443    
   68.00       1.597    
   69.00       1.724    
   70.00       1.820    
   71.00       1.886    
   72.00       1.922    
   73.00       1.929    
   74.00       1.910    
   75.00       1.867    
   76.00       1.802    
   77.00       1.719    
   78.00       1.622    
   79.00       1.512    
   80.00       1.394    
   81.00       1.270    
   82.00       1.143    
   83.00       1.017    
   84.00      0.8934    
   85.00      0.7744    
   86.00      0.6624    
   87.00      0.5589    
   88.00      0.4656    
   89.00      0.3837    
   90.00      0.3143    
   91.00      0.2580    
   92.00      0.2156    
   93.00      0.1875    
   94.00      0.1737    
   95.00      0.1745    
   96.00      0.1896    
   97.00      0.2188    
   98.00      0.2617    
   99.00      0.3178    
   100.0      0.3863    
   101.0      0.4666    
   102.0      0.5577    
   103.0      0.6588    
   104.0      0.7687    
   105.0      0.8862    
   106.0       1.010    
   107.0       1.140    
   108.0       1.273    
   109.0       1.408    
   110.0       1.544    
   111.0       1.680    
   112.0       1.814    
   113.0       1.944    
   114.0       2.069    
   115.0       2.188    
   116.0       2.298    
   117.0       2.399    
   118.0       2.489    
   119.0       2.566    
   120.0       2.631    
   121.0       2.681    
   122.0       2.716    
   123.0       2.736    
   124.0       2.739    
   125.0       2.725    
   126.0       2.694    
   127.0       2.647    
   128.0       2.584    
   129.0       2.505    
   130.0       2.411    
   131.0       2.304    
   132.0       2.184    
   133.0       2.052    
   134.0       1.912    
   135.0       1.764    
   136.0       1.612    
   137.0       1.456    
   138.0       1.299    
   139.0       1.144    
   140.0      0.9939    
   141.0      0.8503    
   142.0      0.7161    
   143.0      0.5939    
   144.0      0.4860    
   145.0      0.3947    
   146.0      0.3222    
   147.0      0.2706    
   148.0      0.2414    
   149.0      0.2363    
   150.0      0.2564    
   151.0      0.3027    
   152.0      0.3758    
   153.0      0.4759    
   154.0      0.6029    
   155.0      0.7565    
   156.0      0.9358    
   157.0       1.140    
   158.0       1.366    
   159.0       1.614    
   160.0       1.881    
   161.0       2.165    
   162.0       2.462    
   163.0       2.771    
   164.0       3.086    
   165.0       3.407    
   166.0       3.728    
   167.0       4.047    
   168.0       4.360    
   169.0       4.663    
   170.0       4.953    
   171.0       5.227    
   172.0       5.482    
   173.0       5.714    
   174.0       5.921    
   175.0       6.101    
   176.0       6.251    
   177.0       6.369    
   178.0       6.455    
   179.0       6.507    
   180.0       6.524    
 END
@legend string   1 "Partition=  2 Excit=  1 near/far= 1"
#legend string   0 "Lab energy =   14.5311"
@s1 linestyle   2
#  Theta       sigma       iT11        T20         T21         T22         Kyy for projectile
   0.000       29.40    
   1.000       29.41    
   2.000       29.44    
   3.000       29.48    
   4.000       29.52    
   5.000       29.56    
   6.000       29.57    
   7.000       29.55    
   8.000       29.49    
   9.000       29.36    
   10.00       29.16    
   11.00       28.87    
   12.00       28.49    
   13.00       28.01    
   14.00       27.43    
   15.00       26.75    
   16.00       25.97    
   17.00       25.11    
   18.00       24.16    
   19.00       23.14    
   20.00       22.05    
   21.00       20.92    
   22.00       19.76    
   23.00       18.57    
   24.00       17.37    
   25.00       16.18    
   26.00       15.00    
   27.00       13.85    
   28.00       12.73    
   29.00       11.66    
   30.00       10.63    
   31.00       9.662    
   32.00       8.751    
   33.00       7.902    
   34.00       7.115    
   35.00       6.393    
   36.00       5.735    
   37.00       5.139    
   38.00       4.605    
   39.00       4.131    
   40.00       3.713    
   41.00       3.349    
   42.00       3.036    
   43.00       2.770    
   44.00       2.548    
   45.00       2.365    
   46.00       2.217    
   47.00       2.102    
   48.00       2.014    
   49.00       1.951    
   50.00       1.908    
   51.00       1.883    
   52.00       1.871    
   53.00       1.871    
   54.00       1.879    
   55.00       1.894    
   56.00       1.913    
   57.00       1.934    
   58.00       1.956    
   59.00       1.977    
   60.00       1.996    
   61.00       2.012    
   62.00       2.024    
   63.00       2.031    
   64.00       2.034    
   65.00       2.031    
   66.00       2.022    
   67.00       2.007    
   68.00       1.987    
   69.00       1.961    
   70.00       1.929    
   71.00       1.892    
   72.00       1.850    
   73.00       1.804    
   74.00       1.754    
   75.00       1.701    
   76.00       1.644    
   77.00       1.586    
   78.00       1.525    
   79.00       1.464    
   80.00       1.401    
   81.00       1.338    
   82.00       1.275    
   83.00       1.213    
   84.00       1.151    
   85.00       1.091    
   86.00       1.032    
   87.00      0.9753    
   88.00      0.9202    
   89.00      0.8674    
   90.00      0.8170    
   91.00      0.7691    
   92.00      0.7239    
   93.00      0.6815    
   94.00      0.6419    
   95.00      0.6051    
   96.00      0.5712    
   97.00      0.5402    
   98.00      0.5120    
   99.00      0.4864    
   100.0      0.4636    
   101.0      0.4432    
   102.0      0.4253    
   103.0      0.4096    
   104.0      0.3961    
   105.0      0.3846    
   106.0      0.3749    
   107.0      0.3669    
   108.0      0.3604    
   109.0      0.3554    
   110.0      0.3515    
   111.0      0.3488    
   112.0      0.3470    
   113.0      0.3460    
   114.0      0.3458    
   115.0      0.3462    
   116.0      0.3471    
   117.0      0.3484    
   118.0      0.3501    
   119.0      0.3520    
   120.0      0.3541    
   121.0      0.3564    
   122.0      0.3589    
   123.0      0.3614    
   124.0      0.3639    
   125.0      0.3665    
   126.0      0.3692    
   127.0      0.3719    
   128.0      0.3746    
   129.0      0.3774    
   130.0      0.3803    
   131.0      0.3832    
   132.0      0.3863    
   133.0      0.3896    
   134.0      0.3931    
   135.0      0.3967    
   136.0      0.4007    
   137.0      0.4049    
   138.0      0.4095    
   139.0      0.4144    
   140.0      0.4197    
   141.0      0.4254    
   142.0      0.4315    
   143.0      0.4381    
   144.0      0.4451    
   145.0      0.4526    
   146.0      0.4606    
   147.0      0.4690    
   148.0      0.4778    
   149.0      0.4871    
   150.0      0.4968    
   151.0      0.5069    
   152.0      0.5173    
   153.0      0.5281    
   154.0      0.5392    
   155.0      0.5505    
   156.0      0.5620    
   157.0      0.5737    
   158.0      0.5854    
   159.0      0.5972    
   160.0      0.6090    
   161.0      0.6207    
   162.0      0.6323    
   163.0      0.6436    
   164.0      0.6547    
   165.0      0.6655    
   166.0      0.6759    
   167.0      0.6859    
   168.0      0.6954    
   169.0      0.7043    
   170.0      0.7127    
   171.0      0.7204    
   172.0      0.7274    
   173.0      0.7337    
   174.0      0.7393    
   175.0      0.7440    
   176.0      0.7479    
   177.0      0.7510    
   178.0      0.7532    
   179.0      0.7545    
   180.0      0.7550    
 END
@legend string   2 "Partition=  2 Excit=  2 near/far= 1"
#legend string   0 "Lab energy =   14.5311"
@s2 linestyle   3
#  Theta       sigma       iT11        T20         T21         T22         Kyy for projectile
   0.000       22.77    
   1.000       22.74    
   2.000       22.68    
   3.000       22.57    
   4.000       22.41    
   5.000       22.20    
   6.000       21.95    
   7.000       21.64    
   8.000       21.28    
   9.000       20.86    
   10.00       20.39    
   11.00       19.87    
   12.00       19.29    
   13.00       18.66    
   14.00       17.98    
   15.00       17.26    
   16.00       16.51    
   17.00       15.73    
   18.00       14.92    
   19.00       14.10    
   20.00       13.28    
   21.00       12.45    
   22.00       11.64    
   23.00       10.84    
   24.00       10.06    
   25.00       9.317    
   26.00       8.601    
   27.00       7.920    
   28.00       7.277    
   29.00       6.673    
   30.00       6.108    
   31.00       5.582    
   32.00       5.095    
   33.00       4.646    
   34.00       4.234    
   35.00       3.857    
   36.00       3.514    
   37.00       3.204    
   38.00       2.926    
   39.00       2.679    
   40.00       2.461    
   41.00       2.270    
   42.00       2.105    
   43.00       1.964    
   44.00       1.845    
   45.00       1.747    
   46.00       1.666    
   47.00       1.600    
   48.00       1.547    
   49.00       1.506    
   50.00       1.474    
   51.00       1.448    
   52.00       1.429    
   53.00       1.414    
   54.00       1.402    
   55.00       1.393    
   56.00       1.385    
   57.00       1.379    
   58.00       1.373    
   59.00       1.368    
   60.00       1.362    
   61.00       1.356    
   62.00       1.349    
   63.00       1.340    
   64.00       1.330    
   65.00       1.318    
   66.00       1.303    
   67.00       1.285    
   68.00       1.265    
   69.00       1.241    
   70.00       1.215    
   71.00       1.186    
   72.00       1.155    
   73.00       1.121    
   74.00       1.085    
   75.00       1.048    
   76.00       1.010    
   77.00      0.9707    
   78.00      0.9310    
   79.00      0.8913    
   80.00      0.8517    
   81.00      0.8124    
   82.00      0.7737    
   83.00      0.7358    
   84.00      0.6986    
   85.00      0.6624    
   86.00      0.6271    
   87.00      0.5929    
   88.00      0.5599    
   89.00      0.5279    
   90.00      0.4972    
   91.00      0.4678    
   92.00      0.4397    
   93.00      0.4130    
   94.00      0.3877    
   95.00      0.3640    
   96.00      0.3417    
   97.00      0.3210    
   98.00      0.3019    
   99.00      0.2843    
   100.0      0.2683    
   101.0      0.2537    
   102.0      0.2406    
   103.0      0.2288    
   104.0      0.2183    
   105.0      0.2091    
   106.0      0.2009    
   107.0      0.1938    
   108.0      0.1877    
   109.0      0.1824    
   110.0      0.1779    
   111.0      0.1741    
   112.0      0.1709    
   113.0      0.1683    
   114.0      0.1662    
   115.0      0.1645    
   116.0      0.1633    
   117.0      0.1624    
   118.0      0.1618    
   119.0      0.1616    
   120.0      0.1615    
   121.0      0.1617    
   122.0      0.1621    
   123.0      0.1626    
   124.0      0.1633    
   125.0      0.1641    
   126.0      0.1650    
   127.0      0.1660    
   128.0      0.1671    
   129.0      0.1683    
   130.0      0.1695    
   131.0      0.1708    
   132.0      0.1722    
   133.0      0.1736    
   134.0      0.1752    
   135.0      0.1768    
   136.0      0.1785    
   137.0      0.1804    
   138.0      0.1823    
   139.0      0.1844    
   140.0      0.1867    
   141.0      0.1891    
   142.0      0.1917    
   143.0      0.1945    
   144.0      0.1975    
   145.0      0.2007    
   146.0      0.2041    
   147.0      0.2077    
   148.0      0.2116    
   149.0      0.2157    
   150.0      0.2199    
   151.0      0.2244    
   152.0      0.2291    
   153.0      0.2340    
   154.0      0.2390    
   155.0      0.2442    
   156.0      0.2495    
   157.0      0.2550    
   158.0      0.2605    
   159.0      0.2661    
   160.0      0.2717    
   161.0      0.2772    
   162.0      0.2828    
   163.0      0.2883    
   164.0      0.2937    
   165.0      0.2990    
   166.0      0.3041    
   167.0      0.3090    
   168.0      0.3137    
   169.0      0.3182    
   170.0      0.3223    
   171.0      0.3262    
   172.0      0.3297    
   173.0      0.3329    
   174.0      0.3357    
   175.0      0.3381    
   176.0      0.3400    
   177.0      0.3416    
   178.0      0.3427    
   179.0      0.3434    
   180.0      0.3436    
 END
@legend string   3 "Partition=  2 Excit=  3 near/far= 1"
#legend string   0 "Lab energy =   14.5311"
@s3 linestyle   4
#  Theta       sigma       iT11        T20         T21         T22         Kyy for projectile
   0.000       61.58    
   1.000       61.47    
   2.000       61.15    
   3.000       60.61    
   4.000       59.85    
   5.000       58.87    
   6.000       57.67    
   7.000       56.24    
   8.000       54.59    
   9.000       52.72    
   10.00       50.64    
   11.00       48.36    
   12.00       45.92    
   13.00       43.33    
   14.00       40.64    
   15.00       37.88    
   16.00       35.11    
   17.00       32.37    
   18.00       29.71    
   19.00       27.17    
   20.00       24.80    
   21.00       22.61    
   22.00       20.62    
   23.00       18.85    
   24.00       17.29    
   25.00       15.93    
   26.00       14.74    
   27.00       13.71    
   28.00       12.81    
   29.00       12.01    
   30.00       11.28    
   31.00       10.61    
   32.00       9.981    
   33.00       9.370    
   34.00       8.773    
   35.00       8.185    
   36.00       7.608    
   37.00       7.048    
   38.00       6.514    
   39.00       6.019    
   40.00       5.574    
   41.00       5.190    
   42.00       4.872    
   43.00       4.621    
   44.00       4.432    
   45.00       4.295    
   46.00       4.198    
   47.00       4.125    
   48.00       4.062    
   49.00       3.996    
   50.00       3.919    
   51.00       3.826    
   52.00       3.717    
   53.00       3.595    
   54.00       3.465    
   55.00       3.334    
   56.00       3.208    
   57.00       3.095    
   58.00       2.998    
   59.00       2.921    
   60.00       2.866    
   61.00       2.833    
   62.00       2.820    
   63.00       2.824    
   64.00       2.840    
   65.00       2.862    
   66.00       2.883    
   67.00       2.898    
   68.00       2.899    
   69.00       2.882    
   70.00       2.845    
   71.00       2.785    
   72.00       2.703    
   73.00       2.603    
   74.00       2.488    
   75.00       2.362    
   76.00       2.232    
   77.00       2.102    
   78.00       1.976    
   79.00       1.857    
   80.00       1.748    
   81.00       1.650    
   82.00       1.563    
   83.00       1.486    
   84.00       1.418    
   85.00       1.357    
   86.00       1.303    
   87.00       1.252    
   88.00       1.205    
   89.00       1.158    
   90.00       1.112    
   91.00       1.065    
   92.00       1.017    
   93.00      0.9672    
   94.00      0.9163    
   95.00      0.8646    
   96.00      0.8128    
   97.00      0.7616    
   98.00      0.7121    
   99.00      0.6650    
   100.0      0.6211    
   101.0      0.5811    
   102.0      0.5452    
   103.0      0.5136    
   104.0      0.4862    
   105.0      0.4628    
   106.0      0.4429    
   107.0      0.4259    
   108.0      0.4112    
   109.0      0.3984    
   110.0      0.3867    
   111.0      0.3759    
   112.0      0.3655    
   113.0      0.3554    
   114.0      0.3455    
   115.0      0.3356    
   116.0      0.3260    
   117.0      0.3166    
   118.0      0.3076    
   119.0      0.2993    
   120.0      0.2917    
   121.0      0.2851    
   122.0      0.2795    
   123.0      0.2749    
   124.0      0.2715    
   125.0      0.2693    
   126.0      0.2682    
   127.0      0.2682    
   128.0      0.2691    
   129.0      0.2710    
   130.0      0.2737    
   131.0      0.2771    
   132.0      0.2810    
   133.0      0.2853    
   134.0      0.2900    
   135.0      0.2950    
   136.0      0.3001    
   137.0      0.3052    
   138.0      0.3104    
   139.0      0.3155    
   140.0      0.3206    
   141.0      0.3256    
   142.0      0.3305    
   143.0      0.3353    
   144.0      0.3400    
   145.0      0.3448    
   146.0      0.3495    
   147.0      0.3542    
   148.0      0.3590    
   149.0      0.3639    
   150.0      0.3690    
   151.0      0.3742    
   152.0      0.3796    
   153.0      0.3851    
   154.0      0.3909    
   155.0      0.3970    
   156.0      0.4032    
   157.0      0.4096    
   158.0      0.4163    
   159.0      0.4231    
   160.0      0.4300    
   161.0      0.4371    
   162.0      0.4442    
   163.0      0.4513    
   164.0      0.4583    
   165.0      0.4653    
   166.0      0.4722    
   167.0      0.4789    
   168.0      0.4853    
   169.0      0.4915    
   170.0      0.4973    
   171.0      0.5027    
   172.0      0.5077    
   173.0      0.5122    
   174.0      0.5162    
   175.0      0.5196    
   176.0      0.5225    
   177.0      0.5247    
   178.0      0.5263    
   179.0      0.5273    
   180.0      0.5276    
 END
@legend string   4 "Partition=  2 Excit=  4 near/far= 1"
#legend string   0 "Lab energy =   14.5311"
@s4 linestyle   5
#  Theta       sigma       iT11        T20         T21         T22         Kyy for projectile
   0.000       64.28    
   1.000       64.16    
   2.000       63.79    
   3.000       63.18    
   4.000       62.32    
   5.000       61.20    
   6.000       59.81    
   7.000       58.14    
   8.000       56.20    
   9.000       53.99    
   10.00       51.52    
   11.00       48.81    
   12.00       45.89    
   13.00       42.82    
   14.00       39.65    
   15.00       36.43    
   16.00       33.23    
   17.00       30.13    
   18.00       27.18    
   19.00       24.45    
   20.00       21.96    
   21.00       19.76    
   22.00       17.85    
   23.00       16.22    
   24.00       14.86    
   25.00       13.73    
   26.00       12.81    
   27.00       12.05    
   28.00       11.42    
   29.00       10.88    
   30.00       10.39    
   31.00       9.942    
   32.00       9.498    
   33.00       9.042    
   34.00       8.561    
   35.00       8.051    
   36.00       7.514    
   37.00       6.961    
   38.00       6.411    
   39.00       5.887    
   40.00       5.412    
   41.00       5.007    
   42.00       4.685    
   43.00       4.450    
   44.00       4.297    
   45.00       4.210    
   46.00       4.167    
   47.00       4.143    
   48.00       4.116    
   49.00       4.068    
   50.00       3.987    
   51.00       3.869    
   52.00       3.719    
   53.00       3.545    
   54.00       3.359    
   55.00       3.172    
   56.00       2.997    
   57.00       2.842    
   58.00       2.715    
   59.00       2.619    
   60.00       2.558    
   61.00       2.531    
   62.00       2.536    
   63.00       2.569    
   64.00       2.623    
   65.00       2.690    
   66.00       2.760    
   67.00       2.822    
   68.00       2.867    
   69.00       2.884    
   70.00       2.870    
   71.00       2.820    
   72.00       2.736    
   73.00       2.622    
   74.00       2.485    
   75.00       2.332    
   76.00       2.173    
   77.00       2.015    
   78.00       1.865    
   79.00       1.728    
   80.00       1.606    
   81.00       1.502    
   82.00       1.414    
   83.00       1.342    
   84.00       1.283    
   85.00       1.235    
   86.00       1.195    
   87.00       1.160    
   88.00       1.129    
   89.00       1.099    
   90.00       1.068    
   91.00       1.035    
   92.00      0.9985    
   93.00      0.9581    
   94.00      0.9137    
   95.00      0.8657    
   96.00      0.8151    
   97.00      0.7630    
   98.00      0.7108    
   99.00      0.6602    
   100.0      0.6125    
   101.0      0.5689    
   102.0      0.5304    
   103.0      0.4972    
   104.0      0.4695    
   105.0      0.4470    
   106.0      0.4289    
   107.0      0.4144    
   108.0      0.4027    
   109.0      0.3926    
   110.0      0.3835    
   111.0      0.3746    
   112.0      0.3653    
   113.0      0.3554    
   114.0      0.3448    
   115.0      0.3335    
   116.0      0.3217    
   117.0      0.3097    
   118.0      0.2978    
   119.0      0.2863    
   120.0      0.2756    
   121.0      0.2660    
   122.0      0.2577    
   123.0      0.2508    
   124.0      0.2454    
   125.0      0.2416    
   126.0      0.2393    
   127.0      0.2385    
   128.0      0.2390    
   129.0      0.2408    
   130.0      0.2436    
   131.0      0.2474    
   132.0      0.2519    
   133.0      0.2570    
   134.0      0.2625    
   135.0      0.2683    
   136.0      0.2743    
   137.0      0.2803    
   138.0      0.2862    
   139.0      0.2920    
   140.0      0.2977    
   141.0      0.3031    
   142.0      0.3082    
   143.0      0.3131    
   144.0      0.3177    
   145.0      0.3220    
   146.0      0.3262    
   147.0      0.3302    
   148.0      0.3341    
   149.0      0.3380    
   150.0      0.3418    
   151.0      0.3456    
   152.0      0.3495    
   153.0      0.3535    
   154.0      0.3577    
   155.0      0.3620    
   156.0      0.3665    
   157.0      0.3712    
   158.0      0.3761    
   159.0      0.3812    
   160.0      0.3864    
   161.0      0.3918    
   162.0      0.3973    
   163.0      0.4029    
   164.0      0.4085    
   165.0      0.4141    
   166.0      0.4197    
   167.0      0.4251    
   168.0      0.4304    
   169.0      0.4355    
   170.0      0.4404    
   171.0      0.4449    
   172.0      0.4492    
   173.0      0.4530    
   174.0      0.4564    
   175.0      0.4593    
   176.0      0.4617    
   177.0      0.4637    
   178.0      0.4651    
   179.0      0.4659    
   180.0      0.4662    
 END
@legend string   5 "Partition=  2 Excit=  5 near/far= 1"
#legend string   0 "Lab energy =   14.5311"
@s5 linestyle   1
#  Theta       sigma       iT11        T20         T21         T22         Kyy for projectile
   0.000       190.5    
   1.000       189.9    
   2.000       188.2    
   3.000       185.3    
   4.000       181.2    
   5.000       175.9    
   6.000       169.3    
   7.000       161.5    
   8.000       152.5    
   9.000       142.4    
   10.00       131.3    
   11.00       119.5    
   12.00       107.1    
   13.00       94.51    
   14.00       82.08    
   15.00       70.15    
   16.00       59.04    
   17.00       49.07    
   18.00       40.44    
   19.00       33.27    
   20.00       27.58    
   21.00       23.27    
   22.00       20.18    
   23.00       18.10    
   24.00       16.77    
   25.00       15.98    
   26.00       15.54    
   27.00       15.32    
   28.00       15.25    
   29.00       15.27    
   30.00       15.35    
   31.00       15.46    
   32.00       15.52    
   33.00       15.47    
   34.00       15.24    
   35.00       14.77    
   36.00       14.03    
   37.00       13.06    
   38.00       11.97    
   39.00       10.89    
   40.00       9.980    
   41.00       9.385    
   42.00       9.193    
   43.00       9.424    
   44.00       10.01    
   45.00       10.82    
   46.00       11.68    
   47.00       12.40    
   48.00       12.84    
   49.00       12.90    
   50.00       12.56    
   51.00       11.85    
   52.00       10.87    
   53.00       9.736    
   54.00       8.570    
   55.00       7.470    
   56.00       6.503    
   57.00       5.706    
   58.00       5.090    
   59.00       4.648    
   60.00       4.372    
   61.00       4.251    
   62.00       4.279    
   63.00       4.447    
   64.00       4.743    
   65.00       5.141    
   66.00       5.599    
   67.00       6.064    
   68.00       6.475    
   69.00       6.773    
   70.00       6.910    
   71.00       6.857    
   72.00       6.609    
   73.00       6.187    
   74.00       5.629    
   75.00       4.986    
   76.00       4.315    
   77.00       3.665    
   78.00       3.076    
   79.00       2.574    
   80.00       2.170    
   81.00       1.862    
   82.00       1.639    
   83.00       1.489    
   84.00       1.395    
   85.00       1.344    
   86.00       1.326    
   87.00       1.335    
   88.00       1.363    
   89.00       1.406    
   90.00       1.457    
   91.00       1.510    
   92.00       1.556    
   93.00       1.587    
   94.00       1.596    
   95.00       1.577    
   96.00       1.528    
   97.00       1.451    
   98.00       1.350    
   99.00       1.233    
   100.0       1.110    
   101.0      0.9896    
   102.0      0.8814    
   103.0      0.7921    
   104.0      0.7259    
   105.0      0.6841    
   106.0      0.6655    
   107.0      0.6663    
   108.0      0.6815    
   109.0      0.7050    
   110.0      0.7310    
   111.0      0.7543    
   112.0      0.7708    
   113.0      0.7780    
   114.0      0.7746    
   115.0      0.7609    
   116.0      0.7380    
   117.0      0.7080    
   118.0      0.6731    
   119.0      0.6359    
   120.0      0.5986    
   121.0      0.5630    
   122.0      0.5307    
   123.0      0.5026    
   124.0      0.4793    
   125.0      0.4609    
   126.0      0.4472    
   127.0      0.4380    
   128.0      0.4328    
   129.0      0.4311    
   130.0      0.4325    
   131.0      0.4366    
   132.0      0.4430    
   133.0      0.4516    
   134.0      0.4622    
   135.0      0.4745    
   136.0      0.4884    
   137.0      0.5039    
   138.0      0.5207    
   139.0      0.5386    
   140.0      0.5575    
   141.0      0.5771    
   142.0      0.5971    
   143.0      0.6172    
   144.0      0.6371    
   145.0      0.6566    
   146.0      0.6754    
   147.0      0.6933    
   148.0      0.7099    
   149.0      0.7253    
   150.0      0.7392    
   151.0      0.7516    
   152.0      0.7623    
   153.0      0.7715    
   154.0      0.7792    
   155.0      0.7853    
   156.0      0.7901    
   157.0      0.7936    
   158.0      0.7959    
   159.0      0.7971    
   160.0      0.7975    
   161.0      0.7971    
   162.0      0.7960    
   163.0      0.7944    
   164.0      0.7924    
   165.0      0.7901    
   166.0      0.7876    
   167.0      0.7850    
   168.0      0.7824    
   169.0      0.7797    
   170.0      0.7772    
   171.0      0.7748    
   172.0      0.7726    
   173.0      0.7705    
   174.0      0.7687    
   175.0      0.7672    
   176.0      0.7659    
   177.0      0.7649    
   178.0      0.7642    
   179.0      0.7637    
   180.0      0.7636    
 END
