# 181 angles,  1 tensor ranks for 0=projectile
@subtitle   "7Li(d,p) @ 7.5AMeV ADWA (d) + KD (p)"                                          
@legend ON
@legend x1 0.2
@legend y1 0.8
@g0 type LOGY
@yaxis ticklabel format power
@legend string   0 "Lab energy =   14.5311"
#legend string   0 "Partition=  2 Excit=  1 near/far= 1"
#  Theta       sigma       iT11        T20         T21         T22         Kyy for projectile
   0.000       29.40    
   1.000       29.41    
   2.000       29.44    
   3.000       29.48    
   4.000       29.52    
   5.000       29.56    
   6.000       29.57    
   7.000       29.55    
   8.000       29.49    
   9.000       29.36    
   10.00       29.16    
   11.00       28.87    
   12.00       28.49    
   13.00       28.01    
   14.00       27.43    
   15.00       26.75    
   16.00       25.97    
   17.00       25.11    
   18.00       24.16    
   19.00       23.14    
   20.00       22.05    
   21.00       20.92    
   22.00       19.76    
   23.00       18.57    
   24.00       17.37    
   25.00       16.18    
   26.00       15.00    
   27.00       13.85    
   28.00       12.73    
   29.00       11.66    
   30.00       10.63    
   31.00       9.662    
   32.00       8.751    
   33.00       7.902    
   34.00       7.115    
   35.00       6.393    
   36.00       5.735    
   37.00       5.139    
   38.00       4.605    
   39.00       4.131    
   40.00       3.713    
   41.00       3.349    
   42.00       3.036    
   43.00       2.770    
   44.00       2.548    
   45.00       2.365    
   46.00       2.217    
   47.00       2.102    
   48.00       2.014    
   49.00       1.951    
   50.00       1.908    
   51.00       1.883    
   52.00       1.871    
   53.00       1.871    
   54.00       1.879    
   55.00       1.894    
   56.00       1.913    
   57.00       1.934    
   58.00       1.956    
   59.00       1.977    
   60.00       1.996    
   61.00       2.012    
   62.00       2.024    
   63.00       2.031    
   64.00       2.034    
   65.00       2.031    
   66.00       2.022    
   67.00       2.007    
   68.00       1.987    
   69.00       1.961    
   70.00       1.929    
   71.00       1.892    
   72.00       1.850    
   73.00       1.804    
   74.00       1.754    
   75.00       1.701    
   76.00       1.644    
   77.00       1.586    
   78.00       1.525    
   79.00       1.464    
   80.00       1.401    
   81.00       1.338    
   82.00       1.275    
   83.00       1.213    
   84.00       1.151    
   85.00       1.091    
   86.00       1.032    
   87.00      0.9753    
   88.00      0.9202    
   89.00      0.8674    
   90.00      0.8170    
   91.00      0.7691    
   92.00      0.7239    
   93.00      0.6815    
   94.00      0.6419    
   95.00      0.6051    
   96.00      0.5712    
   97.00      0.5402    
   98.00      0.5120    
   99.00      0.4864    
   100.0      0.4636    
   101.0      0.4432    
   102.0      0.4253    
   103.0      0.4096    
   104.0      0.3961    
   105.0      0.3846    
   106.0      0.3749    
   107.0      0.3669    
   108.0      0.3604    
   109.0      0.3554    
   110.0      0.3515    
   111.0      0.3488    
   112.0      0.3470    
   113.0      0.3460    
   114.0      0.3458    
   115.0      0.3462    
   116.0      0.3471    
   117.0      0.3484    
   118.0      0.3501    
   119.0      0.3520    
   120.0      0.3541    
   121.0      0.3564    
   122.0      0.3589    
   123.0      0.3614    
   124.0      0.3639    
   125.0      0.3665    
   126.0      0.3692    
   127.0      0.3719    
   128.0      0.3746    
   129.0      0.3774    
   130.0      0.3803    
   131.0      0.3832    
   132.0      0.3863    
   133.0      0.3896    
   134.0      0.3931    
   135.0      0.3967    
   136.0      0.4007    
   137.0      0.4049    
   138.0      0.4095    
   139.0      0.4144    
   140.0      0.4197    
   141.0      0.4254    
   142.0      0.4315    
   143.0      0.4381    
   144.0      0.4451    
   145.0      0.4526    
   146.0      0.4606    
   147.0      0.4690    
   148.0      0.4778    
   149.0      0.4871    
   150.0      0.4968    
   151.0      0.5069    
   152.0      0.5173    
   153.0      0.5281    
   154.0      0.5392    
   155.0      0.5505    
   156.0      0.5620    
   157.0      0.5737    
   158.0      0.5854    
   159.0      0.5972    
   160.0      0.6090    
   161.0      0.6207    
   162.0      0.6323    
   163.0      0.6436    
   164.0      0.6547    
   165.0      0.6655    
   166.0      0.6759    
   167.0      0.6859    
   168.0      0.6954    
   169.0      0.7043    
   170.0      0.7127    
   171.0      0.7204    
   172.0      0.7274    
   173.0      0.7337    
   174.0      0.7393    
   175.0      0.7440    
   176.0      0.7479    
   177.0      0.7510    
   178.0      0.7532    
   179.0      0.7545    
   180.0      0.7550    
 END
