# Fusion cross sections for ELAB=  14.531, ECM=  11.290
     0.5   34.01       34.75      0.7392    
     1.5   105.9       110.2       4.365    
     2.5   164.0       175.7       11.65    
     3.5   153.9       179.3       25.36    
     4.5   101.2       142.8       41.62    
     5.5   31.57       83.66       52.08    
     6.5  -15.29       34.06       49.35    
     7.5  -15.62       6.166       21.79    
     8.5  -6.840       1.055       7.895    
     9.5  -3.143      0.1975       3.341    
    10.5  -1.565      0.3827E-01   1.604    
    11.5  -1.076      0.7510E-02   1.084    
    12.5 -0.9319      0.1484E-02  0.9334    
    13.5 -0.6653      0.2956E-03  0.6656    
    14.5 -0.5562      0.5951E-04  0.5562    
    15.5 -0.5380      0.1215E-04  0.5380    
    16.5 -0.3394      0.2521E-05  0.3394    
    17.5 -0.1630      0.5334E-06  0.1630    
    18.5 -0.2018      0.1151E-06  0.2018    
    19.5 -0.1376      0.2534E-07  0.1376    
    20.5 -0.3195E-01  0.5683E-08  0.3195E-01
    21.5 -0.2386E-02  0.1296E-08  0.2386E-02
    22.5 -0.1838E-02  0.2990E-09  0.1838E-02
    23.5 -0.1233E-02  0.7013E-10  0.1233E-02
    24.5 -0.3619E-03  0.1682E-10  0.3619E-03
    25.5 -0.6264E-04  0.4078E-11  0.6264E-04
    26.5 -0.7303E-05  0.1040E-11  0.7303E-05
    27.5 -0.6157E-06 -0.1156E-12  0.6157E-06
    28.5 -0.3925E-07 -0.8777E-12  0.3924E-07
    29.5 -0.1952E-08 -0.6191E-12  0.1951E-08
    30.5 -0.7786E-10 -0.4265E-12  0.7743E-10
    31.5 -0.2850E-11 -0.3522E-12  0.2498E-11
    32.5 -0.3843E-12 -0.3178E-12  0.6649E-13
    33.5  0.9207E-13  0.9355E-13  0.1478E-14
    34.5 -0.2773E-16   0.000      0.2773E-16
    35.5  0.1486E-12  0.1486E-12  0.4432E-18
    36.5  0.1018E-12  0.1018E-12  0.6081E-20
    37.5 -0.7215E-22   0.000      0.7215E-22
    38.5 -0.7449E-24   0.000      0.7449E-24
    39.5  0.5503E-13  0.5503E-13  0.6734E-26
    40.5 -0.1128E-12 -0.1128E-12  0.5049E-28
 &
