# 181 angles,  1 tensor ranks for 0=projectile
@subtitle   "7Li(d,p) @ 7.5AMeV ADWA (d) + KD (p)"                                          
@legend ON
@legend x1 0.2
@legend y1 0.8
@g0 type LOGY
@yaxis ticklabel format power
@legend string   0 "Lab energy =   14.5311"
#legend string   0 "Partition=  2 Excit=  5 near/far= 1"
#  Theta       sigma       iT11        T20         T21         T22         Kyy for projectile
   0.000       190.5    
   1.000       189.9    
   2.000       188.2    
   3.000       185.3    
   4.000       181.2    
   5.000       175.9    
   6.000       169.3    
   7.000       161.5    
   8.000       152.5    
   9.000       142.4    
   10.00       131.3    
   11.00       119.5    
   12.00       107.1    
   13.00       94.51    
   14.00       82.08    
   15.00       70.15    
   16.00       59.04    
   17.00       49.07    
   18.00       40.44    
   19.00       33.27    
   20.00       27.58    
   21.00       23.27    
   22.00       20.18    
   23.00       18.10    
   24.00       16.77    
   25.00       15.98    
   26.00       15.54    
   27.00       15.32    
   28.00       15.25    
   29.00       15.27    
   30.00       15.35    
   31.00       15.46    
   32.00       15.52    
   33.00       15.47    
   34.00       15.24    
   35.00       14.77    
   36.00       14.03    
   37.00       13.06    
   38.00       11.97    
   39.00       10.89    
   40.00       9.980    
   41.00       9.385    
   42.00       9.193    
   43.00       9.424    
   44.00       10.01    
   45.00       10.82    
   46.00       11.68    
   47.00       12.40    
   48.00       12.84    
   49.00       12.90    
   50.00       12.56    
   51.00       11.85    
   52.00       10.87    
   53.00       9.736    
   54.00       8.570    
   55.00       7.470    
   56.00       6.503    
   57.00       5.706    
   58.00       5.090    
   59.00       4.648    
   60.00       4.372    
   61.00       4.251    
   62.00       4.279    
   63.00       4.447    
   64.00       4.743    
   65.00       5.141    
   66.00       5.599    
   67.00       6.064    
   68.00       6.475    
   69.00       6.773    
   70.00       6.910    
   71.00       6.857    
   72.00       6.609    
   73.00       6.187    
   74.00       5.629    
   75.00       4.986    
   76.00       4.315    
   77.00       3.665    
   78.00       3.076    
   79.00       2.574    
   80.00       2.170    
   81.00       1.862    
   82.00       1.639    
   83.00       1.489    
   84.00       1.395    
   85.00       1.344    
   86.00       1.326    
   87.00       1.335    
   88.00       1.363    
   89.00       1.406    
   90.00       1.457    
   91.00       1.510    
   92.00       1.556    
   93.00       1.587    
   94.00       1.596    
   95.00       1.577    
   96.00       1.528    
   97.00       1.451    
   98.00       1.350    
   99.00       1.233    
   100.0       1.110    
   101.0      0.9896    
   102.0      0.8814    
   103.0      0.7921    
   104.0      0.7259    
   105.0      0.6841    
   106.0      0.6655    
   107.0      0.6663    
   108.0      0.6815    
   109.0      0.7050    
   110.0      0.7310    
   111.0      0.7543    
   112.0      0.7708    
   113.0      0.7780    
   114.0      0.7746    
   115.0      0.7609    
   116.0      0.7380    
   117.0      0.7080    
   118.0      0.6731    
   119.0      0.6359    
   120.0      0.5986    
   121.0      0.5630    
   122.0      0.5307    
   123.0      0.5026    
   124.0      0.4793    
   125.0      0.4609    
   126.0      0.4472    
   127.0      0.4380    
   128.0      0.4328    
   129.0      0.4311    
   130.0      0.4325    
   131.0      0.4366    
   132.0      0.4430    
   133.0      0.4516    
   134.0      0.4622    
   135.0      0.4745    
   136.0      0.4884    
   137.0      0.5039    
   138.0      0.5207    
   139.0      0.5386    
   140.0      0.5575    
   141.0      0.5771    
   142.0      0.5971    
   143.0      0.6172    
   144.0      0.6371    
   145.0      0.6566    
   146.0      0.6754    
   147.0      0.6933    
   148.0      0.7099    
   149.0      0.7253    
   150.0      0.7392    
   151.0      0.7516    
   152.0      0.7623    
   153.0      0.7715    
   154.0      0.7792    
   155.0      0.7853    
   156.0      0.7901    
   157.0      0.7936    
   158.0      0.7959    
   159.0      0.7971    
   160.0      0.7975    
   161.0      0.7971    
   162.0      0.7960    
   163.0      0.7944    
   164.0      0.7924    
   165.0      0.7901    
   166.0      0.7876    
   167.0      0.7850    
   168.0      0.7824    
   169.0      0.7797    
   170.0      0.7772    
   171.0      0.7748    
   172.0      0.7726    
   173.0      0.7705    
   174.0      0.7687    
   175.0      0.7672    
   176.0      0.7659    
   177.0      0.7649    
   178.0      0.7642    
   179.0      0.7637    
   180.0      0.7636    
 END
