# 181 angles,  1 tensor ranks for 0=projectile
@subtitle   "7Li(d,p) @ 7.5AMeV ADWA (d) + KD (p)"                                          
@legend ON
@legend x1 0.2
@legend y1 0.8
@g0 type LOGY
@yaxis ticklabel format power
@legend string   0 "Lab energy =   14.5311"
#legend string   0 "Partition=  2 Excit=  2 near/far= 1"
#  Theta       sigma       iT11        T20         T21         T22         Kyy for projectile
   0.000       22.77    
   1.000       22.74    
   2.000       22.68    
   3.000       22.57    
   4.000       22.41    
   5.000       22.20    
   6.000       21.95    
   7.000       21.64    
   8.000       21.28    
   9.000       20.86    
   10.00       20.39    
   11.00       19.87    
   12.00       19.29    
   13.00       18.66    
   14.00       17.98    
   15.00       17.26    
   16.00       16.51    
   17.00       15.73    
   18.00       14.92    
   19.00       14.10    
   20.00       13.28    
   21.00       12.45    
   22.00       11.64    
   23.00       10.84    
   24.00       10.06    
   25.00       9.317    
   26.00       8.601    
   27.00       7.920    
   28.00       7.277    
   29.00       6.673    
   30.00       6.108    
   31.00       5.582    
   32.00       5.095    
   33.00       4.646    
   34.00       4.234    
   35.00       3.857    
   36.00       3.514    
   37.00       3.204    
   38.00       2.926    
   39.00       2.679    
   40.00       2.461    
   41.00       2.270    
   42.00       2.105    
   43.00       1.964    
   44.00       1.845    
   45.00       1.747    
   46.00       1.666    
   47.00       1.600    
   48.00       1.547    
   49.00       1.506    
   50.00       1.474    
   51.00       1.448    
   52.00       1.429    
   53.00       1.414    
   54.00       1.402    
   55.00       1.393    
   56.00       1.385    
   57.00       1.379    
   58.00       1.373    
   59.00       1.368    
   60.00       1.362    
   61.00       1.356    
   62.00       1.349    
   63.00       1.340    
   64.00       1.330    
   65.00       1.318    
   66.00       1.303    
   67.00       1.285    
   68.00       1.265    
   69.00       1.241    
   70.00       1.215    
   71.00       1.186    
   72.00       1.155    
   73.00       1.121    
   74.00       1.085    
   75.00       1.048    
   76.00       1.010    
   77.00      0.9707    
   78.00      0.9310    
   79.00      0.8913    
   80.00      0.8517    
   81.00      0.8124    
   82.00      0.7737    
   83.00      0.7358    
   84.00      0.6986    
   85.00      0.6624    
   86.00      0.6271    
   87.00      0.5929    
   88.00      0.5599    
   89.00      0.5279    
   90.00      0.4972    
   91.00      0.4678    
   92.00      0.4397    
   93.00      0.4130    
   94.00      0.3877    
   95.00      0.3640    
   96.00      0.3417    
   97.00      0.3210    
   98.00      0.3019    
   99.00      0.2843    
   100.0      0.2683    
   101.0      0.2537    
   102.0      0.2406    
   103.0      0.2288    
   104.0      0.2183    
   105.0      0.2091    
   106.0      0.2009    
   107.0      0.1938    
   108.0      0.1877    
   109.0      0.1824    
   110.0      0.1779    
   111.0      0.1741    
   112.0      0.1709    
   113.0      0.1683    
   114.0      0.1662    
   115.0      0.1645    
   116.0      0.1633    
   117.0      0.1624    
   118.0      0.1618    
   119.0      0.1616    
   120.0      0.1615    
   121.0      0.1617    
   122.0      0.1621    
   123.0      0.1626    
   124.0      0.1633    
   125.0      0.1641    
   126.0      0.1650    
   127.0      0.1660    
   128.0      0.1671    
   129.0      0.1683    
   130.0      0.1695    
   131.0      0.1708    
   132.0      0.1722    
   133.0      0.1736    
   134.0      0.1752    
   135.0      0.1768    
   136.0      0.1785    
   137.0      0.1804    
   138.0      0.1823    
   139.0      0.1844    
   140.0      0.1867    
   141.0      0.1891    
   142.0      0.1917    
   143.0      0.1945    
   144.0      0.1975    
   145.0      0.2007    
   146.0      0.2041    
   147.0      0.2077    
   148.0      0.2116    
   149.0      0.2157    
   150.0      0.2199    
   151.0      0.2244    
   152.0      0.2291    
   153.0      0.2340    
   154.0      0.2390    
   155.0      0.2442    
   156.0      0.2495    
   157.0      0.2550    
   158.0      0.2605    
   159.0      0.2661    
   160.0      0.2717    
   161.0      0.2772    
   162.0      0.2828    
   163.0      0.2883    
   164.0      0.2937    
   165.0      0.2990    
   166.0      0.3041    
   167.0      0.3090    
   168.0      0.3137    
   169.0      0.3182    
   170.0      0.3223    
   171.0      0.3262    
   172.0      0.3297    
   173.0      0.3329    
   174.0      0.3357    
   175.0      0.3381    
   176.0      0.3400    
   177.0      0.3416    
   178.0      0.3427    
   179.0      0.3434    
   180.0      0.3436    
 END
