# 181 angles,  1 tensor ranks for 0=projectile
@subtitle   "7Li(d,p) @ 7.5AMeV ADWA (d) + KD (p)"                                          
@legend ON
@legend x1 0.2
@legend y1 0.8
@g0 type LOGY
@yaxis ticklabel format power
@legend string   0 "Lab energy =   14.5311"
#legend string   0 "Partition=  2 Excit=  4 near/far= 1"
#  Theta       sigma       iT11        T20         T21         T22         Kyy for projectile
   0.000       64.28    
   1.000       64.16    
   2.000       63.79    
   3.000       63.18    
   4.000       62.32    
   5.000       61.20    
   6.000       59.81    
   7.000       58.14    
   8.000       56.20    
   9.000       53.99    
   10.00       51.52    
   11.00       48.81    
   12.00       45.89    
   13.00       42.82    
   14.00       39.65    
   15.00       36.43    
   16.00       33.23    
   17.00       30.13    
   18.00       27.18    
   19.00       24.45    
   20.00       21.96    
   21.00       19.76    
   22.00       17.85    
   23.00       16.22    
   24.00       14.86    
   25.00       13.73    
   26.00       12.81    
   27.00       12.05    
   28.00       11.42    
   29.00       10.88    
   30.00       10.39    
   31.00       9.942    
   32.00       9.498    
   33.00       9.042    
   34.00       8.561    
   35.00       8.051    
   36.00       7.514    
   37.00       6.961    
   38.00       6.411    
   39.00       5.887    
   40.00       5.412    
   41.00       5.007    
   42.00       4.685    
   43.00       4.450    
   44.00       4.297    
   45.00       4.210    
   46.00       4.167    
   47.00       4.143    
   48.00       4.116    
   49.00       4.068    
   50.00       3.987    
   51.00       3.869    
   52.00       3.719    
   53.00       3.545    
   54.00       3.359    
   55.00       3.172    
   56.00       2.997    
   57.00       2.842    
   58.00       2.715    
   59.00       2.619    
   60.00       2.558    
   61.00       2.531    
   62.00       2.536    
   63.00       2.569    
   64.00       2.623    
   65.00       2.690    
   66.00       2.760    
   67.00       2.822    
   68.00       2.867    
   69.00       2.884    
   70.00       2.870    
   71.00       2.820    
   72.00       2.736    
   73.00       2.622    
   74.00       2.485    
   75.00       2.332    
   76.00       2.173    
   77.00       2.015    
   78.00       1.865    
   79.00       1.728    
   80.00       1.606    
   81.00       1.502    
   82.00       1.414    
   83.00       1.342    
   84.00       1.283    
   85.00       1.235    
   86.00       1.195    
   87.00       1.160    
   88.00       1.129    
   89.00       1.099    
   90.00       1.068    
   91.00       1.035    
   92.00      0.9985    
   93.00      0.9581    
   94.00      0.9137    
   95.00      0.8657    
   96.00      0.8151    
   97.00      0.7630    
   98.00      0.7108    
   99.00      0.6602    
   100.0      0.6125    
   101.0      0.5689    
   102.0      0.5304    
   103.0      0.4972    
   104.0      0.4695    
   105.0      0.4470    
   106.0      0.4289    
   107.0      0.4144    
   108.0      0.4027    
   109.0      0.3926    
   110.0      0.3835    
   111.0      0.3746    
   112.0      0.3653    
   113.0      0.3554    
   114.0      0.3448    
   115.0      0.3335    
   116.0      0.3217    
   117.0      0.3097    
   118.0      0.2978    
   119.0      0.2863    
   120.0      0.2756    
   121.0      0.2660    
   122.0      0.2577    
   123.0      0.2508    
   124.0      0.2454    
   125.0      0.2416    
   126.0      0.2393    
   127.0      0.2385    
   128.0      0.2390    
   129.0      0.2408    
   130.0      0.2436    
   131.0      0.2474    
   132.0      0.2519    
   133.0      0.2570    
   134.0      0.2625    
   135.0      0.2683    
   136.0      0.2743    
   137.0      0.2803    
   138.0      0.2862    
   139.0      0.2920    
   140.0      0.2977    
   141.0      0.3031    
   142.0      0.3082    
   143.0      0.3131    
   144.0      0.3177    
   145.0      0.3220    
   146.0      0.3262    
   147.0      0.3302    
   148.0      0.3341    
   149.0      0.3380    
   150.0      0.3418    
   151.0      0.3456    
   152.0      0.3495    
   153.0      0.3535    
   154.0      0.3577    
   155.0      0.3620    
   156.0      0.3665    
   157.0      0.3712    
   158.0      0.3761    
   159.0      0.3812    
   160.0      0.3864    
   161.0      0.3918    
   162.0      0.3973    
   163.0      0.4029    
   164.0      0.4085    
   165.0      0.4141    
   166.0      0.4197    
   167.0      0.4251    
   168.0      0.4304    
   169.0      0.4355    
   170.0      0.4404    
   171.0      0.4449    
   172.0      0.4492    
   173.0      0.4530    
   174.0      0.4564    
   175.0      0.4593    
   176.0      0.4617    
   177.0      0.4637    
   178.0      0.4651    
   179.0      0.4659    
   180.0      0.4662    
 END
