# 181 angles,  1 tensor ranks for 0=projectile
@subtitle   "7Li(d,p) @ 7.5AMeV ADWA (d) + KD (p)"                                          
@legend ON
@legend x1 0.2
@legend y1 0.8
@g0 type LOGY
@yaxis ticklabel format power
@legend string   0 "Lab energy =   14.5311"
#legend string   0 "Partition=  1 Excit=  1 near/far= 1"
#  Theta       sigma       iT11        T20         T21         T22         Kyy for projectile
  0.1000E-01  0.1578E+16
   1.000      0.1554E+08
   2.000      0.9335E+06
   3.000      0.1744E+06
   4.000      0.5176E+05
   5.000      0.1991E+05
   6.000       9147.    
   7.000       4842.    
   8.000       2908.    
   9.000       1959.    
   10.00       1459.    
   11.00       1177.    
   12.00       1008.    
   13.00       897.7    
   14.00       820.5    
   15.00       761.5    
   16.00       712.8    
   17.00       669.9    
   18.00       630.4    
   19.00       592.8    
   20.00       556.5    
   21.00       521.2    
   22.00       486.6    
   23.00       452.7    
   24.00       419.8    
   25.00       387.7    
   26.00       356.7    
   27.00       326.8    
   28.00       298.1    
   29.00       270.8    
   30.00       244.9    
   31.00       220.4    
   32.00       197.4    
   33.00       175.9    
   34.00       155.9    
   35.00       137.5    
   36.00       120.5    
   37.00       105.0    
   38.00       90.89    
   39.00       78.14    
   40.00       66.68    
   41.00       56.45    
   42.00       47.38    
   43.00       39.39    
   44.00       32.41    
   45.00       26.35    
   46.00       21.15    
   47.00       16.72    
   48.00       12.99    
   49.00       9.893    
   50.00       7.350    
   51.00       5.298    
   52.00       3.677    
   53.00       2.427    
   54.00       1.494    
   55.00      0.8292    
   56.00      0.3873    
   57.00      0.1275    
   58.00      0.1349E-01
   59.00      0.1293E-01
   60.00      0.9763E-01
   61.00      0.2432    
   62.00      0.4287    
   63.00      0.6366    
   64.00      0.8525    
   65.00       1.065    
   66.00       1.264    
   67.00       1.443    
   68.00       1.597    
   69.00       1.724    
   70.00       1.820    
   71.00       1.886    
   72.00       1.922    
   73.00       1.929    
   74.00       1.910    
   75.00       1.867    
   76.00       1.802    
   77.00       1.719    
   78.00       1.622    
   79.00       1.512    
   80.00       1.394    
   81.00       1.270    
   82.00       1.143    
   83.00       1.017    
   84.00      0.8934    
   85.00      0.7744    
   86.00      0.6624    
   87.00      0.5589    
   88.00      0.4656    
   89.00      0.3837    
   90.00      0.3143    
   91.00      0.2580    
   92.00      0.2156    
   93.00      0.1875    
   94.00      0.1737    
   95.00      0.1745    
   96.00      0.1896    
   97.00      0.2188    
   98.00      0.2617    
   99.00      0.3178    
   100.0      0.3863    
   101.0      0.4666    
   102.0      0.5577    
   103.0      0.6588    
   104.0      0.7687    
   105.0      0.8862    
   106.0       1.010    
   107.0       1.140    
   108.0       1.273    
   109.0       1.408    
   110.0       1.544    
   111.0       1.680    
   112.0       1.814    
   113.0       1.944    
   114.0       2.069    
   115.0       2.188    
   116.0       2.298    
   117.0       2.399    
   118.0       2.489    
   119.0       2.566    
   120.0       2.631    
   121.0       2.681    
   122.0       2.716    
   123.0       2.736    
   124.0       2.739    
   125.0       2.725    
   126.0       2.694    
   127.0       2.647    
   128.0       2.584    
   129.0       2.505    
   130.0       2.411    
   131.0       2.304    
   132.0       2.184    
   133.0       2.052    
   134.0       1.912    
   135.0       1.764    
   136.0       1.612    
   137.0       1.456    
   138.0       1.299    
   139.0       1.144    
   140.0      0.9939    
   141.0      0.8503    
   142.0      0.7161    
   143.0      0.5939    
   144.0      0.4860    
   145.0      0.3947    
   146.0      0.3222    
   147.0      0.2706    
   148.0      0.2414    
   149.0      0.2363    
   150.0      0.2564    
   151.0      0.3027    
   152.0      0.3758    
   153.0      0.4759    
   154.0      0.6029    
   155.0      0.7565    
   156.0      0.9358    
   157.0       1.140    
   158.0       1.366    
   159.0       1.614    
   160.0       1.881    
   161.0       2.165    
   162.0       2.462    
   163.0       2.771    
   164.0       3.086    
   165.0       3.407    
   166.0       3.728    
   167.0       4.047    
   168.0       4.360    
   169.0       4.663    
   170.0       4.953    
   171.0       5.227    
   172.0       5.482    
   173.0       5.714    
   174.0       5.921    
   175.0       6.101    
   176.0       6.251    
   177.0       6.369    
   178.0       6.455    
   179.0       6.507    
   180.0       6.524    
 END
