# 181 angles,  1 tensor ranks for 0=projectile
@subtitle   "7Li(d,p) @ 7.5AMeV ADWA (d) + KD (p)"                                          
@legend ON
@legend x1 0.2
@legend y1 0.8
@g0 type LOGY
@yaxis ticklabel format power
@legend string   0 "Lab energy =   14.5311"
#legend string   0 "Partition=  2 Excit=  4 near/far= 1"
#  Theta       sigma       iT11        T20         T21         T22         Kyy for projectile
   0.000       64.31    
   1.000       64.18    
   2.000       63.80    
   3.000       63.16    
   4.000       62.25    
   5.000       61.08    
   6.000       59.62    
   7.000       57.88    
   8.000       55.86    
   9.000       53.57    
   10.00       51.01    
   11.00       48.22    
   12.00       45.22    
   13.00       42.06    
   14.00       38.80    
   15.00       35.51    
   16.00       32.24    
   17.00       29.08    
   18.00       26.07    
   19.00       23.29    
   20.00       20.77    
   21.00       18.53    
   22.00       16.59    
   23.00       14.93    
   24.00       13.55    
   25.00       12.41    
   26.00       11.47    
   27.00       10.70    
   28.00       10.06    
   29.00       9.510    
   30.00       9.026    
   31.00       8.576    
   32.00       8.137    
   33.00       7.692    
   34.00       7.228    
   35.00       6.739    
   36.00       6.229    
   37.00       5.709    
   38.00       5.197    
   39.00       4.713    
   40.00       4.282    
   41.00       3.921    
   42.00       3.644    
   43.00       3.453    
   44.00       3.342    
   45.00       3.294    
   46.00       3.288    
   47.00       3.298    
   48.00       3.303    
   49.00       3.283    
   50.00       3.229    
   51.00       3.138    
   52.00       3.014    
   53.00       2.865    
   54.00       2.703    
   55.00       2.542    
   56.00       2.391    
   57.00       2.260    
   58.00       2.155    
   59.00       2.081    
   60.00       2.039    
   61.00       2.028    
   62.00       2.048    
   63.00       2.092    
   64.00       2.155    
   65.00       2.229    
   66.00       2.304    
   67.00       2.370    
   68.00       2.418    
   69.00       2.440    
   70.00       2.430    
   71.00       2.387    
   72.00       2.311    
   73.00       2.208    
   74.00       2.083    
   75.00       1.944    
   76.00       1.800    
   77.00       1.658    
   78.00       1.525    
   79.00       1.404    
   80.00       1.298    
   81.00       1.208    
   82.00       1.133    
   83.00       1.072    
   84.00       1.022    
   85.00      0.9817    
   86.00      0.9477    
   87.00      0.9182    
   88.00      0.8911    
   89.00      0.8647    
   90.00      0.8376    
   91.00      0.8086    
   92.00      0.7772    
   93.00      0.7428    
   94.00      0.7056    
   95.00      0.6662    
   96.00      0.6253    
   97.00      0.5842    
   98.00      0.5440    
   99.00      0.5062    
   100.0      0.4719    
   101.0      0.4420    
   102.0      0.4170    
   103.0      0.3973    
   104.0      0.3825    
   105.0      0.3722    
   106.0      0.3656    
   107.0      0.3617    
   108.0      0.3596    
   109.0      0.3582    
   110.0      0.3569    
   111.0      0.3548    
   112.0      0.3517    
   113.0      0.3472    
   114.0      0.3414    
   115.0      0.3345    
   116.0      0.3268    
   117.0      0.3185    
   118.0      0.3102    
   119.0      0.3023    
   120.0      0.2950    
   121.0      0.2887    
   122.0      0.2836    
   123.0      0.2800    
   124.0      0.2778    
   125.0      0.2770    
   126.0      0.2777    
   127.0      0.2797    
   128.0      0.2829    
   129.0      0.2871    
   130.0      0.2922    
   131.0      0.2979    
   132.0      0.3040    
   133.0      0.3105    
   134.0      0.3171    
   135.0      0.3236    
   136.0      0.3300    
   137.0      0.3362    
   138.0      0.3421    
   139.0      0.3475    
   140.0      0.3525    
   141.0      0.3571    
   142.0      0.3612    
   143.0      0.3649    
   144.0      0.3682    
   145.0      0.3711    
   146.0      0.3737    
   147.0      0.3761    
   148.0      0.3783    
   149.0      0.3803    
   150.0      0.3823    
   151.0      0.3843    
   152.0      0.3864    
   153.0      0.3886    
   154.0      0.3909    
   155.0      0.3934    
   156.0      0.3961    
   157.0      0.3990    
   158.0      0.4022    
   159.0      0.4055    
   160.0      0.4091    
   161.0      0.4129    
   162.0      0.4168    
   163.0      0.4209    
   164.0      0.4250    
   165.0      0.4292    
   166.0      0.4334    
   167.0      0.4376    
   168.0      0.4417    
   169.0      0.4457    
   170.0      0.4495    
   171.0      0.4531    
   172.0      0.4565    
   173.0      0.4595    
   174.0      0.4622    
   175.0      0.4646    
   176.0      0.4666    
   177.0      0.4681    
   178.0      0.4692    
   179.0      0.4699    
   180.0      0.4702    
 END
