# 181 angles,  1 tensor ranks for 0=projectile
@subtitle   "7Li(d,p) @ 7.5AMeV ADWA (d) + KD (p)"                                          
@legend ON
@legend x1 0.2
@legend y1 0.8
@g0 type LOGY
@yaxis ticklabel format power
@legend string   0 "Lab energy =   14.5311"
#legend string   0 "Partition=  2 Excit=  5 near/far= 1"
#  Theta       sigma       iT11        T20         T21         T22         Kyy for projectile
   0.000       188.3    
   1.000       187.7    
   2.000       185.9    
   3.000       183.0    
   4.000       178.9    
   5.000       173.6    
   6.000       167.0    
   7.000       159.2    
   8.000       150.2    
   9.000       140.1    
   10.00       129.1    
   11.00       117.3    
   12.00       105.0    
   13.00       92.43    
   14.00       80.07    
   15.00       68.21    
   16.00       57.19    
   17.00       47.30    
   18.00       38.77    
   19.00       31.69    
   20.00       26.08    
   21.00       21.86    
   22.00       18.84    
   23.00       16.81    
   24.00       15.52    
   25.00       14.75    
   26.00       14.32    
   27.00       14.09    
   28.00       14.00    
   29.00       13.99    
   30.00       14.03    
   31.00       14.10    
   32.00       14.14    
   33.00       14.07    
   34.00       13.83    
   35.00       13.36    
   36.00       12.65    
   37.00       11.72    
   38.00       10.68    
   39.00       9.661    
   40.00       8.822    
   41.00       8.301    
   42.00       8.184    
   43.00       8.484    
   44.00       9.134    
   45.00       9.998    
   46.00       10.90    
   47.00       11.66    
   48.00       12.12    
   49.00       12.19    
   50.00       11.85    
   51.00       11.15    
   52.00       10.17    
   53.00       9.042    
   54.00       7.880    
   55.00       6.786    
   56.00       5.829    
   57.00       5.044    
   58.00       4.441    
   59.00       4.015    
   60.00       3.752    
   61.00       3.644    
   62.00       3.681    
   63.00       3.857    
   64.00       4.156    
   65.00       4.553    
   66.00       5.008    
   67.00       5.469    
   68.00       5.875    
   69.00       6.169    
   70.00       6.304    
   71.00       6.251    
   72.00       6.008    
   73.00       5.594    
   74.00       5.048    
   75.00       4.421    
   76.00       3.768    
   77.00       3.139    
   78.00       2.572    
   79.00       2.091    
   80.00       1.707    
   81.00       1.417    
   82.00       1.210    
   83.00       1.071    
   84.00      0.9860    
   85.00      0.9410    
   86.00      0.9264    
   87.00      0.9354    
   88.00      0.9627    
   89.00       1.004    
   90.00       1.054    
   91.00       1.106    
   92.00       1.152    
   93.00       1.185    
   94.00       1.198    
   95.00       1.185    
   96.00       1.144    
   97.00       1.077    
   98.00      0.9884    
   99.00      0.8849    
   100.0      0.7756    
   101.0      0.6698    
   102.0      0.5760    
   103.0      0.5006    
   104.0      0.4476    
   105.0      0.4182    
   106.0      0.4108    
   107.0      0.4217    
   108.0      0.4457    
   109.0      0.4770    
   110.0      0.5097    
   111.0      0.5388    
   112.0      0.5604    
   113.0      0.5721    
   114.0      0.5729    
   115.0      0.5632    
   116.0      0.5441    
   117.0      0.5179    
   118.0      0.4869    
   119.0      0.4536    
   120.0      0.4202    
   121.0      0.3887    
   122.0      0.3605    
   123.0      0.3365    
   124.0      0.3171    
   125.0      0.3025    
   126.0      0.2924    
   127.0      0.2865    
   128.0      0.2842    
   129.0      0.2850    
   130.0      0.2885    
   131.0      0.2943    
   132.0      0.3021    
   133.0      0.3116    
   134.0      0.3226    
   135.0      0.3350    
   136.0      0.3488    
   137.0      0.3638    
   138.0      0.3799    
   139.0      0.3969    
   140.0      0.4148    
   141.0      0.4333    
   142.0      0.4521    
   143.0      0.4711    
   144.0      0.4899    
   145.0      0.5084    
   146.0      0.5262    
   147.0      0.5431    
   148.0      0.5590    
   149.0      0.5737    
   150.0      0.5870    
   151.0      0.5989    
   152.0      0.6093    
   153.0      0.6183    
   154.0      0.6258    
   155.0      0.6319    
   156.0      0.6366    
   157.0      0.6401    
   158.0      0.6425    
   159.0      0.6439    
   160.0      0.6444    
   161.0      0.6441    
   162.0      0.6432    
   163.0      0.6418    
   164.0      0.6400    
   165.0      0.6378    
   166.0      0.6355    
   167.0      0.6330    
   168.0      0.6305    
   169.0      0.6280    
   170.0      0.6255    
   171.0      0.6232    
   172.0      0.6210    
   173.0      0.6190    
   174.0      0.6173    
   175.0      0.6157    
   176.0      0.6145    
   177.0      0.6135    
   178.0      0.6127    
   179.0      0.6123    
   180.0      0.6122    
 END
