# Fusion cross sections for ELAB=  14.531, ECM=  11.290
     0.5   34.58       35.20      0.6139    
     1.5   108.6       112.2       3.666    
     2.5   170.2       180.2       9.971    
     3.5   165.3       187.1       21.83    
     4.5   114.1       151.5       37.42    
     5.5   44.36       91.50       47.14    
     6.5  -7.643       39.07       46.72    
     7.5  -14.02       7.564       21.58    
     8.5  -6.555       1.326       7.881    
     9.5  -3.088      0.2510       3.339    
    10.5  -1.555      0.4888E-01   1.603    
    11.5  -1.074      0.9610E-02   1.084    
    12.5 -0.9315      0.1898E-02  0.9334    
    13.5 -0.6653      0.3773E-03  0.6656    
    14.5 -0.5562      0.7562E-04  0.5562    
    15.5 -0.5380      0.1533E-04  0.5380    
    16.5 -0.3394      0.3143E-05  0.3394    
    17.5 -0.1630      0.6485E-06  0.1630    
    18.5 -0.2018      0.1333E-06  0.2018    
    19.5 -0.1376      0.2686E-07  0.1376    
    20.5 -0.3195E-01  0.5216E-08  0.3195E-01
    21.5 -0.2386E-02  0.9609E-09  0.2386E-02
    22.5 -0.1838E-02  0.1660E-09  0.1838E-02
    23.5 -0.1233E-02  0.2661E-10  0.1233E-02
    24.5 -0.3619E-03  0.4368E-11  0.3619E-03
    25.5 -0.6264E-04  0.9300E-12  0.6264E-04
    26.5 -0.7303E-05  0.8915E-12  0.7303E-05
    27.5 -0.6157E-06  0.3852E-13  0.6157E-06
    28.5 -0.3924E-07 -0.2394E-12  0.3924E-07
    29.5 -0.1951E-08  0.2889E-12  0.1951E-08
    30.5 -0.7692E-10  0.5118E-12  0.7743E-10
    31.5 -0.2542E-11 -0.4402E-13  0.2498E-11
    32.5  0.2059E-12  0.2724E-12  0.6649E-13
    33.5  0.3259E-12  0.3274E-12  0.1478E-14
    34.5  0.1444E-12  0.1445E-12  0.2773E-16
    35.5  0.3467E-12  0.3467E-12  0.4432E-18
    36.5 -0.5090E-13 -0.5090E-13  0.6081E-20
    37.5 -0.1046E-12 -0.1046E-12  0.7215E-22
    38.5  0.2146E-12  0.2146E-12  0.7449E-24
    39.5 -0.1101E-12 -0.1101E-12  0.6740E-26
    40.5  0.2820E-12  0.2820E-12   0.000    
 &
