# 181 angles,  1 tensor ranks for 0=projectile
@subtitle   "7Li(d,p) @ 7.5AMeV ADWA (d) + KD (p)"                                          
@legend ON
@legend x1 0.2
@legend y1 0.8
@g0 type LOGY
@yaxis ticklabel format power
@xaxis label "Scattering angle (degrees)"
@yaxis label "Cross section (mb/sr)"
@legend string   0 "Partition=  1 Excit=  1 near/far= 1"
#legend string   0 "Lab energy =   14.5311"
@s0 linestyle   1
#  Theta       sigma       iT11        T20         T21         T22         Kyy for projectile
  0.1000E-01  0.1578E+16
   1.000      0.1553E+08
   2.000      0.9315E+06
   3.000      0.1736E+06
   4.000      0.5136E+05
   5.000      0.1969E+05
   6.000       9021.    
   7.000       4771.    
   8.000       2869.    
   9.000       1941.    
   10.00       1454.    
   11.00       1181.    
   12.00       1016.    
   13.00       909.0    
   14.00       833.0    
   15.00       774.1    
   16.00       724.6    
   17.00       680.3    
   18.00       639.1    
   19.00       599.5    
   20.00       561.1    
   21.00       523.5    
   22.00       486.8    
   23.00       450.8    
   24.00       415.8    
   25.00       381.8    
   26.00       349.1    
   27.00       317.6    
   28.00       287.6    
   29.00       259.1    
   30.00       232.3    
   31.00       207.0    
   32.00       183.5    
   33.00       161.7    
   34.00       141.6    
   35.00       123.1    
   36.00       106.3    
   37.00       91.12    
   38.00       77.46    
   39.00       65.26    
   40.00       54.45    
   41.00       44.95    
   42.00       36.66    
   43.00       29.51    
   44.00       23.40    
   45.00       18.23    
   46.00       13.92    
   47.00       10.37    
   48.00       7.512    
   49.00       5.251    
   50.00       3.512    
   51.00       2.223    
   52.00       1.315    
   53.00      0.7271    
   54.00      0.4011    
   55.00      0.2857    
   56.00      0.3346    
   57.00      0.5070    
   58.00      0.7670    
   59.00       1.084    
   60.00       1.432    
   61.00       1.788    
   62.00       2.136    
   63.00       2.462    
   64.00       2.753    
   65.00       3.003    
   66.00       3.206    
   67.00       3.360    
   68.00       3.464    
   69.00       3.518    
   70.00       3.524    
   71.00       3.485    
   72.00       3.406    
   73.00       3.291    
   74.00       3.145    
   75.00       2.972    
   76.00       2.779    
   77.00       2.571    
   78.00       2.351    
   79.00       2.126    
   80.00       1.899    
   81.00       1.675    
   82.00       1.457    
   83.00       1.249    
   84.00       1.053    
   85.00      0.8723    
   86.00      0.7080    
   87.00      0.5621    
   88.00      0.4357    
   89.00      0.3297    
   90.00      0.2447    
   91.00      0.1808    
   92.00      0.1381    
   93.00      0.1163    
   94.00      0.1149    
   95.00      0.1333    
   96.00      0.1706    
   97.00      0.2260    
   98.00      0.2983    
   99.00      0.3865    
   100.0      0.4892    
   101.0      0.6052    
   102.0      0.7331    
   103.0      0.8713    
   104.0       1.019    
   105.0       1.173    
   106.0       1.334    
   107.0       1.499    
   108.0       1.666    
   109.0       1.834    
   110.0       2.002    
   111.0       2.168    
   112.0       2.330    
   113.0       2.486    
   114.0       2.635    
   115.0       2.775    
   116.0       2.905    
   117.0       3.024    
   118.0       3.129    
   119.0       3.221    
   120.0       3.297    
   121.0       3.356    
   122.0       3.399    
   123.0       3.423    
   124.0       3.429    
   125.0       3.417    
   126.0       3.386    
   127.0       3.336    
   128.0       3.269    
   129.0       3.184    
   130.0       3.082    
   131.0       2.965    
   132.0       2.833    
   133.0       2.689    
   134.0       2.535    
   135.0       2.371    
   136.0       2.201    
   137.0       2.026    
   138.0       1.849    
   139.0       1.673    
   140.0       1.501    
   141.0       1.334    
   142.0       1.175    
   143.0       1.027    
   144.0      0.8934    
   145.0      0.7754    
   146.0      0.6755    
   147.0      0.5960    
   148.0      0.5386    
   149.0      0.5050    
   150.0      0.4965    
   151.0      0.5141    
   152.0      0.5585    
   153.0      0.6301    
   154.0      0.7289    
   155.0      0.8546    
   156.0       1.006    
   157.0       1.183    
   158.0       1.384    
   159.0       1.606    
   160.0       1.849    
   161.0       2.108    
   162.0       2.383    
   163.0       2.669    
   164.0       2.964    
   165.0       3.264    
   166.0       3.567    
   167.0       3.868    
   168.0       4.164    
   169.0       4.452    
   170.0       4.729    
   171.0       4.990    
   172.0       5.234    
   173.0       5.456    
   174.0       5.654    
   175.0       5.826    
   176.0       5.970    
   177.0       6.084    
   178.0       6.166    
   179.0       6.216    
   180.0       6.233    
 END
@legend string   1 "Partition=  2 Excit=  1 near/far= 1"
#legend string   0 "Lab energy =   14.5311"
@s1 linestyle   2
#  Theta       sigma       iT11        T20         T21         T22         Kyy for projectile
   0.000       29.51    
   1.000       29.51    
   2.000       29.52    
   3.000       29.52    
   4.000       29.52    
   5.000       29.50    
   6.000       29.44    
   7.000       29.35    
   8.000       29.20    
   9.000       28.98    
   10.00       28.68    
   11.00       28.30    
   12.00       27.82    
   13.00       27.25    
   14.00       26.58    
   15.00       25.81    
   16.00       24.96    
   17.00       24.01    
   18.00       22.99    
   19.00       21.91    
   20.00       20.78    
   21.00       19.60    
   22.00       18.40    
   23.00       17.19    
   24.00       15.98    
   25.00       14.78    
   26.00       13.60    
   27.00       12.46    
   28.00       11.36    
   29.00       10.30    
   30.00       9.310    
   31.00       8.375    
   32.00       7.504    
   33.00       6.698    
   34.00       5.959    
   35.00       5.287    
   36.00       4.681    
   37.00       4.139    
   38.00       3.660    
   39.00       3.241    
   40.00       2.878    
   41.00       2.569    
   42.00       2.309    
   43.00       2.095    
   44.00       1.923    
   45.00       1.789    
   46.00       1.688    
   47.00       1.617    
   48.00       1.571    
   49.00       1.546    
   50.00       1.540    
   51.00       1.548    
   52.00       1.568    
   53.00       1.597    
   54.00       1.631    
   55.00       1.670    
   56.00       1.710    
   57.00       1.751    
   58.00       1.790    
   59.00       1.826    
   60.00       1.858    
   61.00       1.886    
   62.00       1.909    
   63.00       1.926    
   64.00       1.937    
   65.00       1.941    
   66.00       1.939    
   67.00       1.930    
   68.00       1.915    
   69.00       1.894    
   70.00       1.867    
   71.00       1.835    
   72.00       1.797    
   73.00       1.756    
   74.00       1.710    
   75.00       1.662    
   76.00       1.610    
   77.00       1.557    
   78.00       1.502    
   79.00       1.446    
   80.00       1.390    
   81.00       1.333    
   82.00       1.277    
   83.00       1.221    
   84.00       1.167    
   85.00       1.114    
   86.00       1.063    
   87.00       1.014    
   88.00      0.9666    
   89.00      0.9218    
   90.00      0.8795    
   91.00      0.8397    
   92.00      0.8026    
   93.00      0.7681    
   94.00      0.7364    
   95.00      0.7075    
   96.00      0.6812    
   97.00      0.6575    
   98.00      0.6363    
   99.00      0.6176    
   100.0      0.6012    
   101.0      0.5871    
   102.0      0.5749    
   103.0      0.5647    
   104.0      0.5562    
   105.0      0.5494    
   106.0      0.5440    
   107.0      0.5399    
   108.0      0.5369    
   109.0      0.5349    
   110.0      0.5338    
   111.0      0.5335    
   112.0      0.5338    
   113.0      0.5346    
   114.0      0.5358    
   115.0      0.5374    
   116.0      0.5392    
   117.0      0.5412    
   118.0      0.5434    
   119.0      0.5456    
   120.0      0.5479    
   121.0      0.5502    
   122.0      0.5525    
   123.0      0.5547    
   124.0      0.5569    
   125.0      0.5591    
   126.0      0.5613    
   127.0      0.5635    
   128.0      0.5657    
   129.0      0.5678    
   130.0      0.5701    
   131.0      0.5724    
   132.0      0.5749    
   133.0      0.5774    
   134.0      0.5802    
   135.0      0.5831    
   136.0      0.5862    
   137.0      0.5896    
   138.0      0.5933    
   139.0      0.5972    
   140.0      0.6015    
   141.0      0.6061    
   142.0      0.6110    
   143.0      0.6163    
   144.0      0.6219    
   145.0      0.6279    
   146.0      0.6341    
   147.0      0.6407    
   148.0      0.6477    
   149.0      0.6549    
   150.0      0.6623    
   151.0      0.6700    
   152.0      0.6780    
   153.0      0.6861    
   154.0      0.6943    
   155.0      0.7027    
   156.0      0.7112    
   157.0      0.7197    
   158.0      0.7282    
   159.0      0.7366    
   160.0      0.7450    
   161.0      0.7533    
   162.0      0.7614    
   163.0      0.7693    
   164.0      0.7769    
   165.0      0.7844    
   166.0      0.7915    
   167.0      0.7982    
   168.0      0.8046    
   169.0      0.8106    
   170.0      0.8162    
   171.0      0.8213    
   172.0      0.8260    
   173.0      0.8301    
   174.0      0.8337    
   175.0      0.8368    
   176.0      0.8394    
   177.0      0.8414    
   178.0      0.8428    
   179.0      0.8437    
   180.0      0.8440    
 END
@legend string   2 "Partition=  2 Excit=  2 near/far= 1"
#legend string   0 "Lab energy =   14.5311"
@s2 linestyle   3
#  Theta       sigma       iT11        T20         T21         T22         Kyy for projectile
   0.000       22.86    
   1.000       22.84    
   2.000       22.76    
   3.000       22.63    
   4.000       22.45    
   5.000       22.21    
   6.000       21.92    
   7.000       21.56    
   8.000       21.16    
   9.000       20.69    
   10.00       20.17    
   11.00       19.59    
   12.00       18.95    
   13.00       18.27    
   14.00       17.54    
   15.00       16.77    
   16.00       15.97    
   17.00       15.14    
   18.00       14.30    
   19.00       13.44    
   20.00       12.58    
   21.00       11.73    
   22.00       10.90    
   23.00       10.08    
   24.00       9.290    
   25.00       8.534    
   26.00       7.813    
   27.00       7.132    
   28.00       6.493    
   29.00       5.895    
   30.00       5.341    
   31.00       4.828    
   32.00       4.357    
   33.00       3.925    
   34.00       3.533    
   35.00       3.178    
   36.00       2.858    
   37.00       2.573    
   38.00       2.320    
   39.00       2.098    
   40.00       1.906    
   41.00       1.741    
   42.00       1.602    
   43.00       1.486    
   44.00       1.392    
   45.00       1.318    
   46.00       1.260    
   47.00       1.216    
   48.00       1.185    
   49.00       1.164    
   50.00       1.150    
   51.00       1.143    
   52.00       1.140    
   53.00       1.141    
   54.00       1.144    
   55.00       1.148    
   56.00       1.153    
   57.00       1.158    
   58.00       1.163    
   59.00       1.168    
   60.00       1.171    
   61.00       1.173    
   62.00       1.173    
   63.00       1.171    
   64.00       1.167    
   65.00       1.161    
   66.00       1.151    
   67.00       1.138    
   68.00       1.123    
   69.00       1.104    
   70.00       1.082    
   71.00       1.057    
   72.00       1.030    
   73.00       1.000    
   74.00      0.9689    
   75.00      0.9360    
   76.00      0.9019    
   77.00      0.8672    
   78.00      0.8321    
   79.00      0.7969    
   80.00      0.7620    
   81.00      0.7276    
   82.00      0.6937    
   83.00      0.6607    
   84.00      0.6285    
   85.00      0.5973    
   86.00      0.5671    
   87.00      0.5381    
   88.00      0.5102    
   89.00      0.4835    
   90.00      0.4580    
   91.00      0.4339    
   92.00      0.4111    
   93.00      0.3897    
   94.00      0.3698    
   95.00      0.3513    
   96.00      0.3342    
   97.00      0.3187    
   98.00      0.3046    
   99.00      0.2919    
   100.0      0.2807    
   101.0      0.2708    
   102.0      0.2621    
   103.0      0.2546    
   104.0      0.2483    
   105.0      0.2429    
   106.0      0.2384    
   107.0      0.2348    
   108.0      0.2319    
   109.0      0.2297    
   110.0      0.2280    
   111.0      0.2269    
   112.0      0.2261    
   113.0      0.2258    
   114.0      0.2258    
   115.0      0.2261    
   116.0      0.2266    
   117.0      0.2273    
   118.0      0.2282    
   119.0      0.2292    
   120.0      0.2304    
   121.0      0.2317    
   122.0      0.2330    
   123.0      0.2344    
   124.0      0.2359    
   125.0      0.2374    
   126.0      0.2389    
   127.0      0.2404    
   128.0      0.2419    
   129.0      0.2435    
   130.0      0.2450    
   131.0      0.2466    
   132.0      0.2481    
   133.0      0.2497    
   134.0      0.2513    
   135.0      0.2529    
   136.0      0.2546    
   137.0      0.2564    
   138.0      0.2582    
   139.0      0.2600    
   140.0      0.2620    
   141.0      0.2641    
   142.0      0.2663    
   143.0      0.2687    
   144.0      0.2711    
   145.0      0.2738    
   146.0      0.2765    
   147.0      0.2795    
   148.0      0.2826    
   149.0      0.2858    
   150.0      0.2892    
   151.0      0.2928    
   152.0      0.2964    
   153.0      0.3003    
   154.0      0.3042    
   155.0      0.3082    
   156.0      0.3123    
   157.0      0.3165    
   158.0      0.3208    
   159.0      0.3250    
   160.0      0.3293    
   161.0      0.3336    
   162.0      0.3378    
   163.0      0.3420    
   164.0      0.3460    
   165.0      0.3500    
   166.0      0.3539    
   167.0      0.3576    
   168.0      0.3611    
   169.0      0.3644    
   170.0      0.3675    
   171.0      0.3704    
   172.0      0.3730    
   173.0      0.3754    
   174.0      0.3774    
   175.0      0.3792    
   176.0      0.3807    
   177.0      0.3818    
   178.0      0.3826    
   179.0      0.3831    
   180.0      0.3833    
 END
@legend string   3 "Partition=  2 Excit=  3 near/far= 1"
#legend string   0 "Lab energy =   14.5311"
@s3 linestyle   4
#  Theta       sigma       iT11        T20         T21         T22         Kyy for projectile
   0.000       61.66    
   1.000       61.55    
   2.000       61.21    
   3.000       60.64    
   4.000       59.83    
   5.000       58.80    
   6.000       57.53    
   7.000       56.02    
   8.000       54.28    
   9.000       52.32    
   10.00       50.15    
   11.00       47.78    
   12.00       45.23    
   13.00       42.55    
   14.00       39.77    
   15.00       36.93    
   16.00       34.07    
   17.00       31.26    
   18.00       28.53    
   19.00       25.94    
   20.00       23.51    
   21.00       21.28    
   22.00       19.26    
   23.00       17.46    
   24.00       15.87    
   25.00       14.49    
   26.00       13.29    
   27.00       12.25    
   28.00       11.34    
   29.00       10.54    
   30.00       9.817    
   31.00       9.156    
   32.00       8.536    
   33.00       7.943    
   34.00       7.368    
   35.00       6.806    
   36.00       6.261    
   37.00       5.736    
   38.00       5.242    
   39.00       4.789    
   40.00       4.388    
   41.00       4.049    
   42.00       3.776    
   43.00       3.570    
   44.00       3.424    
   45.00       3.329    
   46.00       3.271    
   47.00       3.235    
   48.00       3.207    
   49.00       3.174    
   50.00       3.128    
   51.00       3.064    
   52.00       2.984    
   53.00       2.889    
   54.00       2.786    
   55.00       2.681    
   56.00       2.580    
   57.00       2.490    
   58.00       2.416    
   59.00       2.361    
   60.00       2.325    
   61.00       2.309    
   62.00       2.312    
   63.00       2.329    
   64.00       2.356    
   65.00       2.387    
   66.00       2.417    
   67.00       2.438    
   68.00       2.447    
   69.00       2.437    
   70.00       2.406    
   71.00       2.354    
   72.00       2.282    
   73.00       2.192    
   74.00       2.088    
   75.00       1.976    
   76.00       1.859    
   77.00       1.743    
   78.00       1.631    
   79.00       1.527    
   80.00       1.431    
   81.00       1.346    
   82.00       1.271    
   83.00       1.205    
   84.00       1.147    
   85.00       1.096    
   86.00       1.050    
   87.00       1.007    
   88.00      0.9662    
   89.00      0.9267    
   90.00      0.8874    
   91.00      0.8477    
   92.00      0.8073    
   93.00      0.7661    
   94.00      0.7244    
   95.00      0.6827    
   96.00      0.6417    
   97.00      0.6021    
   98.00      0.5646    
   99.00      0.5300    
   100.0      0.4989    
   101.0      0.4716    
   102.0      0.4484    
   103.0      0.4292    
   104.0      0.4138    
   105.0      0.4018    
   106.0      0.3926    
   107.0      0.3857    
   108.0      0.3803    
   109.0      0.3760    
   110.0      0.3722    
   111.0      0.3685    
   112.0      0.3647    
   113.0      0.3605    
   114.0      0.3560    
   115.0      0.3512    
   116.0      0.3462    
   117.0      0.3412    
   118.0      0.3364    
   119.0      0.3320    
   120.0      0.3281    
   121.0      0.3251    
   122.0      0.3229    
   123.0      0.3216    
   124.0      0.3214    
   125.0      0.3222    
   126.0      0.3239    
   127.0      0.3265    
   128.0      0.3298    
   129.0      0.3339    
   130.0      0.3385    
   131.0      0.3436    
   132.0      0.3490    
   133.0      0.3545    
   134.0      0.3601    
   135.0      0.3657    
   136.0      0.3712    
   137.0      0.3766    
   138.0      0.3817    
   139.0      0.3865    
   140.0      0.3911    
   141.0      0.3955    
   142.0      0.3995    
   143.0      0.4034    
   144.0      0.4070    
   145.0      0.4105    
   146.0      0.4139    
   147.0      0.4172    
   148.0      0.4205    
   149.0      0.4238    
   150.0      0.4272    
   151.0      0.4307    
   152.0      0.4344    
   153.0      0.4382    
   154.0      0.4422    
   155.0      0.4464    
   156.0      0.4509    
   157.0      0.4555    
   158.0      0.4604    
   159.0      0.4654    
   160.0      0.4706    
   161.0      0.4759    
   162.0      0.4813    
   163.0      0.4868    
   164.0      0.4922    
   165.0      0.4977    
   166.0      0.5031    
   167.0      0.5083    
   168.0      0.5134    
   169.0      0.5183    
   170.0      0.5229    
   171.0      0.5272    
   172.0      0.5312    
   173.0      0.5348    
   174.0      0.5380    
   175.0      0.5408    
   176.0      0.5430    
   177.0      0.5449    
   178.0      0.5462    
   179.0      0.5469    
   180.0      0.5472    
 END
@legend string   4 "Partition=  2 Excit=  4 near/far= 1"
#legend string   0 "Lab energy =   14.5311"
@s4 linestyle   5
#  Theta       sigma       iT11        T20         T21         T22         Kyy for projectile
   0.000       64.31    
   1.000       64.18    
   2.000       63.80    
   3.000       63.16    
   4.000       62.25    
   5.000       61.08    
   6.000       59.62    
   7.000       57.88    
   8.000       55.86    
   9.000       53.57    
   10.00       51.01    
   11.00       48.22    
   12.00       45.22    
   13.00       42.06    
   14.00       38.80    
   15.00       35.51    
   16.00       32.24    
   17.00       29.08    
   18.00       26.07    
   19.00       23.29    
   20.00       20.77    
   21.00       18.53    
   22.00       16.59    
   23.00       14.93    
   24.00       13.55    
   25.00       12.41    
   26.00       11.47    
   27.00       10.70    
   28.00       10.06    
   29.00       9.510    
   30.00       9.026    
   31.00       8.576    
   32.00       8.137    
   33.00       7.692    
   34.00       7.228    
   35.00       6.739    
   36.00       6.229    
   37.00       5.709    
   38.00       5.197    
   39.00       4.713    
   40.00       4.282    
   41.00       3.921    
   42.00       3.644    
   43.00       3.453    
   44.00       3.342    
   45.00       3.294    
   46.00       3.288    
   47.00       3.298    
   48.00       3.303    
   49.00       3.283    
   50.00       3.229    
   51.00       3.138    
   52.00       3.014    
   53.00       2.865    
   54.00       2.703    
   55.00       2.542    
   56.00       2.391    
   57.00       2.260    
   58.00       2.155    
   59.00       2.081    
   60.00       2.039    
   61.00       2.028    
   62.00       2.048    
   63.00       2.092    
   64.00       2.155    
   65.00       2.229    
   66.00       2.304    
   67.00       2.370    
   68.00       2.418    
   69.00       2.440    
   70.00       2.430    
   71.00       2.387    
   72.00       2.311    
   73.00       2.208    
   74.00       2.083    
   75.00       1.944    
   76.00       1.800    
   77.00       1.658    
   78.00       1.525    
   79.00       1.404    
   80.00       1.298    
   81.00       1.208    
   82.00       1.133    
   83.00       1.072    
   84.00       1.022    
   85.00      0.9817    
   86.00      0.9477    
   87.00      0.9182    
   88.00      0.8911    
   89.00      0.8647    
   90.00      0.8376    
   91.00      0.8086    
   92.00      0.7772    
   93.00      0.7428    
   94.00      0.7056    
   95.00      0.6662    
   96.00      0.6253    
   97.00      0.5842    
   98.00      0.5440    
   99.00      0.5062    
   100.0      0.4719    
   101.0      0.4420    
   102.0      0.4170    
   103.0      0.3973    
   104.0      0.3825    
   105.0      0.3722    
   106.0      0.3656    
   107.0      0.3617    
   108.0      0.3596    
   109.0      0.3582    
   110.0      0.3569    
   111.0      0.3548    
   112.0      0.3517    
   113.0      0.3472    
   114.0      0.3414    
   115.0      0.3345    
   116.0      0.3268    
   117.0      0.3185    
   118.0      0.3102    
   119.0      0.3023    
   120.0      0.2950    
   121.0      0.2887    
   122.0      0.2836    
   123.0      0.2800    
   124.0      0.2778    
   125.0      0.2770    
   126.0      0.2777    
   127.0      0.2797    
   128.0      0.2829    
   129.0      0.2871    
   130.0      0.2922    
   131.0      0.2979    
   132.0      0.3040    
   133.0      0.3105    
   134.0      0.3171    
   135.0      0.3236    
   136.0      0.3300    
   137.0      0.3362    
   138.0      0.3421    
   139.0      0.3475    
   140.0      0.3525    
   141.0      0.3571    
   142.0      0.3612    
   143.0      0.3649    
   144.0      0.3682    
   145.0      0.3711    
   146.0      0.3737    
   147.0      0.3761    
   148.0      0.3783    
   149.0      0.3803    
   150.0      0.3823    
   151.0      0.3843    
   152.0      0.3864    
   153.0      0.3886    
   154.0      0.3909    
   155.0      0.3934    
   156.0      0.3961    
   157.0      0.3990    
   158.0      0.4022    
   159.0      0.4055    
   160.0      0.4091    
   161.0      0.4129    
   162.0      0.4168    
   163.0      0.4209    
   164.0      0.4250    
   165.0      0.4292    
   166.0      0.4334    
   167.0      0.4376    
   168.0      0.4417    
   169.0      0.4457    
   170.0      0.4495    
   171.0      0.4531    
   172.0      0.4565    
   173.0      0.4595    
   174.0      0.4622    
   175.0      0.4646    
   176.0      0.4666    
   177.0      0.4681    
   178.0      0.4692    
   179.0      0.4699    
   180.0      0.4702    
 END
@legend string   5 "Partition=  2 Excit=  5 near/far= 1"
#legend string   0 "Lab energy =   14.5311"
@s5 linestyle   1
#  Theta       sigma       iT11        T20         T21         T22         Kyy for projectile
   0.000       188.3    
   1.000       187.7    
   2.000       185.9    
   3.000       183.0    
   4.000       178.9    
   5.000       173.6    
   6.000       167.0    
   7.000       159.2    
   8.000       150.2    
   9.000       140.1    
   10.00       129.1    
   11.00       117.3    
   12.00       105.0    
   13.00       92.43    
   14.00       80.07    
   15.00       68.21    
   16.00       57.19    
   17.00       47.30    
   18.00       38.77    
   19.00       31.69    
   20.00       26.08    
   21.00       21.86    
   22.00       18.84    
   23.00       16.81    
   24.00       15.52    
   25.00       14.75    
   26.00       14.32    
   27.00       14.09    
   28.00       14.00    
   29.00       13.99    
   30.00       14.03    
   31.00       14.10    
   32.00       14.14    
   33.00       14.07    
   34.00       13.83    
   35.00       13.36    
   36.00       12.65    
   37.00       11.72    
   38.00       10.68    
   39.00       9.661    
   40.00       8.822    
   41.00       8.301    
   42.00       8.184    
   43.00       8.484    
   44.00       9.134    
   45.00       9.998    
   46.00       10.90    
   47.00       11.66    
   48.00       12.12    
   49.00       12.19    
   50.00       11.85    
   51.00       11.15    
   52.00       10.17    
   53.00       9.042    
   54.00       7.880    
   55.00       6.786    
   56.00       5.829    
   57.00       5.044    
   58.00       4.441    
   59.00       4.015    
   60.00       3.752    
   61.00       3.644    
   62.00       3.681    
   63.00       3.857    
   64.00       4.156    
   65.00       4.553    
   66.00       5.008    
   67.00       5.469    
   68.00       5.875    
   69.00       6.169    
   70.00       6.304    
   71.00       6.251    
   72.00       6.008    
   73.00       5.594    
   74.00       5.048    
   75.00       4.421    
   76.00       3.768    
   77.00       3.139    
   78.00       2.572    
   79.00       2.091    
   80.00       1.707    
   81.00       1.417    
   82.00       1.210    
   83.00       1.071    
   84.00      0.9860    
   85.00      0.9410    
   86.00      0.9264    
   87.00      0.9354    
   88.00      0.9627    
   89.00       1.004    
   90.00       1.054    
   91.00       1.106    
   92.00       1.152    
   93.00       1.185    
   94.00       1.198    
   95.00       1.185    
   96.00       1.144    
   97.00       1.077    
   98.00      0.9884    
   99.00      0.8849    
   100.0      0.7756    
   101.0      0.6698    
   102.0      0.5760    
   103.0      0.5006    
   104.0      0.4476    
   105.0      0.4182    
   106.0      0.4108    
   107.0      0.4217    
   108.0      0.4457    
   109.0      0.4770    
   110.0      0.5097    
   111.0      0.5388    
   112.0      0.5604    
   113.0      0.5721    
   114.0      0.5729    
   115.0      0.5632    
   116.0      0.5441    
   117.0      0.5179    
   118.0      0.4869    
   119.0      0.4536    
   120.0      0.4202    
   121.0      0.3887    
   122.0      0.3605    
   123.0      0.3365    
   124.0      0.3171    
   125.0      0.3025    
   126.0      0.2924    
   127.0      0.2865    
   128.0      0.2842    
   129.0      0.2850    
   130.0      0.2885    
   131.0      0.2943    
   132.0      0.3021    
   133.0      0.3116    
   134.0      0.3226    
   135.0      0.3350    
   136.0      0.3488    
   137.0      0.3638    
   138.0      0.3799    
   139.0      0.3969    
   140.0      0.4148    
   141.0      0.4333    
   142.0      0.4521    
   143.0      0.4711    
   144.0      0.4899    
   145.0      0.5084    
   146.0      0.5262    
   147.0      0.5431    
   148.0      0.5590    
   149.0      0.5737    
   150.0      0.5870    
   151.0      0.5989    
   152.0      0.6093    
   153.0      0.6183    
   154.0      0.6258    
   155.0      0.6319    
   156.0      0.6366    
   157.0      0.6401    
   158.0      0.6425    
   159.0      0.6439    
   160.0      0.6444    
   161.0      0.6441    
   162.0      0.6432    
   163.0      0.6418    
   164.0      0.6400    
   165.0      0.6378    
   166.0      0.6355    
   167.0      0.6330    
   168.0      0.6305    
   169.0      0.6280    
   170.0      0.6255    
   171.0      0.6232    
   172.0      0.6210    
   173.0      0.6190    
   174.0      0.6173    
   175.0      0.6157    
   176.0      0.6145    
   177.0      0.6135    
   178.0      0.6127    
   179.0      0.6123    
   180.0      0.6122    
 END
