# 181 angles,  1 tensor ranks for 0=projectile
@subtitle   "7Li(d,p) @ 7.5AMeV ADWA (d) + KD (p)"                                          
@legend ON
@legend x1 0.2
@legend y1 0.8
@g0 type LOGY
@yaxis ticklabel format power
@legend string   0 "Lab energy =   14.5311"
#legend string   0 "Partition=  2 Excit=  3 near/far= 1"
#  Theta       sigma       iT11        T20         T21         T22         Kyy for projectile
   0.000       61.66    
   1.000       61.55    
   2.000       61.21    
   3.000       60.64    
   4.000       59.83    
   5.000       58.80    
   6.000       57.53    
   7.000       56.02    
   8.000       54.28    
   9.000       52.32    
   10.00       50.15    
   11.00       47.78    
   12.00       45.23    
   13.00       42.55    
   14.00       39.77    
   15.00       36.93    
   16.00       34.07    
   17.00       31.26    
   18.00       28.53    
   19.00       25.94    
   20.00       23.51    
   21.00       21.28    
   22.00       19.26    
   23.00       17.46    
   24.00       15.87    
   25.00       14.49    
   26.00       13.29    
   27.00       12.25    
   28.00       11.34    
   29.00       10.54    
   30.00       9.817    
   31.00       9.156    
   32.00       8.536    
   33.00       7.943    
   34.00       7.368    
   35.00       6.806    
   36.00       6.261    
   37.00       5.736    
   38.00       5.242    
   39.00       4.789    
   40.00       4.388    
   41.00       4.049    
   42.00       3.776    
   43.00       3.570    
   44.00       3.424    
   45.00       3.329    
   46.00       3.271    
   47.00       3.235    
   48.00       3.207    
   49.00       3.174    
   50.00       3.128    
   51.00       3.064    
   52.00       2.984    
   53.00       2.889    
   54.00       2.786    
   55.00       2.681    
   56.00       2.580    
   57.00       2.490    
   58.00       2.416    
   59.00       2.361    
   60.00       2.325    
   61.00       2.309    
   62.00       2.312    
   63.00       2.329    
   64.00       2.356    
   65.00       2.387    
   66.00       2.417    
   67.00       2.438    
   68.00       2.447    
   69.00       2.437    
   70.00       2.406    
   71.00       2.354    
   72.00       2.282    
   73.00       2.192    
   74.00       2.088    
   75.00       1.976    
   76.00       1.859    
   77.00       1.743    
   78.00       1.631    
   79.00       1.527    
   80.00       1.431    
   81.00       1.346    
   82.00       1.271    
   83.00       1.205    
   84.00       1.147    
   85.00       1.096    
   86.00       1.050    
   87.00       1.007    
   88.00      0.9662    
   89.00      0.9267    
   90.00      0.8874    
   91.00      0.8477    
   92.00      0.8073    
   93.00      0.7661    
   94.00      0.7244    
   95.00      0.6827    
   96.00      0.6417    
   97.00      0.6021    
   98.00      0.5646    
   99.00      0.5300    
   100.0      0.4989    
   101.0      0.4716    
   102.0      0.4484    
   103.0      0.4292    
   104.0      0.4138    
   105.0      0.4018    
   106.0      0.3926    
   107.0      0.3857    
   108.0      0.3803    
   109.0      0.3760    
   110.0      0.3722    
   111.0      0.3685    
   112.0      0.3647    
   113.0      0.3605    
   114.0      0.3560    
   115.0      0.3512    
   116.0      0.3462    
   117.0      0.3412    
   118.0      0.3364    
   119.0      0.3320    
   120.0      0.3281    
   121.0      0.3251    
   122.0      0.3229    
   123.0      0.3216    
   124.0      0.3214    
   125.0      0.3222    
   126.0      0.3239    
   127.0      0.3265    
   128.0      0.3298    
   129.0      0.3339    
   130.0      0.3385    
   131.0      0.3436    
   132.0      0.3490    
   133.0      0.3545    
   134.0      0.3601    
   135.0      0.3657    
   136.0      0.3712    
   137.0      0.3766    
   138.0      0.3817    
   139.0      0.3865    
   140.0      0.3911    
   141.0      0.3955    
   142.0      0.3995    
   143.0      0.4034    
   144.0      0.4070    
   145.0      0.4105    
   146.0      0.4139    
   147.0      0.4172    
   148.0      0.4205    
   149.0      0.4238    
   150.0      0.4272    
   151.0      0.4307    
   152.0      0.4344    
   153.0      0.4382    
   154.0      0.4422    
   155.0      0.4464    
   156.0      0.4509    
   157.0      0.4555    
   158.0      0.4604    
   159.0      0.4654    
   160.0      0.4706    
   161.0      0.4759    
   162.0      0.4813    
   163.0      0.4868    
   164.0      0.4922    
   165.0      0.4977    
   166.0      0.5031    
   167.0      0.5083    
   168.0      0.5134    
   169.0      0.5183    
   170.0      0.5229    
   171.0      0.5272    
   172.0      0.5312    
   173.0      0.5348    
   174.0      0.5380    
   175.0      0.5408    
   176.0      0.5430    
   177.0      0.5449    
   178.0      0.5462    
   179.0      0.5469    
   180.0      0.5472    
 END
