# 181 angles,  1 tensor ranks for 0=projectile
@subtitle   "7Li(d,p) @ 7.5AMeV ADWA (d) + KD (p)"                                          
@legend ON
@legend x1 0.2
@legend y1 0.8
@g0 type LOGY
@yaxis ticklabel format power
@legend string   0 "Lab energy =   14.5311"
#legend string   0 "Partition=  2 Excit=  2 near/far= 1"
#  Theta       sigma       iT11        T20         T21         T22         Kyy for projectile
   0.000       22.86    
   1.000       22.84    
   2.000       22.76    
   3.000       22.63    
   4.000       22.45    
   5.000       22.21    
   6.000       21.92    
   7.000       21.56    
   8.000       21.16    
   9.000       20.69    
   10.00       20.17    
   11.00       19.59    
   12.00       18.95    
   13.00       18.27    
   14.00       17.54    
   15.00       16.77    
   16.00       15.97    
   17.00       15.14    
   18.00       14.30    
   19.00       13.44    
   20.00       12.58    
   21.00       11.73    
   22.00       10.90    
   23.00       10.08    
   24.00       9.290    
   25.00       8.534    
   26.00       7.813    
   27.00       7.132    
   28.00       6.493    
   29.00       5.895    
   30.00       5.341    
   31.00       4.828    
   32.00       4.357    
   33.00       3.925    
   34.00       3.533    
   35.00       3.178    
   36.00       2.858    
   37.00       2.573    
   38.00       2.320    
   39.00       2.098    
   40.00       1.906    
   41.00       1.741    
   42.00       1.602    
   43.00       1.486    
   44.00       1.392    
   45.00       1.318    
   46.00       1.260    
   47.00       1.216    
   48.00       1.185    
   49.00       1.164    
   50.00       1.150    
   51.00       1.143    
   52.00       1.140    
   53.00       1.141    
   54.00       1.144    
   55.00       1.148    
   56.00       1.153    
   57.00       1.158    
   58.00       1.163    
   59.00       1.168    
   60.00       1.171    
   61.00       1.173    
   62.00       1.173    
   63.00       1.171    
   64.00       1.167    
   65.00       1.161    
   66.00       1.151    
   67.00       1.138    
   68.00       1.123    
   69.00       1.104    
   70.00       1.082    
   71.00       1.057    
   72.00       1.030    
   73.00       1.000    
   74.00      0.9689    
   75.00      0.9360    
   76.00      0.9019    
   77.00      0.8672    
   78.00      0.8321    
   79.00      0.7969    
   80.00      0.7620    
   81.00      0.7276    
   82.00      0.6937    
   83.00      0.6607    
   84.00      0.6285    
   85.00      0.5973    
   86.00      0.5671    
   87.00      0.5381    
   88.00      0.5102    
   89.00      0.4835    
   90.00      0.4580    
   91.00      0.4339    
   92.00      0.4111    
   93.00      0.3897    
   94.00      0.3698    
   95.00      0.3513    
   96.00      0.3342    
   97.00      0.3187    
   98.00      0.3046    
   99.00      0.2919    
   100.0      0.2807    
   101.0      0.2708    
   102.0      0.2621    
   103.0      0.2546    
   104.0      0.2483    
   105.0      0.2429    
   106.0      0.2384    
   107.0      0.2348    
   108.0      0.2319    
   109.0      0.2297    
   110.0      0.2280    
   111.0      0.2269    
   112.0      0.2261    
   113.0      0.2258    
   114.0      0.2258    
   115.0      0.2261    
   116.0      0.2266    
   117.0      0.2273    
   118.0      0.2282    
   119.0      0.2292    
   120.0      0.2304    
   121.0      0.2317    
   122.0      0.2330    
   123.0      0.2344    
   124.0      0.2359    
   125.0      0.2374    
   126.0      0.2389    
   127.0      0.2404    
   128.0      0.2419    
   129.0      0.2435    
   130.0      0.2450    
   131.0      0.2466    
   132.0      0.2481    
   133.0      0.2497    
   134.0      0.2513    
   135.0      0.2529    
   136.0      0.2546    
   137.0      0.2564    
   138.0      0.2582    
   139.0      0.2600    
   140.0      0.2620    
   141.0      0.2641    
   142.0      0.2663    
   143.0      0.2687    
   144.0      0.2711    
   145.0      0.2738    
   146.0      0.2765    
   147.0      0.2795    
   148.0      0.2826    
   149.0      0.2858    
   150.0      0.2892    
   151.0      0.2928    
   152.0      0.2964    
   153.0      0.3003    
   154.0      0.3042    
   155.0      0.3082    
   156.0      0.3123    
   157.0      0.3165    
   158.0      0.3208    
   159.0      0.3250    
   160.0      0.3293    
   161.0      0.3336    
   162.0      0.3378    
   163.0      0.3420    
   164.0      0.3460    
   165.0      0.3500    
   166.0      0.3539    
   167.0      0.3576    
   168.0      0.3611    
   169.0      0.3644    
   170.0      0.3675    
   171.0      0.3704    
   172.0      0.3730    
   173.0      0.3754    
   174.0      0.3774    
   175.0      0.3792    
   176.0      0.3807    
   177.0      0.3818    
   178.0      0.3826    
   179.0      0.3831    
   180.0      0.3833    
 END
