# 181 angles,  1 tensor ranks for 0=projectile
@subtitle   "7Li(d,p) @ 7.5AMeV ADWA (d) + KD (p)"                                          
@legend ON
@legend x1 0.2
@legend y1 0.8
@g0 type LOGY
@yaxis ticklabel format power
@legend string   0 "Lab energy =   14.5311"
#legend string   0 "Partition=  2 Excit=  1 near/far= 1"
#  Theta       sigma       iT11        T20         T21         T22         Kyy for projectile
   0.000       29.51    
   1.000       29.51    
   2.000       29.52    
   3.000       29.52    
   4.000       29.52    
   5.000       29.50    
   6.000       29.44    
   7.000       29.35    
   8.000       29.20    
   9.000       28.98    
   10.00       28.68    
   11.00       28.30    
   12.00       27.82    
   13.00       27.25    
   14.00       26.58    
   15.00       25.81    
   16.00       24.96    
   17.00       24.01    
   18.00       22.99    
   19.00       21.91    
   20.00       20.78    
   21.00       19.60    
   22.00       18.40    
   23.00       17.19    
   24.00       15.98    
   25.00       14.78    
   26.00       13.60    
   27.00       12.46    
   28.00       11.36    
   29.00       10.30    
   30.00       9.310    
   31.00       8.375    
   32.00       7.504    
   33.00       6.698    
   34.00       5.959    
   35.00       5.287    
   36.00       4.681    
   37.00       4.139    
   38.00       3.660    
   39.00       3.241    
   40.00       2.878    
   41.00       2.569    
   42.00       2.309    
   43.00       2.095    
   44.00       1.923    
   45.00       1.789    
   46.00       1.688    
   47.00       1.617    
   48.00       1.571    
   49.00       1.546    
   50.00       1.540    
   51.00       1.548    
   52.00       1.568    
   53.00       1.597    
   54.00       1.631    
   55.00       1.670    
   56.00       1.710    
   57.00       1.751    
   58.00       1.790    
   59.00       1.826    
   60.00       1.858    
   61.00       1.886    
   62.00       1.909    
   63.00       1.926    
   64.00       1.937    
   65.00       1.941    
   66.00       1.939    
   67.00       1.930    
   68.00       1.915    
   69.00       1.894    
   70.00       1.867    
   71.00       1.835    
   72.00       1.797    
   73.00       1.756    
   74.00       1.710    
   75.00       1.662    
   76.00       1.610    
   77.00       1.557    
   78.00       1.502    
   79.00       1.446    
   80.00       1.390    
   81.00       1.333    
   82.00       1.277    
   83.00       1.221    
   84.00       1.167    
   85.00       1.114    
   86.00       1.063    
   87.00       1.014    
   88.00      0.9666    
   89.00      0.9218    
   90.00      0.8795    
   91.00      0.8397    
   92.00      0.8026    
   93.00      0.7681    
   94.00      0.7364    
   95.00      0.7075    
   96.00      0.6812    
   97.00      0.6575    
   98.00      0.6363    
   99.00      0.6176    
   100.0      0.6012    
   101.0      0.5871    
   102.0      0.5749    
   103.0      0.5647    
   104.0      0.5562    
   105.0      0.5494    
   106.0      0.5440    
   107.0      0.5399    
   108.0      0.5369    
   109.0      0.5349    
   110.0      0.5338    
   111.0      0.5335    
   112.0      0.5338    
   113.0      0.5346    
   114.0      0.5358    
   115.0      0.5374    
   116.0      0.5392    
   117.0      0.5412    
   118.0      0.5434    
   119.0      0.5456    
   120.0      0.5479    
   121.0      0.5502    
   122.0      0.5525    
   123.0      0.5547    
   124.0      0.5569    
   125.0      0.5591    
   126.0      0.5613    
   127.0      0.5635    
   128.0      0.5657    
   129.0      0.5678    
   130.0      0.5701    
   131.0      0.5724    
   132.0      0.5749    
   133.0      0.5774    
   134.0      0.5802    
   135.0      0.5831    
   136.0      0.5862    
   137.0      0.5896    
   138.0      0.5933    
   139.0      0.5972    
   140.0      0.6015    
   141.0      0.6061    
   142.0      0.6110    
   143.0      0.6163    
   144.0      0.6219    
   145.0      0.6279    
   146.0      0.6341    
   147.0      0.6407    
   148.0      0.6477    
   149.0      0.6549    
   150.0      0.6623    
   151.0      0.6700    
   152.0      0.6780    
   153.0      0.6861    
   154.0      0.6943    
   155.0      0.7027    
   156.0      0.7112    
   157.0      0.7197    
   158.0      0.7282    
   159.0      0.7366    
   160.0      0.7450    
   161.0      0.7533    
   162.0      0.7614    
   163.0      0.7693    
   164.0      0.7769    
   165.0      0.7844    
   166.0      0.7915    
   167.0      0.7982    
   168.0      0.8046    
   169.0      0.8106    
   170.0      0.8162    
   171.0      0.8213    
   172.0      0.8260    
   173.0      0.8301    
   174.0      0.8337    
   175.0      0.8368    
   176.0      0.8394    
   177.0      0.8414    
   178.0      0.8428    
   179.0      0.8437    
   180.0      0.8440    
 END
