           6           1           1
    0.5+     1 1   5.741       0.000      0.2537E-01  0.2261E-01  0.3878E-02  0.4166E-02  0.2964E-01   5.655    
    0.5+     1 2   5.724       0.000      0.1674E-02  0.2657E-01  0.1141E-02  0.1187E-02  0.6217E-02   5.687    
    0.5+     3 3   5.390       0.000      0.1507E-01  0.6062E-01  0.1097E-01  0.8123E-02  0.6892E-02   5.288    
    0.5-     0 1   6.021       0.000      0.1025      0.3352E-01   0.000       0.000       0.000       5.885    
    0.5-     2 2   6.153       0.000      0.4666E-01  0.1573E-01  0.3113E-01  0.2573E-01  0.3524E-01   5.998    
    0.5-     2 3   6.170       0.000      0.3813E-01  0.1819E-01  0.1490E-01  0.1237E-01  0.1573E-01   6.071    
    1.5+     1 1   11.50       0.000      0.3534E-01  0.3239E-01  0.8271E-01  0.7874E-01  0.1826       11.09    
    1.5+     1 2   11.48       0.000      0.2650E-01  0.3878E-01  0.5609E-01  0.5384E-01  0.1425       11.16    
    1.5+     1 3   11.45       0.000      0.2512E-01  0.8256E-01  0.8918E-02  0.9116E-02  0.4261E-01   11.28    
    1.5+     3 4   10.78       0.000      0.9001E-01  0.8283E-02  0.3723E-01  0.3287E-01  0.6271E-01   10.55    
    1.5+     3 5   10.66       0.000      0.5689E-01  0.2363      0.1221E-01  0.9293E-02  0.8030E-02   10.33    
    1.5-     0 1   12.04       0.000      0.5171E-01  0.6306E-01  0.5073E-01  0.4538E-01  0.1874       11.64    
    1.5-     2 2   12.31       0.000      0.1137      0.3926E-01  0.5987E-01  0.5073E-01  0.6040E-01   11.98    
    1.5-     2 3   12.34       0.000      0.8205E-01  0.9242E-01  0.3084E-01  0.2560E-01  0.3431E-01   12.08    
    1.5-     2 4   12.36       0.000      0.1269      0.2560      0.7845E-02  0.6603E-02  0.1001E-01   11.95    
    1.5-     4 5   7.331       0.000      0.3215      0.3754      0.3972E-01  0.3590E-01  0.4720E-01   6.511    
    2.5+     1 1   17.22       0.000      0.4167E-01  0.1482E-01  0.1567      0.1547      0.5489       16.31    
    2.5+     1 2   17.17       0.000      0.9884E-01  0.1180E-01  0.6045E-01  0.6178E-01  0.2630       16.68    
    2.5+     3 3   16.17       0.000      0.1107      0.9976E-01  0.1414      0.1364      0.3070       15.37    
    2.5+     3 4   15.98       0.000      0.2288      0.4271      0.5279E-01  0.4843E-01  0.9290E-01   15.13    
    2.5+     3 5   15.83       0.000      0.6763E-01  0.2025      0.1014E-01  0.9249E-02  0.2203E-01   15.52    
    2.5+     5 6   1.941       0.000      0.1861      0.1927      0.3225E-01  0.2982E-01  0.7048E-01   1.430    
    2.5-     0 1   18.06       0.000      0.1538      0.2416E-01  0.1357      0.1263      0.6661       16.96    
    2.5-     2 2   18.46       0.000      0.1753      0.7913E-01  0.7412E-01  0.6391E-01  0.7857E-01   17.99    
    2.5-     2 3   18.51       0.000      0.2594      0.2872E-01  0.5075E-01  0.4252E-01  0.7232E-01   18.06    
    2.5-     2 4   18.53       0.000      0.4409      0.4808      0.4316E-01  0.3753E-01  0.6202E-01   17.47    
    2.5-     4 5   11.00       0.000      0.5457      0.3734E-01  0.2127      0.1968      0.2769       9.727    
    2.5-     4 6   11.30       0.000      0.4192       1.203      0.3321E-01  0.3006E-01  0.3984E-01   9.572    
    3.5+     1 1   22.90       0.000      0.6525E-02  0.2197E-02  0.4010      0.4143       1.812       20.26    
    3.5+     3 2   21.56       0.000      0.1298      0.4560E-01  0.3113      0.3059      0.6962       20.07    
    3.5+     3 3   21.31       0.000      0.5447      0.1874E-01  0.3246      0.3166      0.6903       19.42    
    3.5+     3 4   21.10       0.000      0.9859E-01  0.2877      0.7642E-01  0.7586E-01  0.2241       20.34    
    3.5+     5 5   2.588       0.000      0.2439      0.1133E-01  0.1402      0.1324      0.2781       1.782    
    3.5+     5 6   2.646       0.000      0.2427      0.6026      0.2709E-01  0.2514E-01  0.5813E-01   1.690    
    3.5-     2 1   24.68       0.000      0.1332      0.5579E-01  0.1356      0.1169      0.2996       23.94    
    3.5-     2 2   24.71       0.000       1.060      0.2067E-01  0.2163      0.1932      0.3404       22.88    
    3.5-     4 3   14.66       0.000      0.2111      0.5287      0.6191      0.5751      0.8186       11.91    
    3.5-     4 4   15.06       0.000       1.525       1.470      0.2474      0.2293      0.3260       11.26    
    3.5-     4 5   15.51       0.000      0.9529       2.771      0.7146E-01  0.6628E-01  0.9538E-01   11.55    
    3.5-     6 6  0.4029       0.000      0.6897E-01  0.6864E-01  0.1549E-01  0.1471E-01  0.4169E-01  0.1934    
    4.5+     3 1   26.64       0.000      0.7990E-01  0.3377E-01   1.534       1.510       3.326       20.15    
    4.5+     3 2   26.38       0.000      0.1829      0.9230E-02  0.3810      0.3884       1.213       24.21    
    4.5+     5 3   3.235       0.000      0.6655E-01  0.2643      0.3383      0.3208      0.6586       1.587    
    4.5+     5 4   3.307       0.000      0.7092      0.6195      0.1652      0.1563      0.3248       1.332    
    4.5+     5 5   3.402       0.000      0.4671       1.281      0.4562E-01  0.4313E-01  0.8979E-01   1.475    
    4.5+     7 6  0.8529E-01   0.000      0.2441E-01  0.2402E-01  0.7175E-02  0.7528E-02  0.3701E-01 -0.1486E-01
    4.5-     2 1   30.89       0.000      0.1016      0.2379E-01  0.9415      0.8495       1.529       27.45    
    4.5-     4 2   18.33       0.000      0.6368      0.4454E-01   1.004      0.9339       1.333       14.37    
    4.5-     4 3   18.83       0.000       2.707      0.1435       1.150       1.069       1.534       12.23    
    4.5-     4 4   19.39       0.000       3.399       3.173      0.5644      0.5253      0.7628       10.96    
    4.5-     6 5  0.5036       0.000      0.7697E-01  0.3584E-02  0.5905E-01  0.5602E-01  0.1320      0.1760    
    4.5-     6 6  0.5071       0.000      0.8852E-01  0.2087      0.1297E-01  0.1232E-01  0.3361E-01  0.1510    
    5.5+     3 1   31.66       0.000      0.6548E-01  0.1442E-01   1.427       1.465       4.645       24.04    
    5.5+     5 2   3.882       0.000      0.3013      0.1595E-01  0.4752      0.4512      0.9207       1.718    
    5.5+     5 3   3.969       0.000       1.075      0.8594E-01  0.6309      0.5987       1.223      0.3550    
    5.5+     5 4   4.082       0.000       1.484       1.332      0.3117      0.2956      0.6039      0.5521E-01
    5.5+     7 5  0.1023       0.000      0.2436E-01  0.1324E-02  0.2494E-01  0.2508E-01  0.8142E-01 -0.5479E-01
    5.5+     7 6  0.1025       0.000      0.3109E-01  0.7176E-01  0.6014E-02  0.6244E-02  0.2815E-01 -0.4073E-01
    5.5-     4 1   22.59       0.000      0.1830      0.1226E-01   4.018       3.738       5.374       9.269    
    5.5-     4 2   23.27       0.000       5.683      0.2603E-02   2.532       2.358       3.432       9.258    
    5.5-     6 3  0.6043       0.000      0.1631E-01  0.9326E-01  0.1270      0.1205      0.2732     -0.2601E-01
    5.5-     6 4  0.6085       0.000      0.2264      0.1923      0.6910E-01  0.6555E-01  0.1520     -0.9683E-01
    5.5-     6 5  0.6136       0.000      0.1518      0.4163      0.1860E-01  0.1765E-01  0.4135E-01 -0.3215E-01
    5.5-     8 6  0.1804E-01   0.000      0.8443E-02  0.8403E-02  0.3977E-02  0.6516E-02  0.7287E-01 -0.8216E-01
    6.5+     5 1   4.630       0.000      0.1028      0.5404E-02   1.885       1.790       3.643      -2.796    
    6.5+     5 2   4.763       0.000       2.269      0.9733E-03   1.249       1.185       2.409      -2.350    
    6.5+     7 3  0.1194       0.000      0.4213E-02  0.3250E-01  0.4963E-01  0.4950E-01  0.1441     -0.1605    
    6.5+     7 4  0.1196       0.000      0.7254E-01  0.6132E-01  0.2909E-01  0.2915E-01  0.9038E-01 -0.1628    
    6.5+     7 5  0.1199       0.000      0.4983E-01  0.1381      0.7780E-02  0.7818E-02  0.2512E-01 -0.1088    
    6.5+     9 6  0.3779E-02   0.000      0.2861E-02  0.2883E-02  0.1459E-02  0.2226E-02  0.2285E-01 -0.2850E-01
    6.5-     4 1   27.14       0.000      0.2422E-01  0.4992E-02   8.432       7.856       11.44     -0.6147    
    6.5-     6 2  0.7050       0.000      0.1002      0.4378E-02  0.1628      0.1543      0.3462     -0.6288E-01
    6.5-     6 3  0.7099       0.000      0.3104      0.3315E-01  0.2338      0.2217      0.4993     -0.5885    
    6.5-     6 4  0.7159       0.000      0.4466      0.4046      0.1157      0.1097      0.2483     -0.6089    
    6.5-     8 5  0.2105E-01   0.000      0.7756E-02  0.5106E-03  0.1112E-01  0.1330E-01  0.7700E-01 -0.8863E-01
    6.5-     8 6  0.2106E-01   0.000      0.1071E-01  0.2481E-01  0.3211E-02  0.4911E-02  0.4981E-01 -0.7239E-01
    7.5+     5 1   5.443       0.000      0.9862E-02  0.2166E-02   3.805       3.612       7.331      -9.317    
    7.5+     7 2  0.1365       0.000      0.3315E-01  0.1257E-02  0.5961E-01  0.5932E-01  0.1670     -0.1839    
    7.5+     7 3  0.1367       0.000      0.9269E-01  0.1228E-01  0.9054E-01  0.9018E-01  0.2572     -0.4062    
    7.5+     7 4  0.1370       0.000      0.1388      0.1277      0.4526E-01  0.4513E-01  0.1310     -0.3509    
    7.5+     9 5  0.4319E-02   0.000      0.2467E-02  0.1932E-03  0.4144E-02  0.4854E-02  0.2593E-01 -0.3327E-01
    7.5+     9 6  0.4318E-02   0.000      0.3621E-02  0.8441E-02  0.1199E-02  0.1711E-02  0.1565E-01 -0.2630E-01
    7.5-     6 1  0.8113       0.000      0.3704E-01  0.1658E-02  0.6315      0.5988       1.339      -1.797    
    7.5-     6 2  0.8182       0.000      0.6414      0.2625E-03  0.4296      0.4074      0.9130      -1.573    
    7.5-     8 3  0.2406E-01   0.000      0.1133E-02  0.1133E-01  0.2025E-01  0.2215E-01  0.8667E-01 -0.1175    
    7.5-     8 4  0.2407E-01   0.000      0.2337E-01  0.2006E-01  0.1276E-01  0.1469E-01  0.7344E-01 -0.1203    
    7.5-     8 5  0.2408E-01   0.000      0.1640E-01  0.4662E-01  0.3453E-02  0.4106E-02  0.2326E-01 -0.6976E-01
    7.5-    10 6  0.7841E-03   0.000      0.9573E-03  0.1012E-02  0.8269E-03  0.1375E-02  0.2142E-01 -0.2480E-01
    8.5+     7 1  0.1538       0.000      0.1293E-01  0.5142E-03  0.2277      0.2265      0.6324     -0.9463    
    8.5+     7 2  0.1542       0.000      0.1903      0.7346E-04  0.1591      0.1583      0.4455     -0.7992    
    8.5+     9 3  0.4859E-02   0.000      0.3149E-03  0.3886E-02  0.7340E-02  0.8034E-02  0.3099E-01 -0.4570E-01
    8.5+     9 4  0.4858E-02   0.000      0.7506E-02  0.6545E-02  0.4782E-02  0.5433E-02  0.2547E-01 -0.4488E-01
    8.5+     9 5  0.4857E-02   0.000      0.5363E-02  0.1558E-01  0.1290E-02  0.1506E-02  0.7923E-02 -0.2681E-01
    8.5+    11 6  0.1619E-03   0.000      0.3187E-03  0.3588E-03  0.6836E-03  0.1899E-02  0.4054E-01 -0.4364E-01
    8.5-     6 1  0.9204       0.000      0.2860E-02  0.6553E-03   1.230       1.166       2.606      -4.086    
    8.5-     8 2  0.2707E-01   0.000      0.1094E-01  0.3451E-03  0.2298E-01  0.2443E-01  0.8024E-01 -0.1119    
    8.5-     8 3  0.2708E-01   0.000      0.2834E-01  0.4470E-02  0.3651E-01  0.3924E-01  0.1383     -0.2197    
    8.5-     8 4  0.2709E-01   0.000      0.4384E-01  0.4151E-01  0.1855E-01  0.2025E-01  0.7839E-01 -0.1754    
    8.5-    10 5  0.8822E-03   0.000      0.7870E-03  0.7400E-04  0.2435E-02  0.3515E-02  0.2978E-01 -0.3571E-01
    8.5-    10 6  0.8817E-03   0.000      0.1210E-02  0.2943E-02  0.6953E-03  0.1109E-02  0.1510E-01 -0.2017E-01
    9.5+     7 1  0.1713       0.000      0.8208E-03  0.2009E-03  0.4352      0.4327       1.206      -1.903    
    9.5+     9 2  0.5399E-02   0.000      0.3585E-02  0.1097E-03  0.8065E-02  0.8645E-02  0.2919E-01 -0.4420E-01
    9.5+     9 3  0.5398E-02   0.000      0.8744E-02  0.1584E-02  0.1321E-01  0.1427E-01  0.5074E-01 -0.8315E-01
    9.5+     9 4  0.5396E-02   0.000      0.1389E-01  0.1347E-01  0.6764E-02  0.7395E-02  0.2833E-01 -0.6444E-01
    9.5+    11 5  0.1799E-03   0.000      0.2516E-03  0.2828E-04  0.1442E-02  0.2795E-02  0.3633E-01 -0.4067E-01
    9.5+    11 6  0.1798E-03   0.000      0.4024E-03  0.1038E-02  0.5280E-03  0.1353E-02  0.2671E-01 -0.2985E-01
    9.5-     8 1  0.3008E-01   0.000      0.4437E-02  0.1425E-03  0.8660E-01  0.9140E-01  0.2847     -0.4372    
    9.5-     8 2  0.3009E-01   0.000      0.5802E-01  0.1874E-04  0.6200E-01  0.6590E-01  0.2157     -0.3716    
    9.5-    10 3  0.9802E-03   0.000      0.9214E-04  0.1369E-02  0.4237E-02  0.5932E-02  0.4026E-01 -0.5091E-01
    9.5-    10 4  0.9797E-03   0.000      0.2409E-02  0.2211E-02  0.2828E-02  0.4025E-02  0.3095E-01 -0.4145E-01
    9.5-    10 5  0.9792E-03   0.000      0.1748E-02  0.5359E-02  0.7606E-03  0.1097E-02  0.9203E-02 -0.1719E-01
    9.5-    12 6  0.3342E-04   0.000      0.1034E-03  0.1152E-03  0.3224E-03  0.4951E-03  0.3462E-02 -0.4464E-02
   10.5+     9 1  0.5937E-02   0.000      0.1497E-02  0.4916E-04  0.3017E-01  0.3216E-01  0.1045     -0.1624    
   10.5+     9 2  0.5936E-02   0.000      0.1787E-01  0.6041E-05  0.2198E-01  0.2355E-01  0.7937E-01 -0.1368    
   10.5+    11 3  0.1978E-03   0.000      0.2703E-04  0.4844E-03  0.2269E-02  0.3842E-02  0.3457E-01 -0.4099E-01
   10.5+    11 4  0.1977E-03   0.000      0.7753E-03  0.7590E-03  0.1617E-02  0.2952E-02  0.3333E-01 -0.3923E-01
   10.5+    11 5  0.1976E-03   0.000      0.5700E-03  0.1870E-02  0.4503E-03  0.8688E-03  0.1118E-01 -0.1475E-01
   10.5+    13 6  0.6938E-05   0.000      0.3311E-04  0.4027E-04  0.3300E-02  0.8395E-02  0.1114     -0.1232    
   10.5-     8 1  0.3310E-01   0.000      0.2382E-03  0.5519E-04  0.1632      0.1720      0.5286     -0.8310    
   10.5-    10 2  0.1078E-02   0.000      0.1171E-02  0.4583E-04  0.4543E-02  0.6303E-02  0.3955E-01 -0.5054E-01
   10.5-    10 3  0.1078E-02   0.000      0.2719E-02  0.5730E-03  0.7622E-02  0.1061E-01  0.6855E-01 -0.8899E-01
   10.5-    10 4  0.1077E-02   0.000      0.4409E-02  0.4525E-02  0.3926E-02  0.5494E-02  0.3717E-01 -0.5444E-01
   10.5-    12 5  0.3677E-04   0.000      0.7907E-04  0.9684E-05  0.5519E-03  0.8955E-03  0.7079E-02 -0.8579E-02
   10.5-    12 6  0.3674E-04   0.000      0.1304E-03  0.3319E-03  0.2377E-03  0.3699E-03  0.2667E-02 -0.3700E-02
   11.5+     9 1  0.6475E-02   0.000      0.7085E-04  0.1892E-04  0.5632E-01  0.5995E-01  0.1929     -0.3028    
   11.5+    11 2  0.2158E-03   0.000      0.3822E-03  0.1393E-04  0.2323E-02  0.3749E-02  0.2790E-01 -0.3415E-01
   11.5+    11 3  0.2157E-03   0.000      0.8528E-03  0.2066E-03  0.4012E-02  0.6589E-02  0.5283E-01 -0.6427E-01
   11.5+    11 4  0.2156E-03   0.000      0.1407E-02  0.1547E-02  0.2111E-02  0.3568E-02  0.3191E-01 -0.4032E-01
   11.5+    13 5  0.7569E-05   0.000      0.2515E-04  0.3574E-05  0.2399E-02  0.6020E-02  0.8106E-01 -0.8950E-01
   11.5+    13 6  0.7563E-05   0.000      0.4189E-04  0.1155E-03  0.2104E-02  0.5344E-02  0.7104E-01 -0.7864E-01
   11.5-    10 1  0.1176E-02   0.000      0.5006E-03  0.2359E-04  0.1690E-01  0.2339E-01  0.1436     -0.1832    
   11.5-    10 2  0.1175E-02   0.000      0.5544E-02  0.2738E-05  0.1248E-01  0.1731E-01  0.1086     -0.1427    
   11.5-    12 3  0.4011E-04   0.000      0.8069E-05  0.1580E-03  0.7993E-03  0.1323E-02  0.1088E-01 -0.1313E-01
   11.5-    12 4  0.4008E-04   0.000      0.2446E-03  0.2384E-03  0.6014E-03  0.9847E-03  0.7927E-02 -0.9956E-02
   11.5-    12 5  0.4005E-04   0.000      0.1819E-03  0.5926E-03  0.1726E-03  0.2803E-03  0.2218E-02 -0.3405E-02
   11.5-    14 6  0.1452E-05   0.000      0.1088E-04  0.1575E-04  0.2870E-02  0.7768E-02  0.1014     -0.1120    
   12.5+    11 1  0.2337E-03   0.000      0.1663E-03  0.7200E-05  0.8543E-02  0.1360E-01  0.9505E-01 -0.1171    
   12.5+    11 2  0.2335E-03   0.000      0.1736E-02  0.7960E-06  0.6426E-02  0.1036E-01  0.7697E-01 -0.9526E-01
   12.5+    13 3  0.8199E-05   0.000      0.3004E-05  0.6217E-04  0.1732E-02  0.4244E-02  0.5863E-01 -0.6467E-01
   12.5+    13 4  0.8193E-05   0.000      0.7683E-04  0.8377E-04  0.2023E-02  0.5039E-02  0.6838E-01 -0.7560E-01
   12.5+    13 5  0.8187E-05   0.000      0.5771E-04  0.2048E-03  0.7439E-03  0.1866E-02  0.2513E-01 -0.2800E-01
   12.5+    15 6  0.3065E-06   0.000      0.3218E-05  0.2721E-05  0.1766E-03  0.5772E-03  0.7881E-02 -0.8641E-02
   12.5-    10 1  0.1273E-02   0.000      0.2257E-04  0.9028E-05  0.3130E-01  0.4330E-01  0.2645     -0.3378    
   12.5-    12 2  0.4345E-04   0.000      0.1221E-03  0.8771E-05  0.7859E-03  0.1310E-02  0.1091E-01 -0.1310E-01
   12.5-    12 3  0.4342E-04   0.000      0.2634E-03  0.6885E-04  0.1391E-02  0.2313E-02  0.1918E-01 -0.2317E-01
   12.5-    12 4  0.4339E-04   0.000      0.4410E-03  0.4836E-03  0.7465E-03  0.1236E-02  0.1017E-01 -0.1303E-01
   12.5-    14 5  0.1574E-05   0.000      0.8181E-05  0.1466E-05  0.2092E-02  0.5652E-02  0.7578E-01 -0.8354E-01
   12.5-    14 6  0.1572E-05   0.000      0.1378E-04  0.4506E-04  0.1825E-02  0.4939E-02  0.6467E-01 -0.7150E-01
   13.5+    11 1  0.2515E-03   0.000      0.6970E-05  0.2743E-05  0.1570E-01  0.2491E-01  0.1715     -0.2119    
   13.5+    13 2  0.8830E-05   0.000      0.3898E-04  0.1559E-04  0.1100E-02  0.2626E-02  0.3730E-01 -0.4107E-01
   13.5+    13 3  0.8824E-05   0.000      0.8134E-04  0.2846E-04  0.2343E-02  0.5660E-02  0.7938E-01 -0.8748E-01
   13.5+    13 4  0.8817E-05   0.000      0.1373E-03  0.1689E-03  0.1610E-02  0.3942E-02  0.5449E-01 -0.6034E-01
   13.5+    15 5  0.3300E-06   0.000      0.2235E-05  0.2637E-06  0.1165E-03  0.3813E-03  0.5280E-02 -0.5780E-02
   13.5+    15 6  0.3298E-06   0.000      0.4041E-05  0.7762E-05  0.1107E-03  0.3618E-03  0.4948E-02 -0.5432E-02
   13.5-    12 1  0.4676E-04   0.000      0.5396E-04  0.5215E-05  0.2860E-02  0.4775E-02  0.3994E-01 -0.4758E-01
   13.5-    12 2  0.4673E-04   0.000      0.5353E-03  0.5530E-06  0.2186E-02  0.3644E-02  0.3037E-01 -0.3669E-01
   13.5-    14 3  0.1695E-05   0.000      0.1063E-05  0.2625E-04  0.1533E-02  0.4128E-02  0.5778E-01 -0.6347E-01
   13.5-    14 4  0.1693E-05   0.000      0.2480E-04  0.3278E-04  0.1773E-02  0.4786E-02  0.6505E-01 -0.7166E-01
   13.5-    14 5  0.1692E-05   0.000      0.1880E-04  0.7938E-04  0.6520E-03  0.1761E-02  0.2363E-01 -0.2614E-01
   13.5-    16 6  0.6468E-07   0.000      0.6971E-06  0.5262E-07  0.2882E-03  0.6423E-03  0.6794E-02 -0.7726E-02
   14.5+    13 1  0.9454E-05   0.000      0.1761E-04  0.1000E-04  0.3393E-02  0.7991E-02  0.1152     -0.1266    
   14.5+    13 2  0.9447E-05   0.000      0.1644E-03  0.1023E-05  0.3065E-02  0.7314E-02  0.1039     -0.1145    
   14.5+    15 3  0.3536E-06   0.000      0.1378E-06  0.3727E-05  0.7190E-04  0.2356E-03  0.3359E-02 -0.3670E-02
   14.5+    15 4  0.3534E-06   0.000      0.7142E-05  0.5320E-05  0.9390E-04  0.3073E-03  0.4291E-02 -0.4705E-02
   14.5+    15 5  0.3531E-06   0.000      0.5443E-05  0.1360E-04  0.3642E-04  0.1191E-03  0.1651E-02 -0.1825E-02
   14.5+    17 6  0.1346E-07   0.000      0.1396E-06  0.5365E-06  0.4035E-03  0.9808E-03  0.1043E-01 -0.1181E-01
   14.5-    12 1  0.5007E-04   0.000      0.2203E-05  0.1980E-05  0.5219E-02  0.8719E-02  0.7298E-01 -0.8687E-01
   14.5-    14 2  0.1816E-05   0.000      0.1274E-04  0.9458E-05  0.9892E-03  0.2654E-02  0.3873E-01 -0.4239E-01
   14.5-    14 3  0.1814E-05   0.000      0.2588E-04  0.1234E-04  0.2101E-02  0.5646E-02  0.8089E-01 -0.8867E-01
   14.5-    14 4  0.1813E-05   0.000      0.4400E-04  0.6577E-04  0.1433E-02  0.3857E-02  0.5402E-01 -0.5942E-01
   14.5-    16 5  0.6930E-07   0.000      0.4754E-06  0.5285E-08  0.3353E-03  0.7961E-03  0.9221E-02 -0.1035E-01
   14.5-    16 6  0.6925E-07   0.000      0.8752E-06  0.1497E-06  0.1968E-03  0.4441E-03  0.4789E-02 -0.5431E-02
   15.5+    13 1  0.1008E-04   0.000      0.9494E-06  0.3785E-05  0.5926E-02  0.1390E-01  0.2012     -0.2210    
   15.5+    15 2  0.3772E-06   0.000      0.3638E-05  0.1874E-06  0.3784E-04  0.1243E-03  0.1844E-02 -0.2009E-02
   15.5+    15 3  0.3769E-06   0.000      0.7332E-05  0.1675E-05  0.8870E-04  0.2909E-03  0.4234E-02 -0.4622E-02
   15.5+    15 4  0.3766E-06   0.000      0.1275E-04  0.1069E-04  0.6731E-04  0.2205E-03  0.3145E-02 -0.3456E-02
   15.5+    17 5  0.1435E-07   0.000      0.1180E-06  0.5561E-07  0.4718E-03  0.1193E-02  0.1357E-01 -0.1523E-01
   15.5+    17 6  0.1434E-07   0.000      0.1811E-06  0.1524E-05  0.2758E-03  0.6759E-03  0.7289E-02 -0.8242E-02
   15.5-    14 1  0.1935E-05   0.000      0.5847E-05  0.6085E-05  0.3084E-02  0.8261E-02  0.1230     -0.1343    
   15.5-    14 2  0.1934E-05   0.000      0.5212E-04  0.6027E-06  0.2770E-02  0.7434E-02  0.1085     -0.1188    
   15.5-    16 3  0.7392E-07   0.000      0.2786E-07  0.1108E-05  0.3917E-03  0.9647E-03  0.1171E-01 -0.1307E-01
   15.5-    16 4  0.7386E-07   0.000      0.1524E-05  0.4177E-06  0.3394E-03  0.8190E-03  0.9687E-02 -0.1085E-01
   15.5-    16 5  0.7380E-07   0.000      0.1170E-05  0.2627E-06  0.1059E-03  0.2515E-03  0.2915E-02 -0.3274E-02
   15.5-    18 6  0.2710E-08   0.000      0.6890E-07  0.5649E-07  0.1052E-03  0.2691E-03  0.2832E-02 -0.3206E-02
   16.5+    15 1  0.4005E-06   0.000      0.1641E-05  0.1133E-06  0.1053E-03  0.3464E-03  0.5271E-02 -0.5724E-02
   16.5+    15 2  0.4001E-06   0.000      0.1492E-04  0.1091E-07  0.1063E-03  0.3490E-03  0.5179E-02 -0.5649E-02
   16.5+    17 3  0.1525E-07   0.000      0.3340E-07  0.1768E-05  0.5506E-03  0.1425E-02  0.1680E-01 -0.1877E-01
   16.5+    17 4  0.1524E-07   0.000      0.3140E-06  0.1332E-05  0.4791E-03  0.1224E-02  0.1414E-01 -0.1585E-01
   16.5+    17 5  0.1523E-07   0.000      0.2434E-06  0.2648E-05  0.1494E-03  0.3779E-03  0.4300E-02 -0.4830E-02
   16.5+    19 6  0.5191E-09   0.000      0.6625E-07  0.9257E-07  0.3566E-05  0.1115E-04  0.1272E-03 -0.1421E-03
   16.5-    14 1  0.2055E-05   0.000      0.3572E-06  0.2296E-05  0.5386E-02  0.1442E-01  0.2158     -0.2356    
   16.5-    16 2  0.7854E-07   0.000      0.7821E-06  0.1816E-05  0.3429E-03  0.8583E-03  0.1062E-01 -0.1182E-01
   16.5-    16 3  0.7848E-07   0.000      0.1547E-05  0.6287E-06  0.6502E-03  0.1618E-02  0.1988E-01 -0.2215E-01
   16.5-    16 4  0.7842E-07   0.000      0.2712E-05  0.7880E-06  0.3706E-03  0.9131E-03  0.1109E-01 -0.1237E-01
   16.5-    18 5  0.2880E-08   0.000      0.4651E-07  0.6020E-08  0.1264E-03  0.3386E-03  0.3815E-02 -0.4280E-02
   16.5-    18 6  0.2878E-08   0.000      0.8669E-07  0.1601E-06  0.7232E-04  0.1869E-03  0.1997E-02 -0.2256E-02
   17.5+    15 1  0.4237E-06   0.000      0.3309E-07  0.4266E-07  0.1779E-03  0.5853E-03  0.8974E-02 -0.9736E-02
   17.5+    17 2  0.1615E-07   0.000      0.1718E-06  0.1827E-05  0.4795E-03  0.1253E-02  0.1499E-01 -0.1673E-01
   17.5+    17 3  0.1614E-07   0.000      0.3197E-06  0.9262E-06  0.9153E-03  0.2383E-02  0.2837E-01 -0.3167E-01
   17.5+    17 4  0.1612E-07   0.000      0.5348E-06  0.2618E-05  0.5225E-03  0.1352E-02  0.1594E-01 -0.1782E-01
   17.5+    19 5  0.5496E-09   0.000      0.4395E-07  0.1011E-07  0.3019E-05  0.1124E-04  0.1478E-03 -0.1621E-03
   17.5+    19 6  0.5492E-09   0.000      0.8330E-07  0.2620E-06  0.2299E-05  0.7407E-05  0.8688E-04 -0.9693E-04
   17.5-    16 1  0.8310E-07   0.000      0.3554E-06  0.1170E-05  0.1209E-02  0.3041E-02  0.3783E-01 -0.4208E-01
   17.5-    16 2  0.8303E-07   0.000      0.3144E-05  0.1099E-06  0.9704E-03  0.2429E-02  0.3005E-01 -0.3345E-01
   17.5-    18 3  0.3049E-08   0.000      0.3534E-08  0.2803E-06  0.1493E-03  0.4101E-03  0.4781E-02 -0.5340E-02
   17.5-    18 4  0.3047E-08   0.000      0.1475E-06  0.1665E-06  0.1294E-03  0.3507E-03  0.4013E-02 -0.4494E-02
   17.5-    18 5  0.3044E-08   0.000      0.1145E-06  0.2774E-06  0.4012E-04  0.1075E-03  0.1212E-02 -0.1360E-02
   17.5-    20 6  0.9323E-10   0.000      0.4851E-07  0.2167E-06  0.2416E-05  0.4280E-05  0.3161E-04 -0.3857E-04
   18.5+    17 1  0.1703E-07   0.000      0.8576E-07  0.1173E-05  0.1689E-02  0.4426E-02  0.5320E-01 -0.5932E-01
   18.5+    17 2  0.1702E-07   0.000      0.6194E-06  0.1077E-06  0.1361E-02  0.3557E-02  0.4257E-01 -0.4748E-01
   18.5+    19 3  0.5802E-09   0.000      0.3038E-08  0.1239E-06  0.2725E-05  0.1182E-04  0.1706E-03 -0.1853E-03
   18.5+    19 4  0.5797E-09   0.000      0.1402E-06  0.1720E-06  0.2770E-05  0.1097E-04  0.1502E-03 -0.1643E-03
   18.5+    19 5  0.5792E-09   0.000      0.1094E-06  0.4521E-06  0.9584E-06  0.3573E-05  0.4701E-04 -0.5210E-04
   18.5+    21 6  0.1553E-10   0.000      0.2185E-07  0.1279E-06  0.2703E-05  0.5561E-05  0.4484E-04 -0.5326E-04
   18.5-    16 1  0.8764E-07   0.000      0.6952E-08  0.4396E-06  0.2164E-02  0.5448E-02  0.6788E-01 -0.7549E-01
   18.5-    18 2  0.3219E-08   0.000      0.7693E-07  0.3529E-06  0.1301E-03  0.3611E-03  0.4268E-02 -0.4760E-02
   18.5-    18 3  0.3216E-08   0.000      0.1470E-06  0.1510E-06  0.2492E-03  0.6895E-03  0.8110E-02 -0.9049E-02
   18.5-    18 4  0.3214E-08   0.000      0.2601E-06  0.3240E-06  0.1420E-03  0.3903E-03  0.4550E-02 -0.5083E-02
   18.5-    20 5  0.9839E-10   0.000      0.3466E-07  0.2420E-07  0.5115E-05  0.9166E-05  0.6895E-04 -0.8329E-04
   18.5-    20 6  0.9828E-10   0.000      0.6163E-07  0.6123E-06  0.1937E-05  0.3445E-05  0.2560E-04 -0.3165E-04
   19.5+    17 1  0.1792E-07   0.000      0.1301E-07  0.4400E-06  0.3015E-02  0.7909E-02  0.9514E-01 -0.1061    
   19.5+    19 2  0.6107E-09   0.000      0.7344E-07  0.1060E-08  0.2057E-05  0.9724E-05  0.1467E-03 -0.1585E-03
   19.5+    19 3  0.6102E-09   0.000      0.1386E-06  0.5679E-07  0.4170E-05  0.1909E-04  0.2835E-03 -0.3069E-03
   19.5+    19 4  0.6097E-09   0.000      0.2470E-06  0.3424E-06  0.2595E-05  0.1127E-04  0.1627E-03 -0.1772E-03
   19.5+    21 5  0.1637E-10   0.000      0.1575E-07  0.1458E-07  0.5304E-05  0.1095E-04  0.8985E-04 -0.1061E-03
   19.5+    21 6  0.1632E-10   0.000      0.2781E-07  0.3611E-06  0.2120E-05  0.4367E-05  0.3541E-04 -0.4228E-04
   19.5-    18 1  0.3386E-08   0.000      0.3567E-07  0.2261E-06  0.4584E-03  0.1277E-02  0.1515E-01 -0.1689E-01
   19.5-    18 2  0.3383E-08   0.000      0.2971E-06  0.2034E-07  0.3703E-03  0.1028E-02  0.1215E-01 -0.1355E-01
   19.5-    20 3  0.1036E-09   0.000      0.5374E-08  0.3025E-06  0.7431E-05  0.1336E-04  0.1009E-03 -0.1220E-03
   19.5-    20 4  0.1035E-09   0.000      0.1032E-06  0.4029E-06  0.5820E-05  0.1044E-04  0.7874E-04 -0.9551E-04
   19.5-    20 5  0.1034E-09   0.000      0.8089E-07  0.1054E-05  0.1634E-05  0.2929E-05  0.2203E-04 -0.2773E-04
   19.5-    22 6  0.2421E-11   0.000      0.6291E-08  0.3878E-07  0.8956E-06  0.1895E-05  0.1505E-04 -0.1789E-04
   20.5+    19 1  0.6408E-09   0.000      0.3416E-07  0.5138E-09  0.6908E-05  0.3366E-04  0.5148E-03 -0.5554E-03
   20.5+    19 2  0.6403E-09   0.000      0.2802E-06  0.4538E-10  0.5869E-05  0.2775E-04  0.4186E-03 -0.4525E-03
   20.5+    21 3  0.1719E-10   0.000      0.2711E-08  0.1806E-06  0.7519E-05  0.1554E-04  0.1281E-03 -0.1513E-03
   20.5+    21 4  0.1713E-10   0.000      0.4625E-07  0.2367E-06  0.5979E-05  0.1235E-04  0.1016E-03 -0.1202E-03
   20.5+    21 5  0.1713E-10   0.000      0.3639E-07  0.6199E-06  0.1697E-05  0.3505E-05  0.2876E-04 -0.3462E-04
   20.5+    23 6  0.4045E-12   0.000      0.1233E-08  0.7382E-08  0.1647E-06  0.3506E-06  0.2702E-05 -0.3226E-05
   20.5-    18 1  0.3552E-08   0.000      0.1094E-08  0.8466E-07  0.8169E-03  0.2277E-02  0.2705E-01 -0.3014E-01
   20.5-    20 2  0.1087E-09   0.000      0.5533E-07  0.2376E-07  0.6927E-05  0.1246E-04  0.9428E-04 -0.1138E-03
   20.5-    20 3  0.1086E-09   0.000      0.1018E-06  0.1407E-06  0.1307E-04  0.2351E-04  0.1778E-03 -0.2146E-03
   20.5-    20 4  0.1086E-09   0.000      0.1788E-06  0.7999E-06  0.7109E-05  0.1278E-04  0.9653E-04 -0.1174E-03
   20.5-    22 5  0.2542E-11   0.000      0.4455E-08  0.4501E-08  0.1782E-05  0.3784E-05  0.3056E-04 -0.3614E-04
   20.5-    22 6  0.2456E-11   0.000      0.7998E-08  0.1093E-06  0.7071E-06  0.1498E-05  0.1196E-04 -0.1429E-04
   21.5+    19 1  0.6707E-09   0.000      0.9323E-09  0.1921E-09  0.1216E-04  0.5965E-04  0.9152E-03 -0.9870E-03
   21.5+    21 2  0.1798E-10   0.000      0.2499E-07  0.1717E-07  0.6926E-05  0.1432E-04  0.1182E-03 -0.1395E-03
   21.5+    21 3  0.1795E-10   0.000      0.4536E-07  0.8447E-07  0.1316E-04  0.2722E-04  0.2245E-03 -0.2650E-03
   21.5+    21 4  0.1801E-10   0.000      0.7973E-07  0.4690E-06  0.7205E-05  0.1489E-04  0.1228E-03 -0.1454E-03
   21.5+    23 5  0.3935E-12   0.000      0.8513E-09  0.8710E-09  0.3359E-06  0.7179E-06  0.5615E-05 -0.6671E-05
   21.5+    23 6  0.3935E-12   0.000      0.1564E-08  0.2079E-07  0.1313E-06  0.2800E-06  0.2168E-05 -0.2602E-05
   21.5-    20 1  0.1138E-09   0.000      0.2662E-07  0.1482E-07  0.2492E-04  0.4484E-04  0.3394E-03 -0.4092E-03
   21.5-    20 2  0.1138E-09   0.000      0.2022E-06  0.1287E-08  0.1982E-04  0.3566E-04  0.2698E-03 -0.3255E-03
   21.5-    22 3  0.2603E-11   0.000      0.7224E-09  0.5452E-07  0.2525E-05  0.5368E-05  0.4354E-04 -0.5149E-04
   21.5-    22 4  0.2573E-11   0.000      0.1320E-07  0.7118E-07  0.2014E-05  0.4280E-05  0.3464E-04 -0.4102E-04
   21.5-    22 5  0.2603E-11   0.000      0.1042E-07  0.1872E-06  0.5712E-06  0.1213E-05  0.9797E-05 -0.1178E-04
   21.5-    24 6  0.6053E-13   0.000      0.1730E-09  0.9710E-09  0.2007E-07  0.4269E-07  0.3175E-06 -0.3814E-06
   22.5+    21 1  0.1876E-10   0.000      0.1214E-07  0.1075E-07  0.2484E-04  0.5137E-04  0.4241E-03 -0.5004E-03
   22.5+    21 2  0.1883E-10   0.000      0.8972E-07  0.9194E-09  0.1986E-04  0.4108E-04  0.3390E-03 -0.4000E-03
   22.5+    23 3  0.3481E-12   0.000      0.1232E-09  0.1031E-07  0.4773E-06  0.1021E-05  0.8016E-05 -0.9525E-05
   22.5+    23 4  0.4113E-12   0.000      0.2561E-08  0.1344E-07  0.3812E-06  0.8152E-06  0.6388E-05 -0.7601E-05
   22.5+    23 5  0.3164E-12   0.000      0.2028E-08  0.3553E-07  0.1078E-06  0.2305E-06  0.1803E-05 -0.2178E-05
   22.5+    25 6  0.6328E-13   0.000      0.1807E-10  0.9345E-10  0.1762E-08  0.3729E-08  0.2671E-07 -0.3231E-07
   22.5-    20 1  0.1190E-09   0.000      0.1964E-08  0.5533E-08  0.4445E-04  0.7997E-04  0.6054E-03 -0.7298E-03
   22.5-    22 2  0.2658E-11   0.000      0.7140E-08  0.4801E-08  0.2317E-05  0.4928E-05  0.4003E-04 -0.4729E-04
   22.5-    22 3  0.2690E-11   0.000      0.1286E-07  0.2557E-07  0.4423E-05  0.9405E-05  0.7636E-04 -0.9022E-04
   22.5-    22 4  0.2784E-11   0.000      0.2275E-07  0.1408E-06  0.2424E-05  0.5153E-05  0.4180E-04 -0.4954E-04
   22.5-    24 5  0.6328E-13   0.000      0.1165E-09  0.1163E-09  0.4196E-07  0.8956E-07  0.6748E-06 -0.8065E-06
   22.5-    24 6  0.6328E-13   0.000      0.2189E-09  0.2732E-08  0.1617E-07  0.3443E-07  0.2572E-06 -0.3108E-06
   23.5+    21 1  0.1958E-10   0.000      0.1002E-08  0.4009E-08  0.4421E-04  0.9142E-04  0.7549E-03 -0.8906E-03
   23.5+    23 2  0.3632E-12   0.000      0.1385E-08  0.7898E-09  0.4370E-06  0.9351E-06  0.7350E-05 -0.8724E-05
   23.5+    23 3  0.3632E-12   0.000      0.2480E-08  0.4842E-08  0.8370E-06  0.1791E-05  0.1407E-04 -0.1671E-04
   23.5+    23 4  0.2972E-12   0.000      0.4421E-08  0.2656E-07  0.4589E-06  0.9818E-06  0.7708E-05 -0.9179E-05
   23.5+    25 5  0.9905E-13   0.000      0.1189E-10  0.1135E-10  0.3764E-08  0.7991E-08  0.5788E-07 -0.6966E-07
   23.5+    25 6  0.9905E-13   0.000      0.2282E-10  0.2627E-09  0.1433E-08  0.3036E-08  0.2183E-07 -0.2658E-07
   23.5-    22 1  0.2740E-11   0.000      0.3468E-08  0.3002E-08  0.8303E-05  0.1766E-04  0.1435E-03 -0.1695E-03
   23.5-    22 2  0.2839E-11   0.000      0.2547E-07  0.2532E-09  0.6658E-05  0.1416E-04  0.1150E-03 -0.1359E-03
   23.5-    24 3  0.6603E-13   0.000      0.1474E-10  0.1347E-08  0.5979E-07  0.1277E-06  0.9652E-06 -0.1154E-05
   23.5-    24 4  0.6603E-13   0.000      0.3559E-09  0.1756E-08  0.4781E-07  0.1021E-06  0.7704E-06 -0.9224E-06
   23.5-    24 5  0.6603E-13   0.000      0.2827E-09  0.4660E-08  0.1349E-07  0.2879E-07  0.2169E-06 -0.2641E-06
   23.5-    26 6  0.3302E-13   0.000      0.1448E-11  0.6838E-11  0.1169E-09  0.2457E-09  0.1693E-08 -0.2064E-08
   24.5+    23 1  0.3095E-12   0.000      0.6707E-09  0.4927E-09  0.1565E-05  0.3349E-05  0.2633E-04 -0.3125E-04
   24.5+    23 2  0.4471E-12   0.000      0.4924E-08  0.4100E-10  0.1258E-05  0.2692E-05  0.2116E-04 -0.2511E-04
   24.5+    25 3  0.1376E-12   0.000      0.1307E-11  0.1288E-09  0.5373E-08  0.1142E-07  0.8291E-07 -0.9983E-07
   24.5+    25 4  0.6879E-13   0.000      0.3686E-10  0.1679E-09  0.4302E-08  0.9138E-08  0.6628E-07 -0.7993E-07
   24.5+    25 5  0.1720E-12   0.000      0.2936E-10  0.4473E-09  0.1211E-08  0.2572E-08  0.1863E-07 -0.2289E-07
   24.5+    27 6   0.000       0.000      0.9123E-13  0.3913E-12  0.6049E-11  0.1261E-10  0.8357E-10 -0.1027E-09
   24.5-    22 1  0.2889E-11   0.000      0.2653E-09  0.1118E-08  0.1475E-04  0.3138E-04  0.2550E-03 -0.3011E-03
   24.5-    24 2  0.6879E-13   0.000      0.1923E-09  0.8814E-10  0.5462E-07  0.1167E-06  0.8829E-06 -0.1054E-05
   24.5-    24 3  0.6879E-13   0.000      0.3427E-09  0.6337E-09  0.1050E-06  0.2242E-06  0.1696E-05 -0.2026E-05
   24.5-    24 4  0.6879E-13   0.000      0.6155E-09  0.3464E-08  0.5757E-07  0.1230E-06  0.9295E-06 -0.1114E-05
   24.5-    26 5   0.000       0.000      0.9336E-12  0.8412E-12  0.2542E-09  0.5359E-09  0.3728E-08 -0.4520E-08
   24.5-    26 6  0.1376E-12   0.000      0.1826E-11  0.1920E-10  0.9581E-10  0.2016E-09  0.1394E-08 -0.1712E-08
   25.5+    23 1  0.4650E-12   0.000      0.4478E-10  0.1833E-09  0.2777E-05  0.5943E-05  0.4673E-04 -0.5545E-04
   25.5+    25 2  0.7154E-13   0.000      0.1991E-10  0.7170E-11  0.4898E-08  0.1041E-07  0.7566E-07 -0.9099E-07
   25.5+    25 3   0.000       0.000      0.3530E-10  0.6073E-10  0.9441E-08  0.2006E-07  0.1458E-06 -0.1754E-06
   25.5+    25 4  0.7154E-13   0.000      0.6384E-10  0.3308E-09  0.5181E-08  0.1101E-07  0.7995E-07 -0.9653E-07
   25.5+    27 5   0.000       0.000      0.5778E-13  0.4870E-13  0.1336E-10  0.2792E-10  0.1866E-09 -0.2279E-09
   25.5+    27 6   0.000       0.000      0.1149E-12  0.1098E-11  0.4994E-11  0.1042E-10  0.6927E-10 -0.8590E-10
   25.5-    24 1  0.7154E-13   0.000      0.9288E-10  0.5481E-10  0.1955E-06  0.4178E-06  0.3162E-05 -0.3775E-05
   25.5-    24 2  0.7154E-13   0.000      0.6824E-09  0.4508E-11  0.1575E-06  0.3365E-06  0.2546E-05 -0.3040E-05
   25.5-    26 3  0.1788E-12   0.000      0.8900E-13  0.9380E-11  0.3634E-09  0.7665E-09  0.5345E-08 -0.6484E-08
   25.5-    26 4   0.000       0.000      0.2932E-11  0.1221E-10  0.2914E-09  0.6145E-09  0.4280E-08 -0.5202E-08
   25.5-    26 5   0.000       0.000      0.2341E-11  0.3265E-10  0.8192E-10  0.1727E-09  0.1202E-08 -0.1491E-08
   25.5-    28 6   0.000       0.000      0.4606E-14  0.1789E-13  0.2501E-12  0.5170E-12  0.3293E-11 -0.4082E-11
   26.5+    25 1  0.7429E-13   0.000      0.9591E-11  0.4445E-11  0.1752E-07  0.3725E-07  0.2708E-06 -0.3256E-06
   26.5+    25 2  0.1857E-12   0.000      0.7047E-10  0.3615E-12  0.1414E-07  0.3006E-07  0.2185E-06 -0.2627E-06
   26.5+    27 3   0.000       0.000      0.4785E-14  0.5345E-12  0.1911E-10  0.3996E-10  0.2675E-09 -0.3271E-09
   26.5+    27 4  0.1486E-12   0.000      0.1835E-12  0.6952E-12  0.1535E-10  0.3209E-10  0.2146E-09 -0.2628E-09
   26.5+    27 5  0.1486E-12   0.000      0.1468E-12  0.1864E-11  0.4310E-11  0.9008E-11  0.6018E-10 -0.7536E-10
   26.5+    29 6   0.000       0.000      0.1893E-15  0.6650E-15  0.8414E-14  0.1723E-13  0.1055E-12 -0.1320E-12
   26.5-    24 1  0.7429E-13   0.000      0.5293E-11  0.2038E-10  0.3465E-06  0.7404E-06  0.5604E-05 -0.6690E-05
   26.5-    26 2  0.1486E-12   0.000      0.1583E-11  0.4443E-12  0.3305E-09  0.6973E-09  0.4866E-08 -0.5895E-08
   26.5-    26 3  0.3714E-13   0.000      0.2794E-11  0.4429E-11  0.6389E-09  0.1348E-08  0.9403E-08 -0.1140E-07
   26.5-    26 4   0.000       0.000      0.5084E-11  0.2404E-10  0.3508E-09  0.7400E-09  0.5160E-08 -0.6280E-08
   26.5-    28 5   0.000       0.000      0.2872E-14  0.2251E-14  0.5593E-12  0.1158E-11  0.7431E-11 -0.9153E-11
   26.5-    28 6  0.7429E-13   0.000      0.5793E-14  0.5016E-13  0.2078E-12  0.4298E-12  0.2745E-11 -0.3364E-11
   27.5+    25 1  0.1926E-12   0.000      0.4631E-12  0.1651E-11  0.3102E-07  0.6593E-07  0.4794E-06 -0.5763E-06
   27.5+    27 2 -0.1541E-12   0.000      0.9907E-13  0.2162E-13  0.1734E-10  0.3627E-10  0.2429E-09 -0.2968E-09
   27.5+    27 3 -0.1541E-12   0.000      0.1741E-12  0.2528E-12  0.3361E-10  0.7031E-10  0.4708E-09 -0.5753E-09
   27.5+    27 4   0.000       0.000      0.3184E-12  0.1366E-11  0.1847E-10  0.3863E-10  0.2586E-09 -0.3173E-09
   27.5+    29 5 -0.7704E-13   0.000      0.1165E-15  0.8452E-16  0.1900E-13  0.3898E-13  0.2401E-12 -0.3753E-12
   27.5+    29 6  0.1541E-12   0.000      0.2379E-15  0.1863E-14  0.7027E-14  0.1440E-13  0.8834E-13  0.4221E-13
   27.5-    26 1  0.3852E-13   0.000      0.7614E-12  0.2746E-12  0.1182E-08  0.2494E-08  0.1741E-07 -0.2108E-07
   27.5-    26 2  0.3852E-13   0.000      0.5590E-11  0.2210E-13  0.9557E-09  0.2016E-08  0.1407E-07 -0.1705E-07
   27.5-    28 3   0.000       0.000      0.2073E-15  0.2435E-13  0.8000E-12  0.1658E-11  0.1065E-10 -0.1313E-10
   27.5-    28 4 -0.1541E-12   0.000      0.9205E-14  0.3163E-13  0.6438E-12  0.1334E-11  0.8564E-11 -0.1074E-10
   27.5-    28 5  0.1156E-12   0.000      0.7385E-14  0.8504E-13  0.1806E-12  0.3741E-12  0.2400E-11 -0.2931E-11
   27.5-    30 6  0.3852E-13   0.000      0.6425E-17  0.2039E-16  0.2337E-15  0.4737E-15  0.2788E-14  0.3500E-13
   28.5+    27 1   0.000       0.000      0.4759E-13  0.1332E-13  0.6198E-10  0.1297E-09  0.8685E-09 -0.1060E-08
   28.5+    27 2   0.000       0.000      0.3488E-12  0.1062E-14  0.5020E-10  0.1050E-09  0.7034E-09 -0.8589E-09
   28.5+    29 3   0.000       0.000      0.7355E-17  0.9026E-15  0.2718E-13  0.5577E-13  0.3440E-12 -0.4279E-12
   28.5+    29 4 -0.7979E-13   0.000      0.3763E-15  0.1171E-14  0.2191E-13  0.4496E-13  0.2771E-12 -0.4254E-12
   28.5+    29 5   0.000       0.000      0.3025E-15  0.3155E-14  0.6143E-14  0.1260E-13  0.7762E-13 -0.9982E-13
   28.5+    31 6 -0.7979E-13   0.000      0.1821E-18  0.5217E-18  0.5421E-17  0.1088E-16  0.6155E-16 -0.7987E-13
   28.5-    26 1   0.000       0.000      0.3113E-13  0.1019E-12  0.2090E-08  0.4410E-08  0.3078E-07 -0.3728E-07
   28.5-    28 2  0.7979E-13   0.000      0.4973E-14  0.8453E-15  0.7244E-12  0.1501E-11  0.9651E-11 -0.1180E-10
   28.5-    28 3 -0.1596E-12   0.000      0.8697E-14  0.1154E-13  0.1408E-11  0.2918E-11  0.1875E-10 -0.2326E-10
   28.5-    28 4   0.000       0.000      0.1599E-13  0.6210E-13  0.7742E-12  0.1604E-11  0.1031E-10 -0.1276E-10
   28.5-    30 5   0.000       0.000      0.3905E-17  0.2616E-17  0.5321E-15  0.1080E-14  0.6392E-14 -0.8011E-14
   28.5-    30 6   0.000       0.000      0.8068E-17  0.5709E-16  0.1960E-15  0.3976E-15  0.2345E-14 -0.3003E-14
   29.5+    27 1  0.1651E-12   0.000      0.1651E-14  0.4939E-14  0.1095E-09  0.2290E-09  0.1534E-08 -0.1872E-08
   29.5+    29 2   0.000       0.000      0.2034E-15  0.2701E-16  0.2456E-13  0.5040E-13  0.3110E-12 -0.3862E-12
   29.5+    29 3  0.4127E-13   0.000      0.3542E-15  0.4282E-15  0.4785E-13  0.9819E-13  0.6059E-12 -0.7114E-12
   29.5+    29 4   0.000       0.000      0.6538E-15  0.2296E-14  0.2633E-13  0.5402E-13  0.3333E-12 -0.4166E-12
   29.5+    31 5  0.1238E-12   0.000      0.1095E-18  0.6753E-19  0.1243E-16  0.2498E-16  0.1420E-15  0.1236E-12
   29.5+    31 6   0.000       0.000      0.2285E-18  0.1460E-17  0.4566E-17  0.9168E-17  0.5196E-16 -0.6738E-16
   29.5-    28 1 -0.8254E-13   0.000      0.2387E-14  0.5189E-15  0.2588E-11  0.5364E-11  0.3449E-10 -0.4253E-10
   29.5-    28 2   0.000       0.000      0.1745E-13  0.4099E-16  0.2100E-11  0.4352E-11  0.2798E-10 -0.3445E-10
   29.5-    30 3   0.000       0.000      0.2167E-18  0.2760E-16  0.7605E-15  0.1545E-14  0.9151E-14 -0.1148E-13
   29.5-    30 4   0.000       0.000      0.1270E-16  0.3574E-16  0.6143E-15  0.1248E-14  0.7387E-14 -0.9297E-14
   29.5-    30 5  0.4127E-13   0.000      0.1023E-16  0.9654E-16  0.1721E-15  0.3496E-15  0.2068E-14  0.3858E-13
   29.5-    32 6   0.000       0.000      0.4352E-20  0.1126E-19  0.1062E-18  0.2109E-18  0.1147E-17 -0.1480E-17
   30.5+    29 1   0.000       0.000      0.9760E-16  0.1653E-16  0.8769E-13  0.1800E-12  0.1111E-11 -0.1379E-11
   30.5+    29 2  0.1279E-12   0.000      0.7116E-15  0.1295E-17  0.7127E-13  0.1463E-12  0.9026E-12 -0.9929E-12
   30.5+    31 3  0.4265E-13   0.000      0.5359E-20  0.7049E-18  0.1775E-16  0.3569E-16  0.2030E-15  0.4239E-13
   30.5+    31 4  0.4265E-13   0.000      0.3583E-18  0.9112E-18  0.1437E-16  0.2888E-16  0.1642E-15  0.4244E-13
   30.5+    31 5   0.000       0.000      0.2892E-18  0.2466E-17  0.4024E-17  0.8088E-17  0.4597E-16 -0.6084E-16
   30.5+    33 6  0.4265E-13   0.000      0.8853E-22  0.2068E-21  0.1772E-20  0.3483E-20  0.1821E-19  0.4265E-13
   30.5-    28 1 -0.8530E-13   0.000      0.7054E-16  0.1923E-15  0.4567E-11  0.9466E-11  0.6086E-10 -0.7498E-10
   30.5-    30 2  0.4265E-13   0.000      0.6873E-17  0.7159E-18  0.6857E-15  0.1393E-14  0.8255E-14  0.3231E-13
   30.5-    30 3  0.8530E-13   0.000      0.1192E-16  0.1312E-16  0.1339E-14  0.2720E-14  0.1612E-13  0.6509E-13
   30.5-    30 4  0.4265E-13   0.000      0.2208E-16  0.7003E-16  0.7375E-15  0.1498E-14  0.8873E-14  0.3145E-13
   30.5-    32 5  0.8530E-13   0.000      0.2592E-20  0.1469E-20  0.2448E-18  0.4868E-18  0.2658E-17  0.8529E-13
   30.5-    32 6  0.8530E-13   0.000      0.5458E-20  0.3149E-19  0.8974E-19  0.1783E-18  0.9714E-18  0.8529E-13
   31.5+    29 1  0.1321E-12   0.000      0.2468E-17  0.6121E-17  0.1546E-12  0.3173E-12  0.1958E-11 -0.2298E-11
   31.5+    31 2  0.4402E-13   0.000      0.1940E-18  0.1592E-19  0.1597E-16  0.3211E-16  0.1828E-15  0.4379E-13
   31.5+    31 3 -0.8805E-13   0.000      0.3351E-18  0.3355E-18  0.3126E-16  0.6285E-16  0.3576E-15 -0.8850E-13
   31.5+    31 4   0.000       0.000      0.6229E-18  0.1784E-17  0.1723E-16  0.3464E-16  0.1971E-15 -0.2513E-15
   31.5+    33 5  0.8805E-13   0.000      0.5229E-22  0.2720E-22  0.4102E-20  0.8071E-20  0.4236E-19  0.8805E-13
   31.5+    33 6   0.000       0.000      0.1110E-21  0.5782E-21  0.1502E-20  0.2953E-20  0.1546E-19 -0.2061E-19
   31.5-    30 1 -0.1761E-12   0.000      0.3297E-17  0.4365E-18  0.2447E-14  0.4972E-14  0.2947E-13 -0.2130E-12
   31.5-    30 2 -0.8805E-13   0.000      0.2396E-16  0.3392E-19  0.1992E-14  0.4047E-14  0.2398E-13 -0.1181E-12
   31.5-    32 3  0.4402E-13   0.000      0.1124E-21  0.1519E-19  0.3493E-18  0.6948E-18  0.3798E-17  0.4402E-13
   31.5-    32 4   0.000       0.000      0.8529E-20  0.1960E-19  0.2832E-18  0.5633E-18  0.3078E-17 -0.3952E-17
   31.5-    32 5   0.000       0.000      0.6896E-20  0.5315E-19  0.7932E-19  0.1578E-18  0.8615E-18 -0.1159E-17
   31.5-    34 6   0.000       0.000      0.1545E-23  0.3259E-23  0.2539E-22  0.4937E-22  0.2482E-21 -0.3278E-21
   32.5+    31 1 -0.9080E-13   0.000      0.9309E-19  0.9673E-20  0.5698E-16  0.1146E-15  0.6520E-15 -0.9162E-13
   32.5+    31 2  0.9080E-13   0.000      0.6742E-18  0.7462E-21  0.4645E-16  0.9339E-16  0.5315E-15  0.9013E-13
   32.5+    33 3 -0.9080E-13   0.000      0.2018E-23  0.2786E-21  0.5848E-20  0.1151E-19  0.6045E-19 -0.9080E-13
   32.5+    33 4  0.4540E-13   0.000      0.1728E-21  0.3589E-21  0.4750E-20  0.9348E-20  0.4908E-19  0.4540E-13
   32.5+    33 5   0.000       0.000      0.1400E-21  0.9748E-21  0.1330E-20  0.2618E-20  0.1374E-19 -0.1880E-19
   32.5+    35 6   0.000       0.000      0.2328E-25  0.4437E-25  0.3144E-24  0.6050E-24  0.2925E-23 -0.3912E-23
   32.5-    30 1  0.1816E-12   0.000      0.7170E-19  0.1616E-18  0.4311E-14  0.8758E-14  0.5191E-13  0.1166E-12
   32.5-    32 2  0.9080E-13   0.000      0.4622E-20  0.3001E-21  0.3136E-18  0.6240E-18  0.3411E-17  0.9079E-13
   32.5-    32 3   0.000       0.000      0.7951E-20  0.7238E-20  0.6151E-18  0.1224E-17  0.6690E-17 -0.8544E-17
   32.5-    32 4   0.000       0.000      0.1483E-19  0.3833E-19  0.3393E-18  0.6750E-18  0.3689E-17 -0.4756E-17
   32.5-    34 5  0.4540E-13   0.000      0.9055E-24  0.4317E-24  0.5897E-22  0.1148E-21  0.5790E-21  0.4540E-13
   32.5-    34 6   0.000       0.000      0.1936E-23  0.9107E-23  0.2157E-22  0.4197E-22  0.2113E-21 -0.2859E-21
   33.5+    31 1   0.000       0.000      0.1749E-20  0.3578E-20  0.1003E-15  0.2016E-15  0.1148E-14 -0.1450E-14
   33.5+    33 2   0.000       0.000      0.9374E-22  0.4838E-23  0.5241E-20  0.1032E-19  0.5419E-19 -0.6985E-19
   33.5+    33 3   0.000       0.000      0.1607E-21  0.1329E-21  0.1030E-19  0.2027E-19  0.1065E-18 -0.1373E-18
   33.5+    33 4  0.9355E-13   0.000      0.3004E-21  0.7013E-21  0.5685E-20  0.1119E-19  0.5877E-19  0.9355E-13
   33.5+    35 5   0.000       0.000      0.1355E-25  0.5918E-26  0.7324E-24  0.1411E-23  0.6840E-23 -0.9002E-23
   33.5+    35 6  0.9355E-13   0.000      0.2916E-25  0.1239E-24  0.2678E-24  0.5154E-24  0.2495E-23  0.9355E-13
   33.5-    32 1   0.000       0.000      0.2218E-20  0.1817E-21  0.1118E-17  0.2225E-17  0.1217E-16 -0.1551E-16
   33.5-    32 2   0.000       0.000      0.1601E-19  0.1392E-22  0.9130E-18  0.1816E-17  0.9930E-17 -0.1268E-16
   33.5-    34 3   0.000       0.000      0.3120E-25  0.4385E-23  0.8398E-22  0.1635E-21  0.8254E-21 -0.1077E-20
   33.5-    34 4   0.000       0.000      0.3004E-23  0.5638E-23  0.6834E-22  0.1330E-21  0.6713E-21 -0.8814E-21
   33.5-    34 5  0.1403E-12   0.000      0.2437E-23  0.1534E-22  0.1914E-22  0.3726E-22  0.1879E-21  0.1403E-12
   33.5-    36 6   0.000       0.000      0.3049E-27  0.5252E-27  0.3388E-26  0.6449E-26  0.2999E-25 -0.4066E-25
   34.5+    33 1   0.000       0.000      0.4501E-22  0.2919E-23  0.1868E-19  0.3677E-19  0.1932E-18 -0.2487E-18
   34.5+    33 2  0.4815E-13   0.000      0.3236E-21  0.2221E-24  0.1527E-19  0.3006E-19  0.1579E-18  0.4815E-13
   34.5+    35 3  0.9630E-13   0.000      0.4187E-27  0.5963E-25  0.1042E-23  0.2007E-23  0.9738E-23  0.9630E-13
   34.5+    35 4   0.000       0.000      0.4512E-25  0.7654E-25  0.8493E-24  0.1636E-23  0.7935E-23 -0.1054E-22
   34.5+    35 5   0.000       0.000      0.3666E-25  0.2086E-24  0.2379E-24  0.4581E-24  0.2222E-23 -0.3163E-23
   34.5+    37 6   0.000       0.000      0.3491E-29  0.5436E-29  0.3194E-28  0.6014E-28  0.2691E-27 -0.3701E-27
   34.5-    32 1   0.000       0.000      0.3618E-22  0.6719E-22  0.1967E-17  0.3913E-17  0.2140E-16 -0.2728E-16
   34.5-    34 2   0.000       0.000      0.1631E-23  0.6720E-25  0.7513E-22  0.1463E-21  0.7385E-21 -0.9617E-21
   34.5-    34 3  0.4815E-13   0.000      0.2785E-23  0.2095E-23  0.1479E-21  0.2880E-21  0.1454E-20  0.4815E-13
   34.5-    34 4  0.4815E-13   0.000      0.5222E-23  0.1101E-22  0.8171E-22  0.1591E-21  0.8030E-21  0.4815E-13
   34.5-    36 5 -0.9630E-13   0.000      0.1764E-27  0.7050E-28  0.7910E-26  0.1507E-25  0.7026E-25 -0.9630E-13
   34.5-    36 6   0.000       0.000      0.3819E-27  0.1466E-26  0.2891E-26  0.5505E-26  0.2563E-25 -0.3587E-25
   35.5+    33 1  0.4953E-13   0.000      0.6401E-24  0.1079E-23  0.3283E-19  0.6462E-19  0.3395E-18  0.4953E-13
   35.5+    35 2  0.9905E-13   0.000      0.2452E-25  0.8100E-27  0.9304E-24  0.1792E-23  0.8697E-23  0.9905E-13
   35.5+    35 3   0.000       0.000      0.4173E-25  0.2853E-25  0.1835E-23  0.3535E-23  0.1715E-22 -0.2259E-22
   35.5+    35 4  0.4953E-13   0.000      0.7842E-25  0.1494E-24  0.1014E-23  0.1954E-23  0.9481E-23  0.4953E-13
   35.5+    37 5   0.000       0.000      0.2009E-29  0.7341E-30  0.7471E-28  0.1408E-27  0.6312E-27 -0.8495E-27
   35.5+    37 6   0.000       0.000      0.4372E-29  0.1517E-28  0.2730E-28  0.5143E-28  0.2303E-27 -0.3286E-27
   35.5-    34 1   0.000       0.000      0.7835E-24  0.4040E-25  0.2676E-21  0.5212E-21  0.2631E-20 -0.3421E-20
   35.5-    34 2  0.1486E-12   0.000      0.5613E-23  0.3055E-26  0.2191E-21  0.4266E-21  0.2153E-20  0.1486E-12
   35.5-    36 3   0.000       0.000      0.4905E-29  0.7052E-27  0.1124E-25  0.2142E-25  0.9990E-25 -0.1333E-24
   35.5-    36 4   0.000       0.000      0.5891E-27  0.9036E-27  0.9177E-26  0.1748E-25  0.8154E-25 -0.1097E-24
   35.5-    36 5   0.000       0.000      0.4793E-27  0.2466E-26  0.2571E-26  0.4897E-26  0.2283E-25 -0.3325E-25
   35.5-    38 6   0.000       0.000      0.3513E-31  0.4945E-31  0.2648E-30  0.4933E-30  0.2123E-29 -0.2966E-29
   36.5+    35 1  0.5090E-13   0.000      0.1179E-25  0.4852E-27  0.3313E-23  0.6382E-23  0.3097E-22  0.5090E-13
   36.5+    35 2  0.5090E-13   0.000      0.8412E-25  0.3647E-28  0.2715E-23  0.5230E-23  0.2538E-22  0.5090E-13
   36.5+    37 3 -0.1018E-12   0.000      0.5043E-31  0.7294E-29  0.1060E-27  0.1998E-27  0.8965E-27 -0.1018E-12
   36.5+    37 4   0.000       0.000      0.6725E-29  0.9330E-29  0.8672E-28  0.1634E-27  0.7329E-27 -0.9991E-27
   36.5+    37 5   0.000       0.000      0.5480E-29  0.2549E-28  0.2430E-28  0.4578E-28  0.2053E-27 -0.3063E-27
   36.5+    39 6   0.000       0.000      0.3121E-33  0.3974E-33  0.1940E-32  0.3575E-32  0.1481E-31 -0.2103E-31
   36.5-    34 1  0.5090E-13   0.000      0.9760E-26  0.1492E-25  0.4700E-21  0.9153E-21  0.4621E-20  0.5090E-13
   36.5-    36 2 -0.1018E-12   0.000      0.3205E-27  0.8522E-29  0.1002E-25  0.1909E-25  0.8907E-25 -0.1018E-12
   36.5-    36 3   0.000       0.000      0.5437E-27  0.3378E-27  0.1980E-25  0.3772E-25  0.1760E-24 -0.2344E-24
   36.5-    36 4   0.000       0.000      0.1024E-26  0.1762E-26  0.1095E-25  0.2086E-25  0.9734E-25 -0.1319E-24
   36.5-    38 5   0.000       0.000      0.2011E-31  0.6717E-32  0.6203E-30  0.1156E-29  0.4986E-29 -0.6790E-29
   36.5-    38 6   0.000       0.000      0.4398E-31  0.1380E-30  0.2267E-30  0.4224E-30  0.1820E-29 -0.2651E-29
   37.5+    35 1  0.5228E-13   0.000      0.1291E-27  0.1791E-27  0.5815E-23  0.1120E-22  0.5436E-22  0.5228E-13
   37.5+    37 2 -0.1046E-12   0.000      0.3663E-29  0.7869E-31  0.9437E-28  0.1778E-27  0.7980E-27 -0.1046E-12
   37.5+    37 3   0.000       0.000      0.6194E-29  0.3497E-29  0.1867E-27  0.3519E-27  0.1579E-26 -0.2127E-26
   37.5+    37 4   0.000       0.000      0.1169E-28  0.1818E-28  0.1034E-27  0.1948E-27  0.8740E-27 -0.1202E-26
   37.5+    39 5   0.000       0.000      0.1778E-33  0.5427E-34  0.4549E-32  0.8386E-32  0.3480E-31 -0.4796E-31
   37.5+    39 6   0.000       0.000      0.3907E-33  0.1108E-32  0.1663E-32  0.3065E-32  0.1271E-31 -0.1893E-31
   37.5-    36 1 -0.1046E-12   0.000      0.1541E-27  0.5086E-29  0.3567E-25  0.6796E-25  0.3171E-24 -0.1046E-12
   37.5-    36 2   0.000       0.000      0.1096E-26  0.3802E-30  0.2926E-25  0.5575E-25  0.2601E-24 -0.3462E-24
   37.5-    38 3   0.000       0.000      0.4574E-33  0.6631E-31  0.8794E-30  0.1639E-29  0.7073E-29 -0.9658E-29
   37.5-    38 4   0.000       0.000      0.6748E-31  0.8469E-31  0.7203E-30  0.1343E-29  0.5792E-29 -0.8007E-29
   37.5-    38 5   0.000       0.000      0.5506E-31  0.2317E-30  0.2018E-30  0.3762E-30  0.1623E-29 -0.2487E-29
   37.5-    40 6  0.5228E-13   0.000      0.2459E-35  0.2833E-35  0.1261E-34  0.2299E-34  0.9163E-34  0.5228E-13
   38.5+    37 1   0.000       0.000      0.1763E-29  0.4680E-31  0.3358E-27  0.6328E-27  0.2839E-26 -0.3810E-26
   38.5+    37 2   0.000       0.000      0.1249E-28  0.3479E-32  0.2758E-27  0.5197E-27  0.2332E-26 -0.3140E-26
   38.5+    39 3   0.000       0.000      0.3675E-35  0.5326E-33  0.6442E-32  0.1188E-31  0.4930E-31 -0.6815E-31
   38.5+    39 4   0.000       0.000      0.5980E-33  0.6791E-33  0.5285E-32  0.9742E-32  0.4043E-31 -0.5673E-31
   38.5+    39 5   0.000       0.000      0.4885E-33  0.1860E-32  0.1481E-32  0.2730E-32  0.1133E-31 -0.1789E-31
   38.5+    41 6  0.5365E-13   0.000      0.1725E-37  0.1799E-37  0.7308E-37  0.1317E-36  0.5053E-36  0.5365E-13
   38.5-    36 1   0.000       0.000      0.1491E-29  0.1877E-29  0.6256E-25  0.1192E-24  0.5562E-24 -0.7379E-24
   38.5-    38 2   0.000       0.000      0.3679E-31  0.6411E-33  0.7814E-30  0.1457E-29  0.6285E-29 -0.8561E-29
   38.5-    38 3   0.000       0.000      0.6203E-31  0.3183E-31  0.1549E-29  0.2887E-29  0.1246E-28 -0.1698E-28
   38.5-    38 4   0.000       0.000      0.1173E-30  0.1649E-30  0.8579E-30  0.1599E-29  0.6900E-29 -0.9639E-29
   38.5-    40 5  0.5365E-13   0.000      0.1395E-35  0.3889E-36  0.2960E-34  0.5397E-34  0.2155E-33  0.5365E-13
   38.5-    40 6  0.1073E-12   0.000      0.3078E-35  0.7898E-35  0.1083E-34  0.1974E-34  0.7872E-34  0.1073E-12
   39.5+    37 1   0.000       0.000      0.1511E-31  0.1726E-31  0.5886E-27  0.1109E-26  0.4977E-26 -0.6675E-26
   39.5+    39 2   0.000       0.000      0.3263E-33  0.4628E-35  0.5715E-32  0.1054E-31  0.4374E-31 -0.6033E-31
   39.5+    39 3   0.000       0.000      0.5486E-33  0.2559E-33  0.1134E-31  0.2091E-31  0.8681E-31 -0.1199E-30
   39.5+    39 4   0.000       0.000      0.1039E-32  0.1322E-32  0.6288E-32  0.1159E-31  0.4812E-31 -0.6836E-31
   39.5+    41 5   0.000       0.000      0.9746E-38  0.2481E-38  0.1716E-36  0.3094E-36  0.1189E-35 -0.1682E-35
   39.5+    41 6   0.000       0.000      0.2159E-37  0.5013E-37  0.6280E-37  0.1132E-36  0.4345E-36 -0.6823E-36
   39.5-    38 1   0.000       0.000      0.1772E-31  0.3798E-33  0.2779E-29  0.5181E-29  0.2236E-28 -0.3034E-28
   39.5-    38 2   0.000       0.000      0.1251E-30  0.2810E-34  0.2285E-29  0.4259E-29  0.1838E-28 -0.2505E-28
   39.5-    40 3 -0.1101E-12   0.000      0.2628E-37  0.3795E-35  0.4187E-34  0.7635E-34  0.3049E-33 -0.1101E-12
   39.5-    40 4 -0.1101E-12   0.000      0.4700E-35  0.4831E-35  0.3440E-34  0.6272E-34  0.2504E-33 -0.1101E-12
   39.5-    40 5  0.1101E-12   0.000      0.3844E-35  0.1324E-34  0.9643E-35  0.1758E-34  0.7019E-34  0.1101E-12
   39.5-    42 6   0.000       0.000      0.1082E-39  0.1021E-39  0.3786E-39  0.6750E-39  0.2492E-38 -0.3756E-38
   40.5+    39 1  0.5640E-13   0.000      0.1572E-33  0.2731E-35  0.2032E-31  0.3747E-31  0.1555E-30  0.5640E-13
   40.5+    39 2   0.000       0.000      0.1106E-32  0.2011E-36  0.1672E-31  0.3084E-31  0.1280E-30 -0.1767E-30
   40.5+    41 3   0.000       0.000      0.1679E-39  0.2408E-37  0.2424E-36  0.4372E-36  0.1680E-35 -0.2384E-35
   40.5+    41 4   0.000       0.000      0.3290E-37  0.3062E-37  0.1994E-36  0.3597E-36  0.1382E-35 -0.2004E-35
   40.5+    41 5   0.000       0.000      0.2694E-37  0.8401E-37  0.5592E-37  0.1009E-36  0.3874E-36 -0.6551E-36
   40.5+    43 6   0.000       0.000      0.6085E-42  0.5201E-42  0.1760E-41  0.3104E-41  0.1103E-40 -0.1703E-40
   40.5-    38 1   0.000       0.000      0.1351E-33  0.1401E-33  0.4869E-29  0.9076E-29  0.3917E-28 -0.5311E-28
   40.5-    40 2  0.5640E-13   0.000      0.2567E-35  0.2973E-37  0.3709E-34  0.6764E-34  0.2701E-33  0.5640E-13
   40.5-    40 3  0.5640E-13   0.000      0.4304E-35  0.1825E-35  0.7372E-34  0.1344E-33  0.5369E-33  0.5640E-13
   40.5-    40 4  0.1128E-12   0.000      0.8164E-35  0.9396E-35  0.4089E-34  0.7457E-34  0.2978E-33  0.1128E-12
   40.5-    42 5   0.000       0.000      0.6088E-40  0.1415E-40  0.8893E-39  0.1586E-38  0.5864E-38 -0.8415E-38
   40.5-    42 6   0.000       0.000      0.1354E-39  0.2845E-39  0.3257E-39  0.5807E-39  0.2145E-38 -0.3471E-38
