 loop =           0  is type =           0   0.00000000       11.0000000       0.00000000       1.29999995       0.00000000       0.00000000       0.00000000       0.00000000       0.00000000    
 loop =          -1  is type =           1   0.00000000       87.7704010       1.16999996      0.721531987       6.71593994E-02   1.32500005      0.645678997       0.00000000       0.00000000    
 loop =          -1  is type =           2   0.00000000       0.00000000       0.00000000       0.00000000       12.3245001       1.32500005      0.645678997       0.00000000       0.00000000    
 loop =          -1  is type =           3   0.00000000       3.55811000       1.07000005      0.660000026       0.00000000       0.00000000       0.00000000       0.00000000       0.00000000    
 WOUT,ITER,FALLOC = F           0 F
