1Inelastic  7Li(d,p)8Li(g1) 7.266 AMeV ADKD-KD LEA no SO                
8.1600E+00    8.1530E+00    8.1318E+00    8.0961E+00    8.0454E+00    7.9791E+00
    7.8965E+00    7.7969E+00    7.6798E+00    7.5450E+00    7.3923E+00
    7.2220E+00    7.0345E+00    6.8308E+00    6.6119E+00    6.3794E+00
    6.1348E+00    5.8799E+00    5.6169E+00    5.3477E+00    5.0745E+00
    4.7994E+00    4.5247E+00    4.2523E+00    3.9844E+00    3.7226E+00
    3.4686E+00    3.2240E+00    2.9900E+00    2.7675E+00    2.5573E+00
    2.3600E+00    2.1757E+00    2.0046E+00    1.8467E+00    1.7017E+00
    1.5693E+00    1.4491E+00    1.3408E+00    1.2438E+00    1.1575E+00
    1.0814E+00    1.0149E+00    9.5724E-01    9.0786E-01    8.6603E-01
    8.3105E-01    8.0222E-01    7.7888E-01    7.6038E-01    7.4612E-01
    7.3553E-01    7.2810E-01    7.2336E-01    7.2085E-01    7.2018E-01
    7.2095E-01    7.2282E-01    7.2543E-01    7.2849E-01    7.3171E-01
    7.3483E-01    7.3764E-01    7.3996E-01    7.4163E-01    7.4255E-01
    7.4262E-01    7.4181E-01    7.4007E-01    7.3738E-01    7.3374E-01
    7.2914E-01    7.2358E-01    7.1708E-01    7.0964E-01    7.0128E-01
    6.9202E-01    6.8191E-01    6.7097E-01    6.5927E-01    6.4685E-01
    6.3379E-01    6.2015E-01    6.0601E-01    5.9143E-01    5.7649E-01
    5.6125E-01    5.4577E-01    5.3012E-01    5.1436E-01    4.9852E-01
    4.8267E-01    4.6685E-01    4.5110E-01    4.3548E-01    4.2002E-01
    4.0477E-01    3.8976E-01    3.7504E-01    3.6065E-01    3.4662E-01
    3.3299E-01    3.1978E-01    3.0703E-01    2.9475E-01    2.8298E-01
    2.7174E-01    2.6104E-01    2.5091E-01    2.4135E-01    2.3239E-01
    2.2405E-01    2.1634E-01    2.0927E-01    2.0285E-01    1.9711E-01
    1.9206E-01    1.8770E-01    1.8405E-01    1.8112E-01    1.7892E-01
    1.7745E-01    1.7673E-01    1.7676E-01    1.7755E-01    1.7909E-01
    1.8140E-01    1.8447E-01    1.8831E-01    1.9291E-01    1.9827E-01
    2.0440E-01    2.1128E-01    2.1891E-01    2.2728E-01    2.3638E-01
    2.4619E-01    2.5671E-01    2.6792E-01    2.7979E-01    2.9231E-01
    3.0545E-01    3.1919E-01    3.3349E-01    3.4832E-01    3.6364E-01
    3.7943E-01    3.9563E-01    4.1221E-01    4.2911E-01    4.4629E-01
    4.6371E-01    4.8130E-01    4.9902E-01    5.1680E-01    5.3459E-01
    5.5234E-01    5.6998E-01    5.8744E-01    6.0468E-01    6.2163E-01
    6.3822E-01    6.5440E-01    6.7010E-01    6.8528E-01    6.9986E-01
    7.1380E-01    7.2704E-01    7.3952E-01    7.5120E-01    7.6203E-01
    7.7197E-01    7.8097E-01    7.8901E-01    7.9604E-01    8.0204E-01
    8.0699E-01    8.1086E-01    8.1363E-01    8.1530E-01
