    0.00   8.160000E+00
    1.00   8.153000E+00
    2.00   8.131800E+00
    3.00   8.096100E+00
    4.00   8.045400E+00
    5.00   7.979100E+00
    6.00   7.896500E+00
    7.00   7.796900E+00
    8.00   7.679800E+00
    9.00   7.545000E+00
   10.00   7.392300E+00
   11.00   7.222000E+00
   12.00   7.034500E+00
   13.00   6.830800E+00
   14.00   6.611900E+00
   15.00   6.379400E+00
   16.00   6.134800E+00
   17.00   5.879900E+00
   18.00   5.616900E+00
   19.00   5.347700E+00
   20.00   5.074500E+00
   21.00   4.799400E+00
   22.00   4.524700E+00
   23.00   4.252300E+00
   24.00   3.984400E+00
   25.00   3.722600E+00
   26.00   3.468600E+00
   27.00   3.224000E+00
   28.00   2.990000E+00
   29.00   2.767500E+00
   30.00   2.557300E+00
   31.00   2.360000E+00
   32.00   2.175700E+00
   33.00   2.004600E+00
   34.00   1.846700E+00
   35.00   1.701700E+00
   36.00   1.569300E+00
   37.00   1.449100E+00
   38.00   1.340800E+00
   39.00   1.243800E+00
   40.00   1.157500E+00
   41.00   1.081400E+00
   42.00   1.014900E+00
   43.00   9.572400E-01
   44.00   9.078600E-01
   45.00   8.660300E-01
   46.00   8.310500E-01
   47.00   8.022200E-01
   48.00   7.788800E-01
   49.00   7.603800E-01
   50.00   7.461200E-01
   51.00   7.355300E-01
   52.00   7.281000E-01
   53.00   7.233600E-01
   54.00   7.208500E-01
   55.00   7.201800E-01
   56.00   7.209500E-01
   57.00   7.228200E-01
   58.00   7.254300E-01
   59.00   7.284900E-01
   60.00   7.317100E-01
   61.00   7.348300E-01
   62.00   7.376400E-01
   63.00   7.399600E-01
   64.00   7.416300E-01
   65.00   7.425500E-01
   66.00   7.426200E-01
   67.00   7.418100E-01
   68.00   7.400700E-01
   69.00   7.373800E-01
   70.00   7.337400E-01
   71.00   7.291400E-01
   72.00   7.235800E-01
   73.00   7.170800E-01
   74.00   7.096400E-01
   75.00   7.012800E-01
   76.00   6.920200E-01
   77.00   6.819100E-01
   78.00   6.709700E-01
   79.00   6.592700E-01
   80.00   6.468500E-01
   81.00   6.337900E-01
   82.00   6.201500E-01
   83.00   6.060100E-01
   84.00   5.914300E-01
   85.00   5.764900E-01
   86.00   5.612500E-01
   87.00   5.457700E-01
   88.00   5.301200E-01
   89.00   5.143600E-01
   90.00   4.985200E-01
   91.00   4.826700E-01
   92.00   4.668500E-01
   93.00   4.511000E-01
   94.00   4.354800E-01
   95.00   4.200200E-01
   96.00   4.047700E-01
   97.00   3.897600E-01
   98.00   3.750400E-01
   99.00   3.606500E-01
  100.00   3.466200E-01
  101.00   3.329900E-01
  102.00   3.197800E-01
  103.00   3.070300E-01
  104.00   2.947500E-01
  105.00   2.829800E-01
  106.00   2.717400E-01
  107.00   2.610400E-01
  108.00   2.509100E-01
  109.00   2.413500E-01
  110.00   2.323900E-01
  111.00   2.240500E-01
  112.00   2.163400E-01
  113.00   2.092700E-01
  114.00   2.028500E-01
  115.00   1.971100E-01
  116.00   1.920600E-01
  117.00   1.877000E-01
  118.00   1.840500E-01
  119.00   1.811200E-01
  120.00   1.789200E-01
  121.00   1.774500E-01
  122.00   1.767300E-01
  123.00   1.767600E-01
  124.00   1.775500E-01
  125.00   1.790900E-01
  126.00   1.814000E-01
  127.00   1.844700E-01
  128.00   1.883100E-01
  129.00   1.929100E-01
  130.00   1.982700E-01
  131.00   2.044000E-01
  132.00   2.112800E-01
  133.00   2.189100E-01
  134.00   2.272800E-01
  135.00   2.363800E-01
  136.00   2.461900E-01
  137.00   2.567100E-01
  138.00   2.679200E-01
  139.00   2.797900E-01
  140.00   2.923100E-01
  141.00   3.054500E-01
  142.00   3.191900E-01
  143.00   3.334900E-01
  144.00   3.483200E-01
  145.00   3.636400E-01
  146.00   3.794300E-01
  147.00   3.956300E-01
  148.00   4.122100E-01
  149.00   4.291100E-01
  150.00   4.462900E-01
  151.00   4.637100E-01
  152.00   4.813000E-01
  153.00   4.990200E-01
  154.00   5.168000E-01
  155.00   5.345900E-01
  156.00   5.523400E-01
  157.00   5.699800E-01
  158.00   5.874400E-01
  159.00   6.046800E-01
  160.00   6.216300E-01
  161.00   6.382200E-01
  162.00   6.544000E-01
  163.00   6.701000E-01
  164.00   6.852800E-01
  165.00   6.998600E-01
  166.00   7.138000E-01
  167.00   7.270400E-01
  168.00   7.395200E-01
  169.00   7.512000E-01
  170.00   7.620300E-01
  171.00   7.719700E-01
  172.00   7.809700E-01
  173.00   7.890100E-01
  174.00   7.960400E-01
  175.00   8.020400E-01
  176.00   8.069900E-01
  177.00   8.108600E-01
  178.00   8.136300E-01
  179.00   8.153000E-01
