    0.00   8.321000E+00
    1.00   8.299300E+00
    2.00   8.234800E+00
    3.00   8.129100E+00
    4.00   7.985000E+00
    5.00   7.806000E+00
    6.00   7.596300E+00
    7.00   7.360500E+00
    8.00   7.103400E+00
    9.00   6.829900E+00
   10.00   6.544200E+00
   11.00   6.250400E+00
   12.00   5.951800E+00
   13.00   5.651000E+00
   14.00   5.350000E+00
   15.00   5.049900E+00
   16.00   4.751800E+00
   17.00   4.456100E+00
   18.00   4.163200E+00
   19.00   3.873800E+00
   20.00   3.588600E+00
   21.00   3.309000E+00
   22.00   3.036700E+00
   23.00   2.773700E+00
   24.00   2.522500E+00
   25.00   2.285400E+00
   26.00   2.064500E+00
   27.00   1.861400E+00
   28.00   1.677300E+00
   29.00   1.512300E+00
   30.00   1.366000E+00
   31.00   1.237200E+00
   32.00   1.124400E+00
   33.00   1.025600E+00
   34.00   9.389000E-01
   35.00   8.624200E-01
   36.00   7.945500E-01
   37.00   7.339900E-01
   38.00   6.798100E-01
   39.00   6.314100E-01
   40.00   5.884500E-01
   41.00   5.507600E-01
   42.00   5.182500E-01
   43.00   4.907900E-01
   44.00   4.681200E-01
   45.00   4.498200E-01
   46.00   4.353000E-01
   47.00   4.238200E-01
   48.00   4.146200E-01
   49.00   4.069500E-01
   50.00   4.001800E-01
   51.00   3.938500E-01
   52.00   3.877200E-01
   53.00   3.817200E-01
   54.00   3.759200E-01
   55.00   3.704800E-01
   56.00   3.656000E-01
   57.00   3.614100E-01
   58.00   3.580100E-01
   59.00   3.553500E-01
   60.00   3.533100E-01
   61.00   3.516500E-01
   62.00   3.500800E-01
   63.00   3.482700E-01
   64.00   3.459300E-01
   65.00   3.428100E-01
   66.00   3.387300E-01
   67.00   3.336400E-01
   68.00   3.275900E-01
   69.00   3.207100E-01
   70.00   3.131700E-01
   71.00   3.052100E-01
   72.00   2.970400E-01
   73.00   2.888400E-01
   74.00   2.807600E-01
   75.00   2.728600E-01
   76.00   2.651800E-01
   77.00   2.577000E-01
   78.00   2.503500E-01
   79.00   2.430500E-01
   80.00   2.357400E-01
   81.00   2.283300E-01
   82.00   2.207800E-01
   83.00   2.130800E-01
   84.00   2.052200E-01
   85.00   1.972500E-01
   86.00   1.892300E-01
   87.00   1.812300E-01
   88.00   1.733300E-01
   89.00   1.655900E-01
   90.00   1.580800E-01
   91.00   1.508500E-01
   92.00   1.439200E-01
   93.00   1.373000E-01
   94.00   1.309900E-01
   95.00   1.249800E-01
   96.00   1.192600E-01
   97.00   1.138000E-01
   98.00   1.086000E-01
   99.00   1.036400E-01
  100.00   9.890400E-02
  101.00   9.440300E-02
  102.00   9.013600E-02
  103.00   8.611000E-02
  104.00   8.233300E-02
  105.00   7.881500E-02
  106.00   7.556300E-02
  107.00   7.258400E-02
  108.00   6.987900E-02
  109.00   6.744800E-02
  110.00   6.528600E-02
  111.00   6.338700E-02
  112.00   6.174100E-02
  113.00   6.033900E-02
  114.00   5.916800E-02
  115.00   5.822000E-02
  116.00   5.748500E-02
  117.00   5.695600E-02
  118.00   5.662800E-02
  119.00   5.649800E-02
  120.00   5.656400E-02
  121.00   5.682600E-02
  122.00   5.728600E-02
  123.00   5.794600E-02
  124.00   5.880800E-02
  125.00   5.987500E-02
  126.00   6.114700E-02
  127.00   6.262500E-02
  128.00   6.431100E-02
  129.00   6.620300E-02
  130.00   6.829700E-02
  131.00   7.059300E-02
  132.00   7.308400E-02
  133.00   7.576700E-02
  134.00   7.863400E-02
  135.00   8.168100E-02
  136.00   8.490000E-02
  137.00   8.828500E-02
  138.00   9.182900E-02
  139.00   9.552400E-02
  140.00   9.936300E-02
  141.00   1.033400E-01
  142.00   1.074500E-01
  143.00   1.116700E-01
  144.00   1.160200E-01
  145.00   1.204600E-01
  146.00   1.250100E-01
  147.00   1.296400E-01
  148.00   1.343500E-01
  149.00   1.391200E-01
  150.00   1.439500E-01
  151.00   1.488300E-01
  152.00   1.537300E-01
  153.00   1.586600E-01
  154.00   1.635900E-01
  155.00   1.685100E-01
  156.00   1.734100E-01
  157.00   1.782700E-01
  158.00   1.830800E-01
  159.00   1.878200E-01
  160.00   1.924800E-01
  161.00   1.970300E-01
  162.00   2.014700E-01
  163.00   2.057700E-01
  164.00   2.099300E-01
  165.00   2.139200E-01
  166.00   2.177400E-01
  167.00   2.213600E-01
  168.00   2.247700E-01
  169.00   2.279700E-01
  170.00   2.309300E-01
  171.00   2.336400E-01
  172.00   2.361000E-01
  173.00   2.383000E-01
  174.00   2.402200E-01
  175.00   2.418600E-01
  176.00   2.432100E-01
  177.00   2.442700E-01
  178.00   2.450300E-01
  179.00   2.454900E-01
