1Inelastic  7Li(d,p)8Li(2ex,2.255,unbound) 7.266 AMeV ADKDFR-Watson LEA 
8.3210E+00    8.2993E+00    8.2348E+00    8.1291E+00    7.9850E+00    7.8060E+00
    7.5963E+00    7.3605E+00    7.1034E+00    6.8299E+00    6.5442E+00
    6.2504E+00    5.9518E+00    5.6510E+00    5.3500E+00    5.0499E+00
    4.7518E+00    4.4561E+00    4.1632E+00    3.8738E+00    3.5886E+00
    3.3090E+00    3.0367E+00    2.7737E+00    2.5225E+00    2.2854E+00
    2.0645E+00    1.8614E+00    1.6773E+00    1.5123E+00    1.3660E+00
    1.2372E+00    1.1244E+00    1.0256E+00    9.3890E-01    8.6242E-01
    7.9455E-01    7.3399E-01    6.7981E-01    6.3141E-01    5.8845E-01
    5.5076E-01    5.1825E-01    4.9079E-01    4.6812E-01    4.4982E-01
    4.3530E-01    4.2382E-01    4.1462E-01    4.0695E-01    4.0018E-01
    3.9385E-01    3.8772E-01    3.8172E-01    3.7592E-01    3.7048E-01
    3.6560E-01    3.6141E-01    3.5801E-01    3.5535E-01    3.5331E-01
    3.5165E-01    3.5008E-01    3.4827E-01    3.4593E-01    3.4281E-01
    3.3873E-01    3.3364E-01    3.2759E-01    3.2071E-01    3.1317E-01
    3.0521E-01    2.9704E-01    2.8884E-01    2.8076E-01    2.7286E-01
    2.6518E-01    2.5770E-01    2.5035E-01    2.4305E-01    2.3574E-01
    2.2833E-01    2.2078E-01    2.1308E-01    2.0522E-01    1.9725E-01
    1.8923E-01    1.8123E-01    1.7333E-01    1.6559E-01    1.5808E-01
    1.5085E-01    1.4392E-01    1.3730E-01    1.3099E-01    1.2498E-01
    1.1926E-01    1.1380E-01    1.0860E-01    1.0364E-01    9.8904E-02
    9.4403E-02    9.0136E-02    8.6110E-02    8.2333E-02    7.8815E-02
    7.5563E-02    7.2584E-02    6.9879E-02    6.7448E-02    6.5286E-02
    6.3387E-02    6.1741E-02    6.0339E-02    5.9168E-02    5.8220E-02
    5.7485E-02    5.6956E-02    5.6628E-02    5.6498E-02    5.6564E-02
    5.6826E-02    5.7286E-02    5.7946E-02    5.8808E-02    5.9875E-02
    6.1147E-02    6.2625E-02    6.4311E-02    6.6203E-02    6.8297E-02
    7.0593E-02    7.3084E-02    7.5767E-02    7.8634E-02    8.1681E-02
    8.4900E-02    8.8285E-02    9.1829E-02    9.5524E-02    9.9363E-02
    1.0334E-01    1.0745E-01    1.1167E-01    1.1602E-01    1.2046E-01
    1.2501E-01    1.2964E-01    1.3435E-01    1.3912E-01    1.4395E-01
    1.4883E-01    1.5373E-01    1.5866E-01    1.6359E-01    1.6851E-01
    1.7341E-01    1.7827E-01    1.8308E-01    1.8782E-01    1.9248E-01
    1.9703E-01    2.0147E-01    2.0577E-01    2.0993E-01    2.1392E-01
    2.1774E-01    2.2136E-01    2.2477E-01    2.2797E-01    2.3093E-01
    2.3364E-01    2.3610E-01    2.3830E-01    2.4022E-01    2.4186E-01
    2.4321E-01    2.4427E-01    2.4503E-01    2.4549E-01
