 loop =          -1  is type =           0   0.00000000       7.00000000       0.00000000       1.30270004       0.00000000       0.00000000       0.00000000       0.00000000       0.00000000    
 loop =          -1  is type =           1   0.00000000       53.2210007       1.13240004      0.689999998       1.04760003       1.11039996      0.689999998       0.00000000       0.00000000    
 loop =          -1  is type =           2   0.00000000       0.00000000       0.00000000       0.00000000       8.76169968       1.11039996      0.689999998       0.00000000       0.00000000    
 loop =          -1  is type =           3   0.00000000       5.90000010      0.712700009      0.629999995       0.00000000       0.00000000       0.00000000       0.00000000       0.00000000    
 WOUT,ITER,FALLOC = F           0 F
