           6           1           1
    0.5+     1 1   5.878       0.000      0.6729E-02  0.1726E-01  0.1895E-01  0.1885E-01  0.6075E-01   5.756    
    0.5+     1 2   5.878       0.000      0.5960E-02  0.2327E-01  0.3789E-02  0.3770E-02  0.1215E-01   5.829    
    0.5+     3 3   5.505       0.000      0.7085E-02  0.2959E-01  0.1354E-01  0.1042E-01  0.1156E-01   5.433    
    0.5-     0 1   6.102       0.000      0.1078      0.9118E-01   0.000       0.000       0.000       5.903    
    0.5-     2 2   6.193       0.000      0.4285E-01  0.3206E-01  0.5033E-01  0.4243E-01  0.6014E-01   5.965    
    0.5-     2 3   6.193       0.000      0.4939E-01  0.7869E-01  0.2477E-01  0.2088E-01  0.2959E-01   5.990    
    1.5+     1 1   11.76       0.000      0.9613E-02  0.1623E-01  0.6316E-01  0.6283E-01  0.2025       11.40    
    1.5+     1 2   11.76       0.000      0.2752E-01  0.2549E-01  0.6063E-01  0.6032E-01  0.1944       11.39    
    1.5+     1 3   11.76       0.000      0.2829E-01  0.9569E-01  0.2526E-01  0.2513E-01  0.8100E-01   11.50    
    1.5+     3 4   11.01       0.000      0.4926E-01  0.8221E-02  0.4006E-01  0.3586E-01  0.7755E-01   10.80    
    1.5+     3 5   11.01       0.000      0.3863E-01  0.1118      0.1354E-01  0.1042E-01  0.1156E-01   10.82    
    1.5-     0 1   12.20       0.000      0.1832      0.1222      0.9170E-01  0.8458E-01  0.2689       11.45    
    1.5-     2 2   12.39       0.000      0.1648      0.5666E-01  0.8883E-01  0.7694E-01  0.1138       11.89    
    1.5-     2 3   12.39       0.000      0.1681      0.3432      0.5113E-01  0.4311E-01  0.6109E-01   11.72    
    1.5-     2 4   12.39       0.000      0.1702      0.4007      0.1365E-01  0.1165E-01  0.1685E-01   11.77    
    1.5-     4 5   8.431       0.000      0.2960      0.3529      0.3760E-01  0.3389E-01  0.4713E-01   7.664    
    2.5+     1 1   17.64       0.000      0.1938E-01  0.1850E-01  0.1556      0.1573      0.6466       16.64    
    2.5+     1 2   17.64       0.000      0.1254      0.1461E-01  0.9266E-01  0.9326E-01  0.3604       16.95    
    2.5+     3 3   16.52       0.000      0.8618E-01  0.6013E-01  0.1190      0.1174      0.3245       15.81    
    2.5+     3 4   16.52       0.000      0.9076E-01  0.2018      0.4432E-01  0.4072E-01  0.9474E-01   16.04    
    2.5+     3 5   16.52       0.000      0.8475E-01  0.3067      0.1420E-01  0.1325E-01  0.3212E-01   16.06    
    2.5+     5 6   3.390       0.000      0.1852      0.1920      0.3200E-01  0.2959E-01  0.7067E-01   2.881    
    2.5-     0 1   18.31       0.000      0.1940      0.3283E-01  0.3668      0.3383       1.076       16.30    
    2.5-     2 2   18.58       0.000      0.2001      0.1051      0.1643      0.1493      0.2364       17.72    
    2.5-     2 3   18.58       0.000      0.6639      0.4123E-01  0.1332      0.1178      0.1795       17.44    
    2.5-     2 4   18.58       0.000      0.5711      0.7521      0.7832E-01  0.6954E-01  0.1067       17.00    
    2.5-     4 5   12.65       0.000      0.5069      0.3308E-01  0.2012      0.1863      0.2786       11.44    
    2.5-     4 6   12.65       0.000      0.3963       1.158      0.3201E-01  0.2892E-01  0.4048E-01   10.99    
    3.5+     1 1   23.51       0.000      0.1230E-01  0.1039E-01  0.4225      0.4318       2.030       20.61    
    3.5+     3 2   22.02       0.000      0.9892E-01  0.5208E-01  0.2322      0.2359      0.6906       20.71    
    3.5+     3 3   22.02       0.000      0.1943      0.2357E-01  0.2259      0.2267      0.6481       20.70    
    3.5+     3 4   22.02       0.000      0.1716      0.4278      0.1141      0.1139      0.3218       20.87    
    3.5+     5 5   4.520       0.000      0.2430      0.1109E-01  0.1393      0.1316      0.2780       3.717    
    3.5+     5 6   4.520       0.000      0.2404      0.5991      0.2677E-01  0.2484E-01  0.5818E-01   3.571    
    3.5-     2 1   24.77       0.000      0.1694      0.7961E-01  0.7492      0.6902       1.113       21.97    
    3.5-     2 2   24.77       0.000       1.368      0.3168E-01  0.4066      0.3720      0.5948       22.00    
    3.5-     4 3   16.86       0.000      0.1972      0.4963      0.5877      0.5468      0.8277       14.21    
    3.5-     4 4   16.86       0.000       1.453       1.422      0.2392      0.2219      0.3333       13.19    
    3.5-     4 5   16.86       0.000      0.9047       2.642      0.6863E-01  0.6363E-01  0.9551E-01   13.09    
    3.5-     6 6  0.9688       0.000      0.7183E-01  0.7152E-01  0.1612E-01  0.1532E-01  0.4360E-01  0.7504    
    4.5+     3 1   27.53       0.000      0.8483E-01  0.3614E-01   1.005       1.027       3.039       22.33    
    4.5+     3 2   27.53       0.000      0.3232      0.9904E-02  0.5805      0.5907       1.736       24.29    
    4.5+     5 3   5.650       0.000      0.6639E-01  0.2632      0.3365      0.3191      0.6582       4.007    
    4.5+     5 4   5.650       0.000      0.7046      0.6170      0.1637      0.1549      0.3241       3.686    
    4.5+     5 5   5.650       0.000      0.4556       1.253      0.4469E-01  0.4225E-01  0.8883E-01   3.766    
    4.5+     7 6  0.2720       0.000      0.2579E-01  0.2537E-01  0.7580E-02  0.7954E-02  0.3923E-01  0.1661    
    4.5-     2 1   30.97       0.000      0.1411      0.3656E-01   1.793       1.658       2.687       24.65    
    4.5-     4 2   21.08       0.000      0.5887      0.4147E-01  0.9561      0.8905       1.352       17.25    
    4.5-     4 3   21.08       0.000       2.589      0.1313       1.119       1.042       1.579       14.62    
    4.5-     4 4   21.08       0.000       3.225       3.026      0.5415      0.5039      0.7634       13.02    
    4.5-     6 5   1.211       0.000      0.8019E-01  0.3725E-02  0.6149E-01  0.5833E-01  0.1378      0.8694    
    4.5-     6 6   1.211       0.000      0.9209E-01  0.2173      0.1348E-01  0.1281E-01  0.3511E-01  0.8402    
    5.5+     3 1   33.03       0.000      0.6652E-01  0.1542E-01   2.186       2.237       6.641       21.88    
    5.5+     5 2   6.780       0.000      0.3000      0.1580E-01  0.4729      0.4489      0.9202       4.623    
    5.5+     5 3   6.780       0.000       1.070      0.8413E-01  0.6266      0.5946       1.222       3.183    
    5.5+     5 4   6.780       0.000       1.447       1.303      0.3053      0.2896      0.5967       2.839    
    5.5+     7 5  0.3264       0.000      0.2573E-01  0.1398E-02  0.2635E-01  0.2650E-01  0.8627E-01  0.1602    
    5.5+     7 6  0.3264       0.000      0.3284E-01  0.7581E-01  0.6352E-02  0.6596E-02  0.2984E-01  0.1750    
    5.5-     4 1   25.29       0.000      0.1677      0.1229E-01   3.929       3.660       5.561       11.97    
    5.5-     4 2   25.29       0.000       5.391      0.2639E-02   2.428       2.262       3.435       11.78    
    5.5-     6 3   1.453       0.000      0.1701E-01  0.9717E-01  0.1323      0.1255      0.2851      0.7961    
    5.5-     6 4   1.453       0.000      0.2356      0.2004      0.7189E-01  0.6819E-01  0.1586      0.7185    
    5.5-     6 5   1.453       0.000      0.1574      0.4321      0.1931E-01  0.1831E-01  0.4305E-01  0.7829    
    5.5-     8 6  0.7545E-01   0.000      0.8954E-02  0.8912E-02  0.4218E-02  0.6909E-02  0.7746E-01 -0.3100E-01
    6.5+     5 1   7.910       0.000      0.1007      0.5411E-02   1.875       1.781       3.644      0.5042    
    6.5+     5 2   7.910       0.000       2.212      0.9767E-03   1.223       1.161       2.380      0.9333    
    6.5+     7 3  0.3808       0.000      0.4453E-02  0.3433E-01  0.5243E-01  0.5230E-01  0.1527      0.8464E-01
    6.5+     7 4  0.3808       0.000      0.7662E-01  0.6479E-01  0.3073E-01  0.3079E-01  0.9574E-01  0.8216E-01
    6.5+     7 5  0.3808       0.000      0.5259E-01  0.1458      0.8215E-02  0.8255E-02  0.2660E-01  0.1393    
    6.5+     9 6  0.2060E-01   0.000      0.3038E-02  0.3061E-02  0.1549E-02  0.2363E-02  0.2430E-01 -0.1371E-01
    6.5-     4 1   29.51       0.000      0.2385E-01  0.5048E-02   8.086       7.534       11.45       2.413    
    6.5-     6 2   1.695       0.000      0.1044      0.4563E-02  0.1695      0.1607      0.3613      0.8948    
    6.5-     6 3   1.695       0.000      0.3232      0.3441E-01  0.2433      0.2307      0.5209      0.3427    
    6.5-     6 4   1.695       0.000      0.4630      0.4199      0.1201      0.1138      0.2584      0.3201    
    6.5-     8 5  0.8803E-01   0.000      0.8226E-02  0.5415E-03  0.1179E-01  0.1411E-01  0.8186E-01 -0.2850E-01
    6.5-     8 6  0.8803E-01   0.000      0.1136E-01  0.2632E-01  0.3405E-02  0.5207E-02  0.5294E-01 -0.1121E-01
    7.5+     5 1   9.041       0.000      0.9891E-02  0.2172E-02   3.727       3.539       7.241      -5.478    
    7.5+     7 2  0.4352       0.000      0.3502E-01  0.1329E-02  0.6298E-01  0.6267E-01  0.1769      0.9628E-01
    7.5+     7 3  0.4352       0.000      0.9791E-01  0.1297E-01  0.9565E-01  0.9526E-01  0.2724     -0.1390    
    7.5+     7 4  0.4352       0.000      0.1465      0.1349      0.4779E-01  0.4765E-01  0.1387     -0.8024E-01
    7.5+     9 5  0.2354E-01   0.000      0.2619E-02  0.2051E-03  0.4400E-02  0.5153E-02  0.2759E-01 -0.1643E-01
    7.5+     9 6  0.2354E-01   0.000      0.3843E-02  0.8961E-02  0.1272E-02  0.1816E-02  0.1665E-01 -0.9004E-02
    7.5-     6 1   1.938       0.000      0.3845E-01  0.1732E-02  0.6575      0.6234       1.398     -0.7810    
    7.5-     6 2   1.938       0.000      0.6650      0.2741E-03  0.4458      0.4227      0.9500     -0.5463    
    7.5-     8 3  0.1006       0.000      0.1202E-02  0.1202E-01  0.2148E-01  0.2349E-01  0.9216E-01 -0.4974E-01
    7.5-     8 4  0.1006       0.000      0.2478E-01  0.2128E-01  0.1353E-01  0.1558E-01  0.7809E-01 -0.5265E-01
    7.5-     8 5  0.1006       0.000      0.1739E-01  0.4944E-01  0.3662E-02  0.4354E-02  0.2473E-01  0.1033E-02
    7.5-    10 6  0.5536E-02   0.000      0.1016E-02  0.1075E-02  0.8780E-03  0.1459E-02  0.2278E-01 -0.2168E-01
    8.5+     7 1  0.4896       0.000      0.1365E-01  0.5440E-03  0.2406      0.2393      0.6699     -0.6743    
    8.5+     7 2  0.4896       0.000      0.2009      0.7771E-04  0.1680      0.1672      0.4717     -0.5181    
    8.5+     9 3  0.2648E-01   0.000      0.3344E-03  0.4126E-02  0.7794E-02  0.8530E-02  0.3298E-01 -0.2728E-01
    8.5+     9 4  0.2648E-01   0.000      0.7968E-02  0.6949E-02  0.5077E-02  0.5768E-02  0.2710E-01 -0.2638E-01
    8.5+     9 5  0.2648E-01   0.000      0.5693E-02  0.1654E-01  0.1370E-02  0.1599E-02  0.8430E-02 -0.7152E-02
    8.5+    11 6  0.1468E-02   0.000      0.3384E-03  0.3810E-03  0.7255E-03  0.2015E-02  0.4312E-01 -0.4512E-01
    8.5-     6 1   2.180       0.000      0.2989E-02  0.6843E-03   1.277       1.210       2.712      -3.023    
    8.5-     8 2  0.1132       0.000      0.1160E-01  0.3662E-03  0.2437E-01  0.2591E-01  0.8533E-01 -0.3441E-01
    8.5-     8 3  0.1132       0.000      0.3005E-01  0.4740E-02  0.3872E-01  0.4162E-01  0.1470     -0.1490    
    8.5-     8 4  0.1132       0.000      0.4648E-01  0.4402E-01  0.1967E-01  0.2148E-01  0.8334E-01 -0.1018    
    8.5-    10 5  0.6228E-02   0.000      0.8356E-03  0.7858E-04  0.2585E-02  0.3732E-02  0.3168E-01 -0.3269E-01
    8.5-    10 6  0.6228E-02   0.000      0.1285E-02  0.3125E-02  0.7382E-03  0.1177E-02  0.1606E-01 -0.1616E-01
    9.5+     7 1  0.5440       0.000      0.8683E-03  0.2125E-03  0.4595      0.4569       1.276      -1.650    
    9.5+     9 2  0.2942E-01   0.000      0.3806E-02  0.1165E-03  0.8564E-02  0.9178E-02  0.3107E-01 -0.2332E-01
    9.5+     9 3  0.2942E-01   0.000      0.9282E-02  0.1682E-02  0.1403E-01  0.1515E-01  0.5400E-01 -0.6472E-01
    9.5+     9 4  0.2942E-01   0.000      0.1474E-01  0.1430E-01  0.7182E-02  0.7851E-02  0.3015E-01 -0.4480E-01
    9.5+    11 5  0.1631E-02   0.000      0.2672E-03  0.3003E-04  0.1530E-02  0.2966E-02  0.3865E-01 -0.4181E-01
    9.5+    11 6  0.1631E-02   0.000      0.4272E-03  0.1102E-02  0.5604E-03  0.1436E-02  0.2842E-01 -0.3031E-01
    9.5-     8 1  0.1258       0.000      0.4705E-02  0.1512E-03  0.9185E-01  0.9694E-01  0.3028     -0.3707    
    9.5-     8 2  0.1258       0.000      0.6153E-01  0.1989E-04  0.6576E-01  0.6989E-01  0.2294     -0.3008    
    9.5-    10 3  0.6920E-02   0.000      0.9785E-04  0.1454E-02  0.4499E-02  0.6298E-02  0.4285E-01 -0.4828E-01
    9.5-    10 4  0.6920E-02   0.000      0.2558E-02  0.2347E-02  0.3003E-02  0.4273E-02  0.3294E-01 -0.3820E-01
    9.5-    10 5  0.6920E-02   0.000      0.1856E-02  0.5691E-02  0.8076E-03  0.1164E-02  0.9793E-02 -0.1239E-01
    9.5-    12 6  0.3849E-03   0.000      0.1097E-03  0.1224E-03  0.3422E-03  0.5256E-03  0.3684E-02 -0.4399E-02
   10.5+     9 1  0.3236E-01   0.000      0.1589E-02  0.5222E-04  0.3204E-01  0.3415E-01  0.1112     -0.1467    
   10.5+     9 2  0.3236E-01   0.000      0.1897E-01  0.6417E-05  0.2333E-01  0.2500E-01  0.8449E-01 -0.1194    
   10.5+    11 3  0.1794E-02   0.000      0.2871E-04  0.5144E-03  0.2409E-02  0.4078E-02  0.3678E-01 -0.4202E-01
   10.5+    11 4  0.1794E-02   0.000      0.8232E-03  0.8060E-03  0.1717E-02  0.3133E-02  0.3546E-01 -0.4014E-01
   10.5+    11 5  0.1794E-02   0.000      0.6052E-03  0.1985E-02  0.4780E-03  0.9221E-03  0.1190E-01 -0.1410E-01
   10.5+    13 6  0.9987E-04   0.000      0.3515E-04  0.4276E-04  0.3502E-02  0.8907E-02  0.1185     -0.1309    
   10.5-     8 1  0.1383       0.000      0.2528E-03  0.5858E-04  0.1731      0.1824      0.5621     -0.7795    
   10.5-    10 2  0.7612E-02   0.000      0.1243E-02  0.4868E-04  0.4824E-02  0.6691E-02  0.4210E-01 -0.4729E-01
   10.5-    10 3  0.7612E-02   0.000      0.2887E-02  0.6085E-03  0.8093E-02  0.1126E-01  0.7295E-01 -0.8819E-01
   10.5-    10 4  0.7612E-02   0.000      0.4681E-02  0.4805E-02  0.4169E-02  0.5833E-02  0.3955E-01 -0.5143E-01
   10.5-    12 5  0.4234E-03   0.000      0.8395E-04  0.1028E-04  0.5859E-03  0.9506E-03  0.7533E-02 -0.8741E-02
   10.5-    12 6  0.4234E-03   0.000      0.1385E-03  0.3524E-03  0.2523E-03  0.3926E-03  0.2838E-02 -0.3550E-02
   11.5+     9 1  0.3531E-01   0.000      0.7524E-04  0.2010E-04  0.5980E-01  0.6365E-01  0.2053     -0.2936    
   11.5+    11 2  0.1957E-02   0.000      0.4058E-03  0.1479E-04  0.2466E-02  0.3979E-02  0.2969E-01 -0.3460E-01
   11.5+    11 3  0.1957E-02   0.000      0.9055E-03  0.2194E-03  0.4259E-02  0.6994E-02  0.5621E-01 -0.6664E-01
   11.5+    11 4  0.1957E-02   0.000      0.1494E-02  0.1642E-02  0.2241E-02  0.3787E-02  0.3395E-01 -0.4116E-01
   11.5+    13 5  0.1090E-03   0.000      0.2670E-04  0.3795E-05  0.2546E-02  0.6387E-02  0.8624E-01 -0.9509E-01
   11.5+    13 6  0.1090E-03   0.000      0.4447E-04  0.1227E-03  0.2233E-02  0.5671E-02  0.7557E-01 -0.8354E-01
   11.5-    10 1  0.8304E-02   0.000      0.5316E-03  0.2505E-04  0.1794E-01  0.2483E-01  0.1528     -0.1879    
   11.5-    10 2  0.8304E-02   0.000      0.5887E-02  0.2908E-05  0.1325E-01  0.1838E-01  0.1155     -0.1448    
   11.5-    12 3  0.4619E-03   0.000      0.8567E-05  0.1678E-03  0.8485E-03  0.1404E-02  0.1158E-01 -0.1354E-01
   11.5-    12 4  0.4619E-03   0.000      0.2597E-03  0.2531E-03  0.6384E-03  0.1045E-02  0.8435E-02 -0.1017E-01
   11.5-    12 5  0.4619E-03   0.000      0.1931E-03  0.6292E-03  0.1833E-03  0.2975E-03  0.2360E-02 -0.3202E-02
   11.5-    14 6  0.2561E-04   0.000      0.1155E-04  0.1672E-04  0.3045E-02  0.8243E-02  0.1078     -0.1191    
   12.5+    11 1  0.2121E-02   0.000      0.1766E-03  0.7647E-05  0.9069E-02  0.1444E-01  0.1011     -0.1227    
   12.5+    11 2  0.2121E-02   0.000      0.1843E-02  0.8454E-06  0.6822E-02  0.1100E-01  0.8190E-01 -0.9945E-01
   12.5+    13 3  0.1180E-03   0.000      0.3189E-05  0.6600E-04  0.1838E-02  0.4504E-02  0.6238E-01 -0.6867E-01
   12.5+    13 4  0.1180E-03   0.000      0.8156E-04  0.8893E-04  0.2147E-02  0.5347E-02  0.7275E-01 -0.8029E-01
   12.5+    13 5  0.1180E-03   0.000      0.6127E-04  0.2175E-03  0.7894E-03  0.1980E-02  0.2674E-01 -0.2967E-01
   12.5+    15 6  0.6448E-05   0.000      0.3416E-05  0.2889E-05  0.1874E-03  0.6124E-03  0.8384E-02 -0.9183E-02
   12.5-    10 1  0.8996E-02   0.000      0.2397E-04  0.9588E-05  0.3324E-01  0.4597E-01  0.2815     -0.3517    
   12.5-    12 2  0.5004E-03   0.000      0.1296E-03  0.9312E-05  0.8343E-03  0.1390E-02  0.1161E-01 -0.1348E-01
   12.5-    12 3  0.5004E-03   0.000      0.2797E-03  0.7310E-04  0.1477E-02  0.2455E-02  0.2041E-01 -0.2419E-01
   12.5-    12 4  0.5004E-03   0.000      0.4682E-03  0.5135E-03  0.7925E-03  0.1312E-02  0.1082E-01 -0.1340E-01
   12.5-    14 5  0.2774E-04   0.000      0.8684E-05  0.1556E-05  0.2220E-02  0.5997E-02  0.8062E-01 -0.8882E-01
   12.5-    14 6  0.2774E-04   0.000      0.1463E-04  0.4784E-04  0.1936E-02  0.5241E-02  0.6880E-01 -0.7601E-01
   13.5+    11 1  0.2284E-02   0.000      0.7402E-05  0.2914E-05  0.1667E-01  0.2644E-01  0.1825     -0.2234    
   13.5+    13 2  0.1271E-03   0.000      0.4138E-04  0.1654E-04  0.1168E-02  0.2787E-02  0.3969E-01 -0.4357E-01
   13.5+    13 3  0.1271E-03   0.000      0.8636E-04  0.3021E-04  0.2486E-02  0.6006E-02  0.8445E-01 -0.9293E-01
   13.5+    13 4  0.1271E-03   0.000      0.1457E-03  0.1793E-03  0.1708E-02  0.4183E-02  0.5797E-01 -0.6406E-01
   13.5+    15 5  0.6944E-05   0.000      0.2372E-05  0.2800E-06  0.1237E-03  0.4045E-03  0.5617E-02 -0.6141E-02
   13.5+    15 6  0.6944E-05   0.000      0.4290E-05  0.8241E-05  0.1174E-03  0.3839E-03  0.5264E-02 -0.5771E-02
   13.5-    12 1  0.5389E-03   0.000      0.5729E-04  0.5536E-05  0.3036E-02  0.5069E-02  0.4250E-01 -0.5013E-01
   13.5-    12 2  0.5389E-03   0.000      0.5684E-03  0.5871E-06  0.2321E-02  0.3868E-02  0.3231E-01 -0.3853E-01
   13.5-    14 3  0.2988E-04   0.000      0.1128E-05  0.2786E-04  0.1627E-02  0.4380E-02  0.6147E-01 -0.6748E-01
   13.5-    14 4  0.2988E-04   0.000      0.2633E-04  0.3480E-04  0.1882E-02  0.5078E-02  0.6920E-01 -0.7619E-01
   13.5-    14 5  0.2988E-04   0.000      0.1995E-04  0.8427E-04  0.6918E-03  0.1869E-02  0.2514E-01 -0.2777E-01
   13.5-    16 6  0.1576E-05   0.000      0.7400E-06  0.5569E-07  0.3058E-03  0.6815E-03  0.7228E-02 -0.8215E-02
   14.5+    13 1  0.1362E-03   0.000      0.1869E-04  0.1061E-04  0.3601E-02  0.8480E-02  0.1225     -0.1345    
   14.5+    13 2  0.1362E-03   0.000      0.1746E-03  0.1085E-05  0.3253E-02  0.7761E-02  0.1106     -0.1216    
   14.5+    15 3  0.7440E-05   0.000      0.1463E-06  0.3957E-05  0.7630E-04  0.2500E-03  0.3573E-02 -0.3896E-02
   14.5+    15 4  0.7440E-05   0.000      0.7582E-05  0.5649E-05  0.9963E-04  0.3261E-03  0.4565E-02 -0.4996E-02
   14.5+    15 5  0.7440E-05   0.000      0.5778E-05  0.1444E-04  0.3865E-04  0.1264E-03  0.1756E-02 -0.1934E-02
   14.5+    17 6  0.3678E-06   0.000      0.1483E-06  0.5690E-06  0.4281E-03  0.1041E-02  0.1109E-01 -0.1256E-01
   14.5-    12 1  0.5773E-03   0.000      0.2340E-05  0.2102E-05  0.5541E-02  0.9255E-02  0.7766E-01 -0.9188E-01
   14.5-    14 2  0.3201E-04   0.000      0.1353E-04  0.1004E-04  0.1050E-02  0.2817E-02  0.4120E-01 -0.4506E-01
   14.5-    14 3  0.3201E-04   0.000      0.2748E-04  0.1310E-04  0.2229E-02  0.5991E-02  0.8605E-01 -0.9428E-01
   14.5-    14 4  0.3201E-04   0.000      0.4671E-04  0.6982E-04  0.1520E-02  0.4093E-02  0.5747E-01 -0.6317E-01
   14.5-    16 5  0.1688E-05   0.000      0.5046E-06  0.5594E-08  0.3558E-03  0.8447E-03  0.9810E-02 -0.1101E-01
   14.5-    16 6  0.1688E-05   0.000      0.9291E-06  0.1585E-06  0.2088E-03  0.4713E-03  0.5095E-02 -0.5775E-02
   15.5+    13 1  0.1453E-03   0.000      0.1008E-05  0.4017E-05  0.6289E-02  0.1476E-01  0.2140     -0.2349    
   15.5+    15 2  0.7936E-05   0.000      0.3862E-05  0.1989E-06  0.4016E-04  0.1319E-03  0.1961E-02 -0.2129E-02
   15.5+    15 3  0.7936E-05   0.000      0.7783E-05  0.1779E-05  0.9412E-04  0.3087E-03  0.4504E-02 -0.4908E-02
   15.5+    15 4  0.7936E-05   0.000      0.1353E-04  0.1135E-04  0.7142E-04  0.2340E-03  0.3346E-02 -0.3668E-02
   15.5+    17 5  0.3924E-06   0.000      0.1252E-06  0.5898E-07  0.5006E-03  0.1266E-02  0.1443E-01 -0.1620E-01
   15.5+    17 6  0.3924E-06   0.000      0.1923E-06  0.1616E-05  0.2927E-03  0.7172E-03  0.7754E-02 -0.8765E-02
   15.5-    14 1  0.3415E-04   0.000      0.6207E-05  0.6457E-05  0.3272E-02  0.8766E-02  0.1308     -0.1428    
   15.5-    14 2  0.3415E-04   0.000      0.5533E-04  0.6396E-06  0.2940E-02  0.7888E-02  0.1154     -0.1263    
   15.5-    16 3  0.1801E-05   0.000      0.2955E-07  0.1175E-05  0.4156E-03  0.1024E-02  0.1246E-01 -0.1390E-01
   15.5-    16 4  0.1801E-05   0.000      0.1618E-05  0.4429E-06  0.3602E-03  0.8690E-03  0.1031E-01 -0.1154E-01
   15.5-    16 5  0.1801E-05   0.000      0.1242E-05  0.2781E-06  0.1123E-03  0.2669E-03  0.3102E-02 -0.3480E-02
   15.5-    18 6  0.8081E-07   0.000      0.7313E-07  0.5989E-07  0.1116E-03  0.2855E-03  0.3013E-02 -0.3410E-02
   16.5+    15 1  0.8432E-05   0.000      0.1742E-05  0.1203E-06  0.1118E-03  0.3675E-03  0.5607E-02 -0.6080E-02
   16.5+    15 2  0.8432E-05   0.000      0.1583E-04  0.1158E-07  0.1128E-03  0.3703E-03  0.5509E-02 -0.5999E-02
   16.5+    17 3  0.4169E-06   0.000      0.3543E-07  0.1875E-05  0.5842E-03  0.1512E-02  0.1787E-01 -0.1996E-01
   16.5+    17 4  0.4169E-06   0.000      0.3334E-06  0.1413E-05  0.5083E-03  0.1299E-02  0.1505E-01 -0.1686E-01
   16.5+    17 5  0.4169E-06   0.000      0.2584E-06  0.2809E-05  0.1585E-03  0.4010E-03  0.4574E-02 -0.5137E-02
   16.5+    19 6  0.1650E-07   0.000      0.7031E-07  0.9826E-07  0.3783E-05  0.1183E-04  0.1353E-03 -0.1510E-03
   16.5-    14 1  0.3628E-04   0.000      0.3792E-06  0.2437E-05  0.5716E-02  0.1531E-01  0.2296     -0.2505    
   16.5-    16 2  0.1913E-05   0.000      0.8302E-06  0.1926E-05  0.3639E-03  0.9107E-03  0.1130E-01 -0.1257E-01
   16.5-    16 3  0.1913E-05   0.000      0.1642E-05  0.6670E-06  0.6899E-03  0.1717E-02  0.2115E-01 -0.2356E-01
   16.5-    16 4  0.1913E-05   0.000      0.2879E-05  0.8355E-06  0.3932E-03  0.9688E-03  0.1179E-01 -0.1316E-01
   16.5-    18 5  0.8586E-07   0.000      0.4937E-07  0.6383E-08  0.1341E-03  0.3592E-03  0.4058E-02 -0.4551E-02
   16.5-    18 6  0.8586E-07   0.000      0.9202E-07  0.1698E-06  0.7674E-04  0.1983E-03  0.2124E-02 -0.2399E-02
   17.5+    15 1  0.8928E-05   0.000      0.3513E-07  0.4528E-07  0.1888E-03  0.6211E-03  0.9546E-02 -0.1035E-01
   17.5+    17 2  0.4414E-06   0.000      0.1824E-06  0.1939E-05  0.5088E-03  0.1330E-02  0.1595E-01 -0.1779E-01
   17.5+    17 3  0.4414E-06   0.000      0.3394E-06  0.9825E-06  0.9711E-03  0.2529E-02  0.3018E-01 -0.3368E-01
   17.5+    17 4  0.4414E-06   0.000      0.5677E-06  0.2777E-05  0.5544E-03  0.1435E-02  0.1696E-01 -0.1895E-01
   17.5+    19 5  0.1747E-07   0.000      0.4664E-07  0.1073E-07  0.3202E-05  0.1192E-04  0.1572E-03 -0.1723E-03
   17.5+    19 6  0.1747E-07   0.000      0.8840E-07  0.2781E-06  0.2439E-05  0.7858E-05  0.9242E-04 -0.1031E-03
   17.5-    16 1  0.2026E-05   0.000      0.3773E-06  0.1242E-05  0.1283E-02  0.3226E-02  0.4025E-01 -0.4476E-01
   17.5-    16 2  0.2026E-05   0.000      0.3338E-05  0.1166E-06  0.1030E-02  0.2577E-02  0.3197E-01 -0.3558E-01
   17.5-    18 3  0.9091E-07   0.000      0.3749E-08  0.2973E-06  0.1584E-03  0.4351E-03  0.5086E-02 -0.5679E-02
   17.5-    18 4  0.9091E-07   0.000      0.1565E-06  0.1765E-06  0.1373E-03  0.3721E-03  0.4269E-02 -0.4779E-02
   17.5-    18 5  0.9091E-07   0.000      0.1215E-06  0.2942E-06  0.4257E-04  0.1141E-03  0.1289E-02 -0.1446E-02
   17.5-    20 6  0.3103E-08   0.000      0.5148E-07  0.2299E-06  0.2563E-05  0.4542E-05  0.3363E-04 -0.4102E-04
   18.5+    17 1  0.4659E-06   0.000      0.9103E-07  0.1245E-05  0.1792E-02  0.4697E-02  0.5659E-01 -0.6308E-01
   18.5+    17 2  0.4659E-06   0.000      0.6575E-06  0.1143E-06  0.1444E-02  0.3775E-02  0.4528E-01 -0.5050E-01
   18.5+    19 3  0.1844E-07   0.000      0.3225E-08  0.1315E-06  0.2891E-05  0.1254E-04  0.1815E-03 -0.1970E-03
   18.5+    19 4  0.1844E-07   0.000      0.1488E-06  0.1826E-06  0.2938E-05  0.1164E-04  0.1598E-03 -0.1747E-03
   18.5+    19 5  0.1844E-07   0.000      0.1161E-06  0.4799E-06  0.1017E-05  0.3790E-05  0.5000E-04 -0.5539E-04
   18.5+    21 6  0.5354E-09   0.000      0.2318E-07  0.1358E-06  0.2868E-05  0.5901E-05  0.4771E-04 -0.5663E-04
   18.5-    16 1  0.2138E-05   0.000      0.7370E-08  0.4664E-06  0.2296E-02  0.5781E-02  0.7221E-01 -0.8028E-01
   18.5-    18 2  0.9596E-07   0.000      0.8165E-07  0.3744E-06  0.1380E-03  0.3832E-03  0.4540E-02 -0.5062E-02
   18.5-    18 3  0.9596E-07   0.000      0.1560E-06  0.1602E-06  0.2644E-03  0.7316E-03  0.8627E-02 -0.9623E-02
   18.5-    18 4  0.9596E-07   0.000      0.2761E-06  0.3436E-06  0.1507E-03  0.4141E-03  0.4841E-02 -0.5406E-02
   18.5-    20 5  0.3276E-08   0.000      0.3678E-07  0.2568E-07  0.5428E-05  0.9727E-05  0.7335E-04 -0.8857E-04
   18.5-    20 6  0.3276E-08   0.000      0.6540E-07  0.6498E-06  0.2055E-05  0.3655E-05  0.2723E-04 -0.3366E-04
   19.5+    17 1  0.4904E-06   0.000      0.1381E-07  0.4669E-06  0.3199E-02  0.8391E-02  0.1012     -0.1128    
   19.5+    19 2  0.1941E-07   0.000      0.7794E-07  0.1124E-08  0.2182E-05  0.1032E-04  0.1560E-03 -0.1686E-03
   19.5+    19 3  0.1941E-07   0.000      0.1471E-06  0.6027E-07  0.4423E-05  0.2025E-04  0.3015E-03 -0.3264E-03
   19.5+    19 4  0.1941E-07   0.000      0.2621E-06  0.3634E-06  0.2753E-05  0.1195E-04  0.1731E-03 -0.1884E-03
   19.5+    21 5  0.5636E-09   0.000      0.1672E-07  0.1547E-07  0.5628E-05  0.1162E-04  0.9559E-04 -0.1129E-03
   19.5+    21 6  0.5636E-09   0.000      0.2951E-07  0.3832E-06  0.2250E-05  0.4634E-05  0.3767E-04 -0.4496E-04
   19.5-    18 1  0.1010E-06   0.000      0.3786E-07  0.2399E-06  0.4863E-03  0.1355E-02  0.1612E-01 -0.1796E-01
   19.5-    18 2  0.1010E-06   0.000      0.3154E-06  0.2158E-07  0.3929E-03  0.1091E-02  0.1293E-01 -0.1441E-01
   19.5-    20 3  0.3448E-08   0.000      0.5703E-08  0.3210E-06  0.7886E-05  0.1417E-04  0.1074E-03 -0.1297E-03
   19.5-    20 4  0.3448E-08   0.000      0.1095E-06  0.4276E-06  0.6176E-05  0.1108E-04  0.8378E-04 -0.1016E-03
   19.5-    20 5  0.3448E-08   0.000      0.8584E-07  0.1118E-05  0.1734E-05  0.3108E-05  0.2344E-04 -0.2949E-04
   19.5-    22 6  0.8452E-10   0.000      0.6676E-08  0.4115E-07  0.9503E-06  0.2011E-05  0.1602E-04 -0.1902E-04
   20.5+    19 1  0.2038E-07   0.000      0.3626E-07  0.5445E-09  0.7327E-05  0.3571E-04  0.5476E-03 -0.5907E-03
   20.5+    19 2  0.2038E-07   0.000      0.2974E-06  0.4809E-10  0.6225E-05  0.2944E-04  0.4453E-03 -0.4812E-03
   20.5+    21 3  0.5917E-09   0.000      0.2877E-08  0.1916E-06  0.7978E-05  0.1649E-04  0.1363E-03 -0.1609E-03
   20.5+    21 4  0.5917E-09   0.000      0.4907E-07  0.2511E-06  0.6345E-05  0.1311E-04  0.1081E-03 -0.1278E-03
   20.5+    21 5  0.5917E-09   0.000      0.3861E-07  0.6578E-06  0.1801E-05  0.3720E-05  0.3059E-04 -0.3681E-04
   20.5+    23 6  0.1231E-10   0.000      0.1308E-08  0.7833E-08  0.1747E-06  0.3720E-06  0.2875E-05 -0.3431E-05
   20.5-    18 1  0.1061E-06   0.000      0.1160E-08  0.8982E-07  0.8667E-03  0.2416E-02  0.2877E-01 -0.3205E-01
   20.5-    20 2  0.3621E-08   0.000      0.5872E-07  0.2521E-07  0.7351E-05  0.1322E-04  0.1003E-03 -0.1210E-03
   20.5-    20 3  0.3621E-08   0.000      0.1080E-06  0.1493E-06  0.1387E-04  0.2494E-04  0.1891E-03 -0.2282E-03
   20.5-    20 4  0.3621E-08   0.000      0.1898E-06  0.8488E-06  0.7544E-05  0.1356E-04  0.1027E-03 -0.1248E-03
   20.5-    22 5  0.8887E-10   0.000      0.4727E-08  0.4776E-08  0.1891E-05  0.4016E-05  0.3252E-04 -0.3843E-04
   20.5-    22 6  0.8887E-10   0.000      0.8486E-08  0.1160E-06  0.7503E-06  0.1589E-05  0.1273E-04 -0.1519E-04
   21.5+    19 1  0.2135E-07   0.000      0.9896E-09  0.2036E-09  0.1290E-04  0.6328E-04  0.9734E-03 -0.1050E-02
   21.5+    21 2  0.6199E-09   0.000      0.2652E-07  0.1822E-07  0.7350E-05  0.1520E-04  0.1258E-03 -0.1484E-03
   21.5+    21 3  0.6199E-09   0.000      0.4813E-07  0.8963E-07  0.1397E-04  0.2888E-04  0.2389E-03 -0.2819E-03
   21.5+    21 4  0.6199E-09   0.000      0.8460E-07  0.4977E-06  0.7646E-05  0.1581E-04  0.1306E-03 -0.1546E-03
   21.5+    23 5  0.1283E-10   0.000      0.9033E-09  0.9242E-09  0.3564E-06  0.7618E-06  0.5974E-05 -0.7094E-05
   21.5+    23 6  0.1283E-10   0.000      0.1659E-08  0.2206E-07  0.1393E-06  0.2971E-06  0.2307E-05 -0.2767E-05
   21.5-    20 1  0.3793E-08   0.000      0.2825E-07  0.1573E-07  0.2644E-04  0.4758E-04  0.3611E-03 -0.4351E-03
   21.5-    20 2  0.3793E-08   0.000      0.2146E-06  0.1366E-08  0.2104E-04  0.3784E-04  0.2871E-03 -0.3462E-03
   21.5-    22 3  0.9298E-10   0.000      0.7665E-09  0.5785E-07  0.2679E-05  0.5696E-05  0.4632E-04 -0.5476E-04
   21.5-    22 4  0.9298E-10   0.000      0.1400E-07  0.7553E-07  0.2137E-05  0.4541E-05  0.3685E-04 -0.4362E-04
   21.5-    22 5  0.9298E-10   0.000      0.1105E-07  0.1987E-06  0.6061E-06  0.1287E-05  0.1042E-04 -0.1253E-04
   21.5-    24 6  0.1604E-11   0.000      0.1835E-09  0.1030E-08  0.2130E-07  0.4530E-07  0.3378E-06 -0.4056E-06
   22.5+    21 1  0.6481E-09   0.000      0.1288E-07  0.1141E-07  0.2636E-04  0.5451E-04  0.4512E-03 -0.5321E-03
   22.5+    21 2  0.6481E-09   0.000      0.9520E-07  0.9756E-09  0.2108E-04  0.4359E-04  0.3607E-03 -0.4254E-03
   22.5+    23 3  0.1342E-10   0.000      0.1307E-09  0.1094E-07  0.5064E-06  0.1083E-05  0.8528E-05 -0.1013E-04
   22.5+    23 4  0.1342E-10   0.000      0.2717E-08  0.1427E-07  0.4045E-06  0.8650E-06  0.6796E-05 -0.8083E-05
   22.5+    23 5  0.1342E-10   0.000      0.2152E-08  0.3770E-07  0.1144E-06  0.2445E-06  0.1918E-05 -0.2316E-05
   22.5+    25 6  0.1266E-12   0.000      0.1917E-10  0.9916E-10  0.1869E-08  0.3957E-08  0.2842E-07 -0.3436E-07
   22.5-    20 1  0.3965E-08   0.000      0.2085E-08  0.5871E-08  0.4716E-04  0.8487E-04  0.6441E-03 -0.7761E-03
   22.5-    22 2  0.9720E-10   0.000      0.7576E-08  0.5094E-08  0.2459E-05  0.5229E-05  0.4259E-04 -0.5029E-04
   22.5-    22 3  0.9720E-10   0.000      0.1365E-07  0.2713E-07  0.4693E-05  0.9979E-05  0.8123E-04 -0.9595E-04
   22.5-    22 4  0.9720E-10   0.000      0.2414E-07  0.1494E-06  0.2572E-05  0.5468E-05  0.4447E-04 -0.5268E-04
   22.5-    24 5  0.1677E-11   0.000      0.1236E-09  0.1234E-09  0.4453E-07  0.9503E-07  0.7178E-06 -0.8576E-06
   22.5-    24 6  0.1677E-11   0.000      0.2322E-09  0.2899E-08  0.1716E-07  0.3654E-07  0.2737E-06 -0.3305E-06
   23.5+    21 1  0.6763E-09   0.000      0.1063E-08  0.4254E-08  0.4691E-04  0.9701E-04  0.8031E-03 -0.9471E-03
   23.5+    23 2  0.1400E-10   0.000      0.1469E-08  0.8381E-09  0.4636E-06  0.9922E-06  0.7819E-05 -0.9278E-05
   23.5+    23 3  0.1400E-10   0.000      0.2631E-08  0.5138E-08  0.8881E-06  0.1900E-05  0.1497E-04 -0.1777E-04
   23.5+    23 4  0.1400E-10   0.000      0.4691E-08  0.2818E-07  0.4869E-06  0.1042E-05  0.8200E-05 -0.9761E-05
   23.5+    25 5  0.2972E-12   0.000      0.1261E-10  0.1204E-10  0.3994E-08  0.8479E-08  0.6158E-07 -0.7407E-07
   23.5+    25 6  0.2972E-12   0.000      0.2421E-10  0.2787E-09  0.1520E-08  0.3221E-08  0.2322E-07 -0.2827E-07
   23.5-    22 1  0.1015E-09   0.000      0.3680E-08  0.3186E-08  0.8810E-05  0.1874E-04  0.1527E-03 -0.1802E-03
   23.5-    22 2  0.1015E-09   0.000      0.2702E-07  0.2686E-09  0.7065E-05  0.1503E-04  0.1224E-03 -0.1445E-03
   23.5-    24 3  0.1750E-11   0.000      0.1564E-10  0.1429E-08  0.6344E-07  0.1355E-06  0.1027E-05 -0.1227E-05
   23.5-    24 4  0.1750E-11   0.000      0.3777E-09  0.1863E-08  0.5073E-07  0.1083E-06  0.8196E-06 -0.9809E-06
   23.5-    24 5  0.1750E-11   0.000      0.2999E-09  0.4944E-08  0.1431E-07  0.3055E-07  0.2308E-06 -0.2809E-06
   23.5-    26 6  0.1321E-12   0.000      0.1537E-11  0.7256E-11  0.1240E-09  0.2607E-09  0.1801E-08 -0.2194E-08
   24.5+    23 1  0.1458E-10   0.000      0.7117E-09  0.5227E-09  0.1660E-05  0.3554E-05  0.2801E-04 -0.3323E-04
   24.5+    23 2  0.1458E-10   0.000      0.5225E-08  0.4351E-10  0.1335E-05  0.2856E-05  0.2251E-04 -0.2670E-04
   24.5+    25 3  0.2064E-12   0.000      0.1386E-11  0.1367E-09  0.5701E-08  0.1211E-07  0.8821E-07 -0.1062E-06
   24.5+    25 4  0.2064E-12   0.000      0.3911E-10  0.1782E-09  0.4565E-08  0.9696E-08  0.7051E-07 -0.8499E-07
   24.5+    25 5  0.2064E-12   0.000      0.3115E-10  0.4746E-09  0.1285E-08  0.2729E-08  0.1982E-07 -0.2434E-07
   24.5+    27 6   0.000       0.000      0.9680E-13  0.4152E-12  0.6419E-11  0.1338E-10  0.8891E-10 -0.1092E-09
   24.5-    22 1  0.1057E-09   0.000      0.2816E-09  0.1187E-08  0.1565E-04  0.3330E-04  0.2713E-03 -0.3202E-03
   24.5-    24 2  0.1823E-11   0.000      0.2040E-09  0.9352E-10  0.5795E-07  0.1238E-06  0.9393E-06 -0.1121E-05
   24.5-    24 3  0.1823E-11   0.000      0.3636E-09  0.6724E-09  0.1114E-06  0.2379E-06  0.1804E-05 -0.2155E-05
   24.5-    24 4  0.1823E-11   0.000      0.6531E-09  0.3676E-08  0.6109E-07  0.1305E-06  0.9888E-06 -0.1185E-05
   24.5-    26 5  0.1376E-12   0.000      0.9906E-12  0.8926E-12  0.2698E-09  0.5686E-09  0.3966E-08 -0.4807E-08
   24.5-    26 6  0.1376E-12   0.000      0.1937E-11  0.2038E-10  0.1017E-09  0.2139E-09  0.1483E-08 -0.1821E-08
   25.5+    23 1  0.1517E-10   0.000      0.4751E-10  0.1945E-09  0.2946E-05  0.6306E-05  0.4972E-04 -0.5897E-04
   25.5+    25 2  0.2146E-12   0.000      0.2112E-10  0.7608E-11  0.5197E-08  0.1104E-07  0.8049E-07 -0.9676E-07
   25.5+    25 3  0.2146E-12   0.000      0.3746E-10  0.6444E-10  0.1002E-07  0.2129E-07  0.1551E-06 -0.1865E-06
   25.5+    25 4  0.2146E-12   0.000      0.6774E-10  0.3510E-09  0.5497E-08  0.1168E-07  0.8505E-07 -0.1026E-06
   25.5+    27 5 -0.1431E-12   0.000      0.6130E-13  0.5168E-13  0.1417E-10  0.2963E-10  0.1985E-09 -0.2425E-09
   25.5+    27 6 -0.1431E-12   0.000      0.1219E-12  0.1165E-11  0.5300E-11  0.1106E-10  0.7369E-10 -0.9148E-10
   25.5-    24 1  0.1896E-11   0.000      0.9856E-10  0.5816E-10  0.2074E-06  0.4433E-06  0.3363E-05 -0.4014E-05
   25.5-    24 2  0.1896E-11   0.000      0.7240E-09  0.4783E-11  0.1671E-06  0.3570E-06  0.2708E-05 -0.3233E-05
   25.5-    26 3  0.1431E-12   0.000      0.9444E-13  0.9953E-11  0.3856E-09  0.8133E-09  0.5686E-08 -0.6895E-08
   25.5-    26 4  0.1431E-12   0.000      0.3111E-11  0.1296E-10  0.3092E-09  0.6520E-09  0.4554E-08 -0.5531E-08
   25.5-    26 5  0.1431E-12   0.000      0.2484E-11  0.3464E-10  0.8693E-10  0.1832E-09  0.1278E-08 -0.1585E-08
   25.5-    28 6   0.000       0.000      0.4887E-14  0.1898E-13  0.2654E-12  0.5485E-12  0.3503E-11 -0.4341E-11
   26.5+    25 1  0.2600E-12   0.000      0.1018E-10  0.4716E-11  0.1859E-07  0.3952E-07  0.2881E-06 -0.3462E-06
   26.5+    25 2  0.2600E-12   0.000      0.7478E-10  0.3835E-12  0.1501E-07  0.3189E-07  0.2324E-06 -0.2794E-06
   26.5+    27 3  0.1114E-12   0.000      0.5078E-14  0.5671E-12  0.2027E-10  0.4240E-10  0.2845E-09 -0.3477E-09
   26.5+    27 4  0.1114E-12   0.000      0.1947E-12  0.7376E-12  0.1629E-10  0.3405E-10  0.2283E-09 -0.2795E-09
   26.5+    27 5  0.1114E-12   0.000      0.1558E-12  0.1978E-11  0.4573E-11  0.9558E-11  0.6403E-10 -0.8018E-10
   26.5+    29 6 -0.1486E-12   0.000      0.2009E-15  0.7056E-15  0.8928E-14  0.1828E-13  0.1122E-12 -0.2889E-12
   26.5-    24 1  0.1969E-11   0.000      0.5616E-11  0.2162E-10  0.3677E-06  0.7856E-06  0.5961E-05 -0.7115E-05
   26.5-    26 2   0.000       0.000      0.1680E-11  0.4714E-12  0.3507E-09  0.7399E-09  0.5176E-08 -0.6269E-08
   26.5-    26 3   0.000       0.000      0.2965E-11  0.4700E-11  0.6780E-09  0.1430E-08  0.1000E-07 -0.1212E-07
   26.5-    26 4   0.000       0.000      0.5395E-11  0.2550E-10  0.3723E-09  0.7852E-09  0.5490E-08 -0.6678E-08
   26.5-    28 5  0.7429E-13   0.000      0.3047E-14  0.2389E-14  0.5934E-12  0.1229E-11  0.7905E-11 -0.9658E-11
   26.5-    28 6  0.7429E-13   0.000      0.6146E-14  0.5323E-13  0.2205E-12  0.4560E-12  0.2920E-11 -0.3581E-11
   27.5+    25 1  0.3467E-12   0.000      0.4914E-12  0.1752E-11  0.3291E-07  0.6996E-07  0.5100E-06 -0.6128E-06
   27.5+    27 2 -0.1541E-12   0.000      0.1051E-12  0.2294E-13  0.1840E-10  0.3849E-10  0.2584E-09 -0.3156E-09
   27.5+    27 3 -0.1541E-12   0.000      0.1847E-12  0.2682E-12  0.3567E-10  0.7460E-10  0.5008E-09 -0.6117E-09
   27.5+    27 4 -0.1541E-12   0.000      0.3378E-12  0.1450E-11  0.1960E-10  0.4099E-10  0.2751E-09 -0.3376E-09
   27.5+    29 5   0.000       0.000      0.1236E-15  0.8969E-16  0.2016E-13  0.4136E-13  0.2555E-12 -0.3172E-12
   27.5+    29 6   0.000       0.000      0.2525E-15  0.1977E-14  0.7456E-14  0.1528E-13  0.9398E-13 -0.1189E-12
   27.5-    26 1  0.1926E-12   0.000      0.8079E-12  0.2913E-12  0.1254E-08  0.2646E-08  0.1852E-07 -0.2242E-07
   27.5-    26 2  0.1926E-12   0.000      0.5932E-11  0.2345E-13  0.1014E-08  0.2139E-08  0.1497E-07 -0.1813E-07
   27.5-    28 3  0.3852E-13   0.000      0.2200E-15  0.2584E-13  0.8489E-12  0.1759E-11  0.1133E-10 -0.1393E-10
   27.5-    28 4  0.3852E-13   0.000      0.9767E-14  0.3356E-13  0.6832E-12  0.1415E-11  0.9110E-11 -0.1121E-10
   27.5-    28 5  0.3852E-13   0.000      0.7836E-14  0.9023E-13  0.1916E-12  0.3969E-12  0.2553E-11 -0.3201E-11
   27.5-    30 6   0.000       0.000      0.6817E-17  0.2163E-16  0.2479E-15  0.5026E-15  0.2965E-14 -0.3744E-14
   28.5+    27 1   0.000       0.000      0.5050E-13  0.1413E-13  0.6577E-10  0.1376E-09  0.9239E-09 -0.1127E-08
   28.5+    27 2   0.000       0.000      0.3701E-12  0.1126E-14  0.5327E-10  0.1114E-09  0.7482E-09 -0.9133E-09
   28.5+    29 3   0.000       0.000      0.7804E-17  0.9577E-15  0.2884E-13  0.5918E-13  0.3660E-12 -0.4550E-12
   28.5+    29 4   0.000       0.000      0.3993E-15  0.1242E-14  0.2325E-13  0.4770E-13  0.2948E-12 -0.3674E-12
   28.5+    29 5   0.000       0.000      0.3210E-15  0.3348E-14  0.6518E-14  0.1337E-13  0.8258E-13 -0.1061E-12
   28.5+    31 6  0.3990E-13   0.000      0.1932E-18  0.5535E-18  0.5752E-17  0.1154E-16  0.6548E-16  0.3981E-13
   28.5-    26 1   0.000       0.000      0.3303E-13  0.1081E-12  0.2218E-08  0.4679E-08  0.3274E-07 -0.3964E-07
   28.5-    28 2   0.000       0.000      0.5277E-14  0.8969E-15  0.7687E-12  0.1593E-11  0.1027E-10 -0.1264E-10
   28.5-    28 3   0.000       0.000      0.9228E-14  0.1224E-13  0.1494E-11  0.3096E-11  0.1995E-10 -0.2456E-10
   28.5-    28 4   0.000       0.000      0.1696E-13  0.6590E-13  0.8215E-12  0.1702E-11  0.1097E-10 -0.1357E-10
   28.5-    30 5   0.000       0.000      0.4143E-17  0.2775E-17  0.5646E-15  0.1146E-14  0.6800E-14 -0.8518E-14
   28.5-    30 6   0.000       0.000      0.8560E-17  0.6057E-16  0.2080E-15  0.4219E-15  0.2494E-14 -0.3193E-14
   29.5+    27 1 -0.1651E-12   0.000      0.1752E-14  0.5241E-14  0.1162E-09  0.2430E-09  0.1632E-08 -0.1991E-08
   29.5+    29 2   0.000       0.000      0.2158E-15  0.2866E-16  0.2606E-13  0.5347E-13  0.3309E-12 -0.4106E-12
   29.5+    29 3   0.000       0.000      0.3758E-15  0.4544E-15  0.5077E-13  0.1042E-12  0.6445E-12 -0.8003E-12
   29.5+    29 4   0.000       0.000      0.6937E-15  0.2436E-14  0.2794E-13  0.5732E-13  0.3545E-12 -0.4429E-12
   29.5+    31 5 -0.8254E-13   0.000      0.1162E-18  0.7165E-19  0.1319E-16  0.2650E-16  0.1510E-15 -0.8273E-13
   29.5+    31 6 -0.8254E-13   0.000      0.2424E-18  0.1549E-17  0.4845E-17  0.9728E-17  0.5527E-16 -0.8262E-13
   29.5-    28 1 -0.8254E-13   0.000      0.2533E-14  0.5506E-15  0.2746E-11  0.5692E-11  0.3669E-10 -0.4521E-10
   29.5-    28 2 -0.8254E-13   0.000      0.1852E-13  0.4349E-16  0.2228E-11  0.4618E-11  0.2976E-10 -0.3671E-10
   29.5-    30 3  0.8254E-13   0.000      0.2299E-18  0.2929E-16  0.8070E-15  0.1639E-14  0.9735E-14  0.7033E-13
   29.5-    30 4  0.8254E-13   0.000      0.1348E-16  0.3792E-16  0.6519E-15  0.1324E-14  0.7858E-14  0.7266E-13
   29.5-    30 5  0.8254E-13   0.000      0.1086E-16  0.1024E-15  0.1827E-15  0.3709E-15  0.2200E-14  0.7968E-13
   29.5-    32 6 -0.8254E-13   0.000      0.4618E-20  0.1195E-19  0.1127E-18  0.2238E-18  0.1220E-17 -0.8255E-13
   30.5+    29 1   0.000       0.000      0.1036E-15  0.1754E-16  0.9305E-13  0.1910E-12  0.1182E-11 -0.1466E-11
   30.5+    29 2   0.000       0.000      0.7551E-15  0.1374E-17  0.7562E-13  0.1552E-12  0.9602E-12 -0.1192E-11
   30.5+    31 3  0.4265E-13   0.000      0.5687E-20  0.7480E-18  0.1884E-16  0.3787E-16  0.2160E-15  0.4237E-13
   30.5+    31 4  0.4265E-13   0.000      0.3802E-18  0.9668E-18  0.1524E-16  0.3064E-16  0.1747E-15  0.4243E-13
   30.5+    31 5  0.4265E-13   0.000      0.3069E-18  0.2617E-17  0.4270E-17  0.8582E-17  0.4890E-16  0.4258E-13
   30.5+    33 6  0.4265E-13   0.000      0.9393E-22  0.2194E-21  0.1880E-20  0.3696E-20  0.1937E-19  0.4265E-13
   30.5-    28 1  0.4265E-13   0.000      0.7485E-16  0.2040E-15  0.4846E-11  0.1004E-10  0.6474E-10 -0.7959E-10
   30.5-    30 2  0.8530E-13   0.000      0.7293E-17  0.7596E-18  0.7276E-15  0.1478E-14  0.8781E-14  0.7430E-13
   30.5-    30 3  0.8530E-13   0.000      0.1264E-16  0.1392E-16  0.1421E-14  0.2887E-14  0.1715E-13  0.6381E-13
   30.5-    30 4  0.8530E-13   0.000      0.2343E-16  0.7431E-16  0.7825E-15  0.1589E-14  0.9440E-14  0.7339E-13
   30.5-    32 5   0.000       0.000      0.2751E-20  0.1559E-20  0.2597E-18  0.5165E-18  0.2828E-17 -0.3608E-17
   30.5-    32 6   0.000       0.000      0.5792E-20  0.3342E-19  0.9522E-19  0.1892E-18  0.1033E-17 -0.1357E-17
