# 181 angles,  1 tensor ranks for 0=projectile
@subtitle   "7Li(d,p) @ 7.5AMeV ADWA (d) + Watson (p) LEA no-SO"                            
@legend ON
@legend x1 0.2
@legend y1 0.8
@g0 type LOGY
@yaxis ticklabel format power
@legend string   0 "Lab energy =   14.5311"
#legend string   0 "Partition=  2 Excit=  1 near/far= 1"
#  Theta       sigma       iT11        T20         T21         T22         Kyy for projectile
   0.000       32.66    
   1.000       32.66    
   2.000       32.64    
   3.000       32.61    
   4.000       32.55    
   5.000       32.45    
   6.000       32.32    
   7.000       32.12    
   8.000       31.86    
   9.000       31.52    
   10.00       31.10    
   11.00       30.58    
   12.00       29.96    
   13.00       29.24    
   14.00       28.42    
   15.00       27.50    
   16.00       26.49    
   17.00       25.39    
   18.00       24.23    
   19.00       23.00    
   20.00       21.73    
   21.00       20.42    
   22.00       19.10    
   23.00       17.77    
   24.00       16.45    
   25.00       15.15    
   26.00       13.88    
   27.00       12.66    
   28.00       11.48    
   29.00       10.36    
   30.00       9.312    
   31.00       8.326    
   32.00       7.412    
   33.00       6.569    
   34.00       5.799    
   35.00       5.102    
   36.00       4.475    
   37.00       3.917    
   38.00       3.425    
   39.00       2.996    
   40.00       2.627    
   41.00       2.313    
   42.00       2.051    
   43.00       1.837    
   44.00       1.665    
   45.00       1.532    
   46.00       1.433    
   47.00       1.363    
   48.00       1.320    
   49.00       1.298    
   50.00       1.294    
   51.00       1.304    
   52.00       1.325    
   53.00       1.355    
   54.00       1.391    
   55.00       1.431    
   56.00       1.472    
   57.00       1.512    
   58.00       1.552    
   59.00       1.588    
   60.00       1.621    
   61.00       1.649    
   62.00       1.672    
   63.00       1.690    
   64.00       1.701    
   65.00       1.706    
   66.00       1.705    
   67.00       1.698    
   68.00       1.684    
   69.00       1.666    
   70.00       1.641    
   71.00       1.612    
   72.00       1.579    
   73.00       1.541    
   74.00       1.500    
   75.00       1.457    
   76.00       1.411    
   77.00       1.363    
   78.00       1.314    
   79.00       1.264    
   80.00       1.215    
   81.00       1.165    
   82.00       1.116    
   83.00       1.067    
   84.00       1.020    
   85.00      0.9743    
   86.00      0.9303    
   87.00      0.8881    
   88.00      0.8480    
   89.00      0.8102    
   90.00      0.7746    
   91.00      0.7414    
   92.00      0.7107    
   93.00      0.6825    
   94.00      0.6567    
   95.00      0.6334    
   96.00      0.6126    
   97.00      0.5941    
   98.00      0.5779    
   99.00      0.5639    
   100.0      0.5520    
   101.0      0.5421    
   102.0      0.5339    
   103.0      0.5275    
   104.0      0.5226    
   105.0      0.5191    
   106.0      0.5170    
   107.0      0.5160    
   108.0      0.5160    
   109.0      0.5169    
   110.0      0.5185    
   111.0      0.5209    
   112.0      0.5239    
   113.0      0.5273    
   114.0      0.5311    
   115.0      0.5353    
   116.0      0.5398    
   117.0      0.5444    
   118.0      0.5493    
   119.0      0.5543    
   120.0      0.5594    
   121.0      0.5646    
   122.0      0.5698    
   123.0      0.5752    
   124.0      0.5806    
   125.0      0.5861    
   126.0      0.5917    
   127.0      0.5974    
   128.0      0.6033    
   129.0      0.6094    
   130.0      0.6157    
   131.0      0.6222    
   132.0      0.6291    
   133.0      0.6362    
   134.0      0.6438    
   135.0      0.6518    
   136.0      0.6602    
   137.0      0.6691    
   138.0      0.6786    
   139.0      0.6886    
   140.0      0.6992    
   141.0      0.7105    
   142.0      0.7224    
   143.0      0.7349    
   144.0      0.7481    
   145.0      0.7619    
   146.0      0.7764    
   147.0      0.7916    
   148.0      0.8073    
   149.0      0.8237    
   150.0      0.8406    
   151.0      0.8581    
   152.0      0.8760    
   153.0      0.8944    
   154.0      0.9131    
   155.0      0.9321    
   156.0      0.9513    
   157.0      0.9707    
   158.0      0.9902    
   159.0       1.010    
   160.0       1.029    
   161.0       1.048    
   162.0       1.067    
   163.0       1.086    
   164.0       1.104    
   165.0       1.121    
   166.0       1.138    
   167.0       1.154    
   168.0       1.170    
   169.0       1.184    
   170.0       1.198    
   171.0       1.210    
   172.0       1.222    
   173.0       1.232    
   174.0       1.241    
   175.0       1.248    
   176.0       1.255    
   177.0       1.260    
   178.0       1.263    
   179.0       1.265    
   180.0       1.266    
 END
