# 181 angles,  1 tensor ranks for 0=projectile
@subtitle   "7Li(d,p) @ 7.5AMeV ADWA (d) + Watson (p) LEA no-SO"                            
@legend ON
@legend x1 0.2
@legend y1 0.8
@g0 type LOGY
@yaxis ticklabel format power
@legend string   0 "Lab energy =   14.5311"
#legend string   0 "Partition=  1 Excit=  1 near/far= 1"
#  Theta       sigma       iT11        T20         T21         T22         Kyy for projectile
  0.1000E-01  0.1578E+16
   1.000      0.1552E+08
   2.000      0.9318E+06
   3.000      0.1742E+06
   4.000      0.5190E+05
   5.000      0.2015E+05
   6.000       9407.    
   7.000       5100.    
   8.000       3153.    
   9.000       2187.    
   10.00       1669.    
   11.00       1369.    
   12.00       1182.    
   13.00       1056.    
   14.00       962.1    
   15.00       887.5    
   16.00       823.7    
   17.00       766.6    
   18.00       713.5    
   19.00       663.2    
   20.00       614.9    
   21.00       568.3    
   22.00       523.4    
   23.00       480.0    
   24.00       438.4    
   25.00       398.5    
   26.00       360.4    
   27.00       324.4    
   28.00       290.3    
   29.00       258.4    
   30.00       228.7    
   31.00       201.1    
   32.00       175.7    
   33.00       152.4    
   34.00       131.2    
   35.00       112.0    
   36.00       94.87    
   37.00       79.57    
   38.00       66.05    
   39.00       54.22    
   40.00       43.94    
   41.00       35.11    
   42.00       27.61    
   43.00       21.31    
   44.00       16.11    
   45.00       11.87    
   46.00       8.504    
   47.00       5.888    
   48.00       3.924    
   49.00       2.516    
   50.00       1.577    
   51.00       1.024    
   52.00      0.7823    
   53.00      0.7860    
   54.00      0.9753    
   55.00       1.298    
   56.00       1.709    
   57.00       2.169    
   58.00       2.646    
   59.00       3.114    
   60.00       3.552    
   61.00       3.944    
   62.00       4.278    
   63.00       4.545    
   64.00       4.743    
   65.00       4.869    
   66.00       4.924    
   67.00       4.912    
   68.00       4.837    
   69.00       4.704    
   70.00       4.522    
   71.00       4.296    
   72.00       4.036    
   73.00       3.748    
   74.00       3.439    
   75.00       3.119    
   76.00       2.793    
   77.00       2.467    
   78.00       2.149    
   79.00       1.841    
   80.00       1.550    
   81.00       1.279    
   82.00       1.030    
   83.00      0.8064    
   84.00      0.6093    
   85.00      0.4401    
   86.00      0.2990    
   87.00      0.1862    
   88.00      0.1012    
   89.00      0.4301E-01
   90.00      0.1060E-01
   91.00      0.2453E-02
   92.00      0.1691E-01
   93.00      0.5212E-01
   94.00      0.1061    
   95.00      0.1769    
   96.00      0.2623    
   97.00      0.3604    
   98.00      0.4690    
   99.00      0.5861    
   100.0      0.7099    
   101.0      0.8384    
   102.0      0.9699    
   103.0       1.103    
   104.0       1.236    
   105.0       1.367    
   106.0       1.495    
   107.0       1.619    
   108.0       1.738    
   109.0       1.851    
   110.0       1.956    
   111.0       2.054    
   112.0       2.143    
   113.0       2.222    
   114.0       2.292    
   115.0       2.352    
   116.0       2.401    
   117.0       2.438    
   118.0       2.465    
   119.0       2.480    
   120.0       2.483    
   121.0       2.475    
   122.0       2.455    
   123.0       2.423    
   124.0       2.381    
   125.0       2.328    
   126.0       2.264    
   127.0       2.190    
   128.0       2.107    
   129.0       2.015    
   130.0       1.916    
   131.0       1.809    
   132.0       1.697    
   133.0       1.580    
   134.0       1.459    
   135.0       1.336    
   136.0       1.212    
   137.0       1.088    
   138.0      0.9658    
   139.0      0.8467    
   140.0      0.7321    
   141.0      0.6235    
   142.0      0.5223    
   143.0      0.4298    
   144.0      0.3474    
   145.0      0.2763    
   146.0      0.2176    
   147.0      0.1722    
   148.0      0.1413    
   149.0      0.1253    
   150.0      0.1250    
   151.0      0.1408    
   152.0      0.1728    
   153.0      0.2212    
   154.0      0.2857    
   155.0      0.3660    
   156.0      0.4616    
   157.0      0.5717    
   158.0      0.6954    
   159.0      0.8315    
   160.0      0.9788    
   161.0       1.136    
   162.0       1.301    
   163.0       1.473    
   164.0       1.649    
   165.0       1.828    
   166.0       2.007    
   167.0       2.186    
   168.0       2.361    
   169.0       2.530    
   170.0       2.693    
   171.0       2.847    
   172.0       2.989    
   173.0       3.119    
   174.0       3.236    
   175.0       3.336    
   176.0       3.420    
   177.0       3.487    
   178.0       3.535    
   179.0       3.564    
   180.0       3.574    
 END
