# Fusion cross sections for ELAB=  14.531, ECM=  11.290
     0.5   17.02      1
     0.5   34.88     -1
     1.5   55.92      1
     1.5   110.4     -1
     2.5   84.38      1
     2.5   175.3     -1
     3.5   90.18      1
     3.5   175.4     -1
     4.5   58.24      1
     4.5   129.5     -1
     5.5   32.86      1
     5.5   58.87     -1
     6.5   1.730      1
     6.5   5.661     -1
     7.5  -5.626      1
     7.5  -7.077     -1
     8.5  -1.298      1
     8.5  -4.655     -1
     9.5  -1.855      1
     9.5  -2.629     -1
    10.5 -0.4932      1
    10.5  -1.472     -1
    11.5 -0.6146      1
    11.5  -1.093     -1
    12.5 -0.4100      1
    12.5 -0.9776     -1
    13.5 -0.4358      1
    13.5 -0.7041     -1
    14.5 -0.2795      1
    14.5 -0.5907     -1
    15.5 -0.2706      1
    15.5 -0.5720     -1
    16.5 -0.5419E-01  1
    16.5 -0.3610     -1
    17.5 -0.8104E-01  1
    17.5 -0.1733     -1
    18.5 -0.1141      1
    18.5 -0.2146     -1
    19.5 -0.1136      1
    19.5 -0.1463     -1
    20.5 -0.1401E-02  1
    20.5 -0.3398E-01 -1
    21.5 -0.1644E-02  1
    21.5 -0.2537E-02 -1
    22.5 -0.9781E-03  1
    22.5 -0.1954E-02 -1
    23.5 -0.9840E-03  1
    23.5 -0.1311E-02 -1
    24.5 -0.6015E-04  1
    24.5 -0.3849E-03 -1
    25.5 -0.5936E-04  1
    25.5 -0.6662E-04 -1
    26.5 -0.6263E-06  1
    26.5 -0.7766E-05 -1
    27.5 -0.6141E-06  1
    27.5 -0.6547E-06 -1
    28.5 -0.2042E-08  1
    28.5 -0.4173E-07 -1
    29.5 -0.1993E-08  1
    29.5 -0.2075E-08 -1
    30.5 -0.2488E-11  1
    30.5 -0.8187E-10 -1
 &
