# 181 angles,  1 tensor ranks for 0=projectile
@subtitle   "7Li(d,p) @ 7.5AMeV ADWA (d) + Watson (p) LEA no-SO"                            
@legend ON
@legend x1 0.2
@legend y1 0.8
@g0 type LOGY
@yaxis ticklabel format power
@legend string   0 "Lab energy =   14.5311"
#legend string   0 "Partition=  2 Excit=  4 near/far= 1"
#  Theta       sigma       iT11        T20         T21         T22         Kyy for projectile
   0.000       69.02    
   1.000       68.88    
   2.000       68.46    
   3.000       67.75    
   4.000       66.75    
   5.000       65.45    
   6.000       63.84    
   7.000       61.93    
   8.000       59.71    
   9.000       57.20    
   10.00       54.40    
   11.00       51.35    
   12.00       48.09    
   13.00       44.65    
   14.00       41.12    
   15.00       37.55    
   16.00       34.02    
   17.00       30.60    
   18.00       27.36    
   19.00       24.36    
   20.00       21.65    
   21.00       19.24    
   22.00       17.14    
   23.00       15.36    
   24.00       13.87    
   25.00       12.64    
   26.00       11.62    
   27.00       10.79    
   28.00       10.09    
   29.00       9.501    
   30.00       8.977    
   31.00       8.493    
   32.00       8.025    
   33.00       7.553    
   34.00       7.065    
   35.00       6.554    
   36.00       6.023    
   37.00       5.482    
   38.00       4.951    
   39.00       4.449    
   40.00       4.002    
   41.00       3.628    
   42.00       3.340    
   43.00       3.142    
   44.00       3.026    
   45.00       2.977    
   46.00       2.970    
   47.00       2.982    
   48.00       2.989    
   49.00       2.974    
   50.00       2.925    
   51.00       2.840    
   52.00       2.723    
   53.00       2.584    
   54.00       2.433    
   55.00       2.284    
   56.00       2.147    
   57.00       2.031    
   58.00       1.940    
   59.00       1.880    
   60.00       1.850    
   61.00       1.850    
   62.00       1.879    
   63.00       1.931    
   64.00       2.002    
   65.00       2.082    
   66.00       2.163    
   67.00       2.236    
   68.00       2.292    
   69.00       2.322    
   70.00       2.322    
   71.00       2.289    
   72.00       2.225    
   73.00       2.134    
   74.00       2.023    
   75.00       1.899    
   76.00       1.769    
   77.00       1.643    
   78.00       1.524    
   79.00       1.417    
   80.00       1.325    
   81.00       1.247    
   82.00       1.182    
   83.00       1.130    
   84.00       1.088    
   85.00       1.053    
   86.00       1.023    
   87.00      0.9973    
   88.00      0.9727    
   89.00      0.9481    
   90.00      0.9223    
   91.00      0.8944    
   92.00      0.8638    
   93.00      0.8303    
   94.00      0.7938    
   95.00      0.7551    
   96.00      0.7149    
   97.00      0.6744    
   98.00      0.6348    
   99.00      0.5974    
   100.0      0.5635    
   101.0      0.5338    
   102.0      0.5090    
   103.0      0.4892    
   104.0      0.4743    
   105.0      0.4636    
   106.0      0.4566    
   107.0      0.4522    
   108.0      0.4494    
   109.0      0.4473    
   110.0      0.4453    
   111.0      0.4426    
   112.0      0.4390    
   113.0      0.4343    
   114.0      0.4286    
   115.0      0.4222    
   116.0      0.4154    
   117.0      0.4088    
   118.0      0.4028    
   119.0      0.3978    
   120.0      0.3944    
   121.0      0.3928    
   122.0      0.3935    
   123.0      0.3965    
   124.0      0.4019    
   125.0      0.4099    
   126.0      0.4203    
   127.0      0.4331    
   128.0      0.4481    
   129.0      0.4650    
   130.0      0.4839    
   131.0      0.5043    
   132.0      0.5261    
   133.0      0.5491    
   134.0      0.5731    
   135.0      0.5978    
   136.0      0.6232    
   137.0      0.6490    
   138.0      0.6752    
   139.0      0.7016    
   140.0      0.7281    
   141.0      0.7548    
   142.0      0.7814    
   143.0      0.8081    
   144.0      0.8348    
   145.0      0.8614    
   146.0      0.8881    
   147.0      0.9147    
   148.0      0.9414    
   149.0      0.9681    
   150.0      0.9949    
   151.0       1.022    
   152.0       1.049    
   153.0       1.076    
   154.0       1.103    
   155.0       1.130    
   156.0       1.157    
   157.0       1.184    
   158.0       1.211    
   159.0       1.238    
   160.0       1.264    
   161.0       1.290    
   162.0       1.316    
   163.0       1.341    
   164.0       1.365    
   165.0       1.389    
   166.0       1.412    
   167.0       1.434    
   168.0       1.454    
   169.0       1.474    
   170.0       1.492    
   171.0       1.509    
   172.0       1.524    
   173.0       1.538    
   174.0       1.550    
   175.0       1.560    
   176.0       1.569    
   177.0       1.576    
   178.0       1.580    
   179.0       1.583    
   180.0       1.584    
 END
