# 181 angles,  1 tensor ranks for 0=projectile
@subtitle   "7Li(d,p) @ 7.5AMeV ADWA (d) + Watson (p) LEA no-SO"                            
@legend ON
@legend x1 0.2
@legend y1 0.8
@g0 type LOGY
@yaxis ticklabel format power
@xaxis label "Scattering angle (degrees)"
@yaxis label "Cross section (mb/sr)"
@legend string   0 "Partition=  1 Excit=  1 near/far= 1"
#legend string   0 "Lab energy =   14.5311"
@s0 linestyle   1
#  Theta       sigma       iT11        T20         T21         T22         Kyy for projectile
  0.1000E-01  0.1578E+16
   1.000      0.1552E+08
   2.000      0.9318E+06
   3.000      0.1742E+06
   4.000      0.5190E+05
   5.000      0.2015E+05
   6.000       9407.    
   7.000       5100.    
   8.000       3153.    
   9.000       2187.    
   10.00       1669.    
   11.00       1369.    
   12.00       1182.    
   13.00       1056.    
   14.00       962.1    
   15.00       887.5    
   16.00       823.7    
   17.00       766.6    
   18.00       713.5    
   19.00       663.2    
   20.00       614.9    
   21.00       568.3    
   22.00       523.4    
   23.00       480.0    
   24.00       438.4    
   25.00       398.5    
   26.00       360.4    
   27.00       324.4    
   28.00       290.3    
   29.00       258.4    
   30.00       228.7    
   31.00       201.1    
   32.00       175.7    
   33.00       152.4    
   34.00       131.2    
   35.00       112.0    
   36.00       94.87    
   37.00       79.57    
   38.00       66.05    
   39.00       54.22    
   40.00       43.94    
   41.00       35.11    
   42.00       27.61    
   43.00       21.31    
   44.00       16.11    
   45.00       11.87    
   46.00       8.504    
   47.00       5.888    
   48.00       3.924    
   49.00       2.516    
   50.00       1.577    
   51.00       1.024    
   52.00      0.7823    
   53.00      0.7860    
   54.00      0.9753    
   55.00       1.298    
   56.00       1.709    
   57.00       2.169    
   58.00       2.646    
   59.00       3.114    
   60.00       3.552    
   61.00       3.944    
   62.00       4.278    
   63.00       4.545    
   64.00       4.743    
   65.00       4.869    
   66.00       4.924    
   67.00       4.912    
   68.00       4.837    
   69.00       4.704    
   70.00       4.522    
   71.00       4.296    
   72.00       4.036    
   73.00       3.748    
   74.00       3.439    
   75.00       3.119    
   76.00       2.793    
   77.00       2.467    
   78.00       2.149    
   79.00       1.841    
   80.00       1.550    
   81.00       1.279    
   82.00       1.030    
   83.00      0.8064    
   84.00      0.6093    
   85.00      0.4401    
   86.00      0.2990    
   87.00      0.1862    
   88.00      0.1012    
   89.00      0.4301E-01
   90.00      0.1060E-01
   91.00      0.2453E-02
   92.00      0.1691E-01
   93.00      0.5212E-01
   94.00      0.1061    
   95.00      0.1769    
   96.00      0.2623    
   97.00      0.3604    
   98.00      0.4690    
   99.00      0.5861    
   100.0      0.7099    
   101.0      0.8384    
   102.0      0.9699    
   103.0       1.103    
   104.0       1.236    
   105.0       1.367    
   106.0       1.495    
   107.0       1.619    
   108.0       1.738    
   109.0       1.851    
   110.0       1.956    
   111.0       2.054    
   112.0       2.143    
   113.0       2.222    
   114.0       2.292    
   115.0       2.352    
   116.0       2.401    
   117.0       2.438    
   118.0       2.465    
   119.0       2.480    
   120.0       2.483    
   121.0       2.475    
   122.0       2.455    
   123.0       2.423    
   124.0       2.381    
   125.0       2.328    
   126.0       2.264    
   127.0       2.190    
   128.0       2.107    
   129.0       2.015    
   130.0       1.916    
   131.0       1.809    
   132.0       1.697    
   133.0       1.580    
   134.0       1.459    
   135.0       1.336    
   136.0       1.212    
   137.0       1.088    
   138.0      0.9658    
   139.0      0.8467    
   140.0      0.7321    
   141.0      0.6235    
   142.0      0.5223    
   143.0      0.4298    
   144.0      0.3474    
   145.0      0.2763    
   146.0      0.2176    
   147.0      0.1722    
   148.0      0.1413    
   149.0      0.1253    
   150.0      0.1250    
   151.0      0.1408    
   152.0      0.1728    
   153.0      0.2212    
   154.0      0.2857    
   155.0      0.3660    
   156.0      0.4616    
   157.0      0.5717    
   158.0      0.6954    
   159.0      0.8315    
   160.0      0.9788    
   161.0       1.136    
   162.0       1.301    
   163.0       1.473    
   164.0       1.649    
   165.0       1.828    
   166.0       2.007    
   167.0       2.186    
   168.0       2.361    
   169.0       2.530    
   170.0       2.693    
   171.0       2.847    
   172.0       2.989    
   173.0       3.119    
   174.0       3.236    
   175.0       3.336    
   176.0       3.420    
   177.0       3.487    
   178.0       3.535    
   179.0       3.564    
   180.0       3.574    
 END
@legend string   1 "Partition=  2 Excit=  1 near/far= 1"
#legend string   0 "Lab energy =   14.5311"
@s1 linestyle   2
#  Theta       sigma       iT11        T20         T21         T22         Kyy for projectile
   0.000       32.66    
   1.000       32.66    
   2.000       32.64    
   3.000       32.61    
   4.000       32.55    
   5.000       32.45    
   6.000       32.32    
   7.000       32.12    
   8.000       31.86    
   9.000       31.52    
   10.00       31.10    
   11.00       30.58    
   12.00       29.96    
   13.00       29.24    
   14.00       28.42    
   15.00       27.50    
   16.00       26.49    
   17.00       25.39    
   18.00       24.23    
   19.00       23.00    
   20.00       21.73    
   21.00       20.42    
   22.00       19.10    
   23.00       17.77    
   24.00       16.45    
   25.00       15.15    
   26.00       13.88    
   27.00       12.66    
   28.00       11.48    
   29.00       10.36    
   30.00       9.312    
   31.00       8.326    
   32.00       7.412    
   33.00       6.569    
   34.00       5.799    
   35.00       5.102    
   36.00       4.475    
   37.00       3.917    
   38.00       3.425    
   39.00       2.996    
   40.00       2.627    
   41.00       2.313    
   42.00       2.051    
   43.00       1.837    
   44.00       1.665    
   45.00       1.532    
   46.00       1.433    
   47.00       1.363    
   48.00       1.320    
   49.00       1.298    
   50.00       1.294    
   51.00       1.304    
   52.00       1.325    
   53.00       1.355    
   54.00       1.391    
   55.00       1.431    
   56.00       1.472    
   57.00       1.512    
   58.00       1.552    
   59.00       1.588    
   60.00       1.621    
   61.00       1.649    
   62.00       1.672    
   63.00       1.690    
   64.00       1.701    
   65.00       1.706    
   66.00       1.705    
   67.00       1.698    
   68.00       1.684    
   69.00       1.666    
   70.00       1.641    
   71.00       1.612    
   72.00       1.579    
   73.00       1.541    
   74.00       1.500    
   75.00       1.457    
   76.00       1.411    
   77.00       1.363    
   78.00       1.314    
   79.00       1.264    
   80.00       1.215    
   81.00       1.165    
   82.00       1.116    
   83.00       1.067    
   84.00       1.020    
   85.00      0.9743    
   86.00      0.9303    
   87.00      0.8881    
   88.00      0.8480    
   89.00      0.8102    
   90.00      0.7746    
   91.00      0.7414    
   92.00      0.7107    
   93.00      0.6825    
   94.00      0.6567    
   95.00      0.6334    
   96.00      0.6126    
   97.00      0.5941    
   98.00      0.5779    
   99.00      0.5639    
   100.0      0.5520    
   101.0      0.5421    
   102.0      0.5339    
   103.0      0.5275    
   104.0      0.5226    
   105.0      0.5191    
   106.0      0.5170    
   107.0      0.5160    
   108.0      0.5160    
   109.0      0.5169    
   110.0      0.5185    
   111.0      0.5209    
   112.0      0.5239    
   113.0      0.5273    
   114.0      0.5311    
   115.0      0.5353    
   116.0      0.5398    
   117.0      0.5444    
   118.0      0.5493    
   119.0      0.5543    
   120.0      0.5594    
   121.0      0.5646    
   122.0      0.5698    
   123.0      0.5752    
   124.0      0.5806    
   125.0      0.5861    
   126.0      0.5917    
   127.0      0.5974    
   128.0      0.6033    
   129.0      0.6094    
   130.0      0.6157    
   131.0      0.6222    
   132.0      0.6291    
   133.0      0.6362    
   134.0      0.6438    
   135.0      0.6518    
   136.0      0.6602    
   137.0      0.6691    
   138.0      0.6786    
   139.0      0.6886    
   140.0      0.6992    
   141.0      0.7105    
   142.0      0.7224    
   143.0      0.7349    
   144.0      0.7481    
   145.0      0.7619    
   146.0      0.7764    
   147.0      0.7916    
   148.0      0.8073    
   149.0      0.8237    
   150.0      0.8406    
   151.0      0.8581    
   152.0      0.8760    
   153.0      0.8944    
   154.0      0.9131    
   155.0      0.9321    
   156.0      0.9513    
   157.0      0.9707    
   158.0      0.9902    
   159.0       1.010    
   160.0       1.029    
   161.0       1.048    
   162.0       1.067    
   163.0       1.086    
   164.0       1.104    
   165.0       1.121    
   166.0       1.138    
   167.0       1.154    
   168.0       1.170    
   169.0       1.184    
   170.0       1.198    
   171.0       1.210    
   172.0       1.222    
   173.0       1.232    
   174.0       1.241    
   175.0       1.248    
   176.0       1.255    
   177.0       1.260    
   178.0       1.263    
   179.0       1.265    
   180.0       1.266    
 END
@legend string   2 "Partition=  2 Excit=  2 near/far= 1"
#legend string   0 "Lab energy =   14.5311"
@s2 linestyle   3
#  Theta       sigma       iT11        T20         T21         T22         Kyy for projectile
   0.000       24.76    
   1.000       24.73    
   2.000       24.63    
   3.000       24.48    
   4.000       24.26    
   5.000       23.97    
   6.000       23.62    
   7.000       23.21    
   8.000       22.73    
   9.000       22.18    
   10.00       21.58    
   11.00       20.91    
   12.00       20.18    
   13.00       19.41    
   14.00       18.59    
   15.00       17.72    
   16.00       16.83    
   17.00       15.91    
   18.00       14.97    
   19.00       14.03    
   20.00       13.09    
   21.00       12.17    
   22.00       11.26    
   23.00       10.37    
   24.00       9.522    
   25.00       8.709    
   26.00       7.938    
   27.00       7.211    
   28.00       6.531    
   29.00       5.898    
   30.00       5.312    
   31.00       4.772    
   32.00       4.278    
   33.00       3.827    
   34.00       3.418    
   35.00       3.049    
   36.00       2.719    
   37.00       2.424    
   38.00       2.165    
   39.00       1.938    
   40.00       1.742    
   41.00       1.575    
   42.00       1.435    
   43.00       1.319    
   44.00       1.225    
   45.00       1.152    
   46.00       1.095    
   47.00       1.054    
   48.00       1.024    
   49.00       1.005    
   50.00      0.9939    
   51.00      0.9889    
   52.00      0.9885    
   53.00      0.9915    
   54.00      0.9967    
   55.00       1.003    
   56.00       1.011    
   57.00       1.018    
   58.00       1.026    
   59.00       1.032    
   60.00       1.038    
   61.00       1.043    
   62.00       1.045    
   63.00       1.046    
   64.00       1.045    
   65.00       1.041    
   66.00       1.034    
   67.00       1.025    
   68.00       1.013    
   69.00      0.9971    
   70.00      0.9788    
   71.00      0.9579    
   72.00      0.9346    
   73.00      0.9092    
   74.00      0.8821    
   75.00      0.8536    
   76.00      0.8241    
   77.00      0.7940    
   78.00      0.7635    
   79.00      0.7331    
   80.00      0.7029    
   81.00      0.6730    
   82.00      0.6437    
   83.00      0.6152    
   84.00      0.5873    
   85.00      0.5604    
   86.00      0.5343    
   87.00      0.5092    
   88.00      0.4851    
   89.00      0.4620    
   90.00      0.4400    
   91.00      0.4191    
   92.00      0.3994    
   93.00      0.3810    
   94.00      0.3637    
   95.00      0.3478    
   96.00      0.3331    
   97.00      0.3197    
   98.00      0.3076    
   99.00      0.2968    
   100.0      0.2873    
   101.0      0.2789    
   102.0      0.2716    
   103.0      0.2654    
   104.0      0.2601    
   105.0      0.2558    
   106.0      0.2523    
   107.0      0.2496    
   108.0      0.2475    
   109.0      0.2461    
   110.0      0.2453    
   111.0      0.2450    
   112.0      0.2451    
   113.0      0.2457    
   114.0      0.2467    
   115.0      0.2481    
   116.0      0.2498    
   117.0      0.2518    
   118.0      0.2542    
   119.0      0.2569    
   120.0      0.2599    
   121.0      0.2632    
   122.0      0.2668    
   123.0      0.2707    
   124.0      0.2748    
   125.0      0.2792    
   126.0      0.2839    
   127.0      0.2888    
   128.0      0.2940    
   129.0      0.2994    
   130.0      0.3051    
   131.0      0.3111    
   132.0      0.3174    
   133.0      0.3239    
   134.0      0.3308    
   135.0      0.3379    
   136.0      0.3454    
   137.0      0.3532    
   138.0      0.3613    
   139.0      0.3698    
   140.0      0.3786    
   141.0      0.3877    
   142.0      0.3973    
   143.0      0.4072    
   144.0      0.4174    
   145.0      0.4280    
   146.0      0.4390    
   147.0      0.4503    
   148.0      0.4619    
   149.0      0.4738    
   150.0      0.4860    
   151.0      0.4985    
   152.0      0.5112    
   153.0      0.5241    
   154.0      0.5371    
   155.0      0.5503    
   156.0      0.5635    
   157.0      0.5768    
   158.0      0.5900    
   159.0      0.6032    
   160.0      0.6162    
   161.0      0.6291    
   162.0      0.6417    
   163.0      0.6540    
   164.0      0.6660    
   165.0      0.6776    
   166.0      0.6888    
   167.0      0.6994    
   168.0      0.7095    
   169.0      0.7190    
   170.0      0.7278    
   171.0      0.7360    
   172.0      0.7434    
   173.0      0.7500    
   174.0      0.7558    
   175.0      0.7608    
   176.0      0.7649    
   177.0      0.7681    
   178.0      0.7704    
   179.0      0.7718    
   180.0      0.7722    
 END
@legend string   3 "Partition=  2 Excit=  3 near/far= 1"
#legend string   0 "Lab energy =   14.5311"
@s3 linestyle   4
#  Theta       sigma       iT11        T20         T21         T22         Kyy for projectile
   0.000       66.10    
   1.000       65.97    
   2.000       65.59    
   3.000       64.95    
   4.000       64.06    
   5.000       62.91    
   6.000       61.51    
   7.000       59.84    
   8.000       57.93    
   9.000       55.77    
   10.00       53.38    
   11.00       50.79    
   12.00       48.01    
   13.00       45.09    
   14.00       42.06    
   15.00       38.97    
   16.00       35.88    
   17.00       32.84    
   18.00       29.89    
   19.00       27.09    
   20.00       24.48    
   21.00       22.07    
   22.00       19.90    
   23.00       17.97    
   24.00       16.26    
   25.00       14.78    
   26.00       13.49    
   27.00       12.37    
   28.00       11.40    
   29.00       10.54    
   30.00       9.773    
   31.00       9.069    
   32.00       8.412    
   33.00       7.785    
   34.00       7.181    
   35.00       6.594    
   36.00       6.025    
   37.00       5.479    
   38.00       4.967    
   39.00       4.499    
   40.00       4.085    
   41.00       3.736    
   42.00       3.455    
   43.00       3.243    
   44.00       3.094    
   45.00       2.998    
   46.00       2.940    
   47.00       2.906    
   48.00       2.880    
   49.00       2.851    
   50.00       2.810    
   51.00       2.753    
   52.00       2.680    
   53.00       2.594    
   54.00       2.501    
   55.00       2.407    
   56.00       2.318    
   57.00       2.241    
   58.00       2.179    
   59.00       2.135    
   60.00       2.112    
   61.00       2.107    
   62.00       2.119    
   63.00       2.146    
   64.00       2.181    
   65.00       2.221    
   66.00       2.259    
   67.00       2.290    
   68.00       2.307    
   69.00       2.307    
   70.00       2.287    
   71.00       2.246    
   72.00       2.186    
   73.00       2.109    
   74.00       2.018    
   75.00       1.920    
   76.00       1.817    
   77.00       1.716    
   78.00       1.618    
   79.00       1.527    
   80.00       1.445    
   81.00       1.371    
   82.00       1.307    
   83.00       1.250    
   84.00       1.200    
   85.00       1.156    
   86.00       1.116    
   87.00       1.078    
   88.00       1.041    
   89.00       1.005    
   90.00      0.9684    
   91.00      0.9310    
   92.00      0.8925    
   93.00      0.8531    
   94.00      0.8130    
   95.00      0.7727    
   96.00      0.7329    
   97.00      0.6943    
   98.00      0.6577    
   99.00      0.6238    
   100.0      0.5932    
   101.0      0.5663    
   102.0      0.5433    
   103.0      0.5241    
   104.0      0.5085    
   105.0      0.4961    
   106.0      0.4864    
   107.0      0.4788    
   108.0      0.4728    
   109.0      0.4678    
   110.0      0.4633    
   111.0      0.4591    
   112.0      0.4549    
   113.0      0.4506    
   114.0      0.4464    
   115.0      0.4423    
   116.0      0.4386    
   117.0      0.4355    
   118.0      0.4332    
   119.0      0.4322    
   120.0      0.4325    
   121.0      0.4345    
   122.0      0.4382    
   123.0      0.4439    
   124.0      0.4516    
   125.0      0.4612    
   126.0      0.4728    
   127.0      0.4864    
   128.0      0.5017    
   129.0      0.5187    
   130.0      0.5373    
   131.0      0.5573    
   132.0      0.5785    
   133.0      0.6009    
   134.0      0.6242    
   135.0      0.6483    
   136.0      0.6731    
   137.0      0.6986    
   138.0      0.7245    
   139.0      0.7509    
   140.0      0.7777    
   141.0      0.8048    
   142.0      0.8323    
   143.0      0.8600    
   144.0      0.8880    
   145.0      0.9162    
   146.0      0.9447    
   147.0      0.9735    
   148.0       1.003    
   149.0       1.032    
   150.0       1.061    
   151.0       1.091    
   152.0       1.121    
   153.0       1.151    
   154.0       1.181    
   155.0       1.211    
   156.0       1.242    
   157.0       1.272    
   158.0       1.302    
   159.0       1.332    
   160.0       1.361    
   161.0       1.390    
   162.0       1.418    
   163.0       1.446    
   164.0       1.473    
   165.0       1.499    
   166.0       1.524    
   167.0       1.547    
   168.0       1.570    
   169.0       1.591    
   170.0       1.611    
   171.0       1.629    
   172.0       1.646    
   173.0       1.660    
   174.0       1.673    
   175.0       1.684    
   176.0       1.694    
   177.0       1.701    
   178.0       1.706    
   179.0       1.709    
   180.0       1.710    
 END
@legend string   4 "Partition=  2 Excit=  4 near/far= 1"
#legend string   0 "Lab energy =   14.5311"
@s4 linestyle   5
#  Theta       sigma       iT11        T20         T21         T22         Kyy for projectile
   0.000       69.02    
   1.000       68.88    
   2.000       68.46    
   3.000       67.75    
   4.000       66.75    
   5.000       65.45    
   6.000       63.84    
   7.000       61.93    
   8.000       59.71    
   9.000       57.20    
   10.00       54.40    
   11.00       51.35    
   12.00       48.09    
   13.00       44.65    
   14.00       41.12    
   15.00       37.55    
   16.00       34.02    
   17.00       30.60    
   18.00       27.36    
   19.00       24.36    
   20.00       21.65    
   21.00       19.24    
   22.00       17.14    
   23.00       15.36    
   24.00       13.87    
   25.00       12.64    
   26.00       11.62    
   27.00       10.79    
   28.00       10.09    
   29.00       9.501    
   30.00       8.977    
   31.00       8.493    
   32.00       8.025    
   33.00       7.553    
   34.00       7.065    
   35.00       6.554    
   36.00       6.023    
   37.00       5.482    
   38.00       4.951    
   39.00       4.449    
   40.00       4.002    
   41.00       3.628    
   42.00       3.340    
   43.00       3.142    
   44.00       3.026    
   45.00       2.977    
   46.00       2.970    
   47.00       2.982    
   48.00       2.989    
   49.00       2.974    
   50.00       2.925    
   51.00       2.840    
   52.00       2.723    
   53.00       2.584    
   54.00       2.433    
   55.00       2.284    
   56.00       2.147    
   57.00       2.031    
   58.00       1.940    
   59.00       1.880    
   60.00       1.850    
   61.00       1.850    
   62.00       1.879    
   63.00       1.931    
   64.00       2.002    
   65.00       2.082    
   66.00       2.163    
   67.00       2.236    
   68.00       2.292    
   69.00       2.322    
   70.00       2.322    
   71.00       2.289    
   72.00       2.225    
   73.00       2.134    
   74.00       2.023    
   75.00       1.899    
   76.00       1.769    
   77.00       1.643    
   78.00       1.524    
   79.00       1.417    
   80.00       1.325    
   81.00       1.247    
   82.00       1.182    
   83.00       1.130    
   84.00       1.088    
   85.00       1.053    
   86.00       1.023    
   87.00      0.9973    
   88.00      0.9727    
   89.00      0.9481    
   90.00      0.9223    
   91.00      0.8944    
   92.00      0.8638    
   93.00      0.8303    
   94.00      0.7938    
   95.00      0.7551    
   96.00      0.7149    
   97.00      0.6744    
   98.00      0.6348    
   99.00      0.5974    
   100.0      0.5635    
   101.0      0.5338    
   102.0      0.5090    
   103.0      0.4892    
   104.0      0.4743    
   105.0      0.4636    
   106.0      0.4566    
   107.0      0.4522    
   108.0      0.4494    
   109.0      0.4473    
   110.0      0.4453    
   111.0      0.4426    
   112.0      0.4390    
   113.0      0.4343    
   114.0      0.4286    
   115.0      0.4222    
   116.0      0.4154    
   117.0      0.4088    
   118.0      0.4028    
   119.0      0.3978    
   120.0      0.3944    
   121.0      0.3928    
   122.0      0.3935    
   123.0      0.3965    
   124.0      0.4019    
   125.0      0.4099    
   126.0      0.4203    
   127.0      0.4331    
   128.0      0.4481    
   129.0      0.4650    
   130.0      0.4839    
   131.0      0.5043    
   132.0      0.5261    
   133.0      0.5491    
   134.0      0.5731    
   135.0      0.5978    
   136.0      0.6232    
   137.0      0.6490    
   138.0      0.6752    
   139.0      0.7016    
   140.0      0.7281    
   141.0      0.7548    
   142.0      0.7814    
   143.0      0.8081    
   144.0      0.8348    
   145.0      0.8614    
   146.0      0.8881    
   147.0      0.9147    
   148.0      0.9414    
   149.0      0.9681    
   150.0      0.9949    
   151.0       1.022    
   152.0       1.049    
   153.0       1.076    
   154.0       1.103    
   155.0       1.130    
   156.0       1.157    
   157.0       1.184    
   158.0       1.211    
   159.0       1.238    
   160.0       1.264    
   161.0       1.290    
   162.0       1.316    
   163.0       1.341    
   164.0       1.365    
   165.0       1.389    
   166.0       1.412    
   167.0       1.434    
   168.0       1.454    
   169.0       1.474    
   170.0       1.492    
   171.0       1.509    
   172.0       1.524    
   173.0       1.538    
   174.0       1.550    
   175.0       1.560    
   176.0       1.569    
   177.0       1.576    
   178.0       1.580    
   179.0       1.583    
   180.0       1.584    
 END
@legend string   5 "Partition=  2 Excit=  5 near/far= 1"
#legend string   0 "Lab energy =   14.5311"
@s5 linestyle   1
#  Theta       sigma       iT11        T20         T21         T22         Kyy for projectile
   0.000       200.9    
   1.000       200.3    
   2.000       198.4    
   3.000       195.2    
   4.000       190.8    
   5.000       185.1    
   6.000       178.0    
   7.000       169.6    
   8.000       160.0    
   9.000       149.2    
   10.00       137.3    
   11.00       124.7    
   12.00       111.5    
   13.00       98.15    
   14.00       84.96    
   15.00       72.33    
   16.00       60.61    
   17.00       50.10    
   18.00       41.03    
   19.00       33.52    
   20.00       27.57    
   21.00       23.09    
   22.00       19.88    
   23.00       17.70    
   24.00       16.30    
   25.00       15.44    
   26.00       14.92    
   27.00       14.61    
   28.00       14.43    
   29.00       14.34    
   30.00       14.31    
   31.00       14.31    
   32.00       14.29    
   33.00       14.18    
   34.00       13.90    
   35.00       13.39    
   36.00       12.63    
   37.00       11.66    
   38.00       10.58    
   39.00       9.529    
   40.00       8.669    
   41.00       8.143    
   42.00       8.041    
   43.00       8.376    
   44.00       9.076    
   45.00       9.997    
   46.00       10.95    
   47.00       11.75    
   48.00       12.24    
   49.00       12.32    
   50.00       11.97    
   51.00       11.24    
   52.00       10.23    
   53.00       9.061    
   54.00       7.869    
   55.00       6.755    
   56.00       5.789    
   57.00       5.006    
   58.00       4.415    
   59.00       4.007    
   60.00       3.768    
   61.00       3.686    
   62.00       3.752    
   63.00       3.959    
   64.00       4.294    
   65.00       4.730    
   66.00       5.227    
   67.00       5.731    
   68.00       6.180    
   69.00       6.513    
   70.00       6.681    
   71.00       6.654    
   72.00       6.427    
   73.00       6.021    
   74.00       5.475    
   75.00       4.843    
   76.00       4.183    
   77.00       3.544    
   78.00       2.969    
   79.00       2.481    
   80.00       2.092    
   81.00       1.799    
   82.00       1.590    
   83.00       1.452    
   84.00       1.369    
   85.00       1.327    
   86.00       1.316    
   87.00       1.331    
   88.00       1.366    
   89.00       1.416    
   90.00       1.475    
   91.00       1.536    
   92.00       1.591    
   93.00       1.630    
   94.00       1.646    
   95.00       1.632    
   96.00       1.587    
   97.00       1.510    
   98.00       1.407    
   99.00       1.285    
   100.0       1.155    
   101.0       1.026    
   102.0      0.9088    
   103.0      0.8098    
   104.0      0.7342    
   105.0      0.6840    
   106.0      0.6581    
   107.0      0.6531    
   108.0      0.6638    
   109.0      0.6843    
   110.0      0.7088    
   111.0      0.7317    
   112.0      0.7491    
   113.0      0.7582    
   114.0      0.7578    
   115.0      0.7480    
   116.0      0.7300    
   117.0      0.7058    
   118.0      0.6778    
   119.0      0.6485    
   120.0      0.6202    
   121.0      0.5949    
   122.0      0.5741    
   123.0      0.5589    
   124.0      0.5500    
   125.0      0.5474    
   126.0      0.5513    
   127.0      0.5613    
   128.0      0.5772    
   129.0      0.5985    
   130.0      0.6250    
   131.0      0.6562    
   132.0      0.6920    
   133.0      0.7321    
   134.0      0.7764    
   135.0      0.8248    
   136.0      0.8769    
   137.0      0.9326    
   138.0      0.9917    
   139.0       1.054    
   140.0       1.119    
   141.0       1.186    
   142.0       1.255    
   143.0       1.325    
   144.0       1.396    
   145.0       1.467    
   146.0       1.539    
   147.0       1.609    
   148.0       1.679    
   149.0       1.748    
   150.0       1.815    
   151.0       1.880    
   152.0       1.943    
   153.0       2.004    
   154.0       2.063    
   155.0       2.119    
   156.0       2.173    
   157.0       2.225    
   158.0       2.274    
   159.0       2.321    
   160.0       2.366    
   161.0       2.409    
   162.0       2.450    
   163.0       2.488    
   164.0       2.524    
   165.0       2.559    
   166.0       2.591    
   167.0       2.621    
   168.0       2.649    
   169.0       2.675    
   170.0       2.699    
   171.0       2.720    
   172.0       2.740    
   173.0       2.757    
   174.0       2.772    
   175.0       2.785    
   176.0       2.795    
   177.0       2.804    
   178.0       2.810    
   179.0       2.813    
   180.0       2.814    
 END
