# Fusion cross sections for ELAB=  14.531, ECM=  11.290
     0.5   34.88       35.75      0.8738    
     1.5   110.4       115.1       4.674    
     2.5   175.3       187.5       12.26    
     3.5   175.4       199.7       24.33    
     4.5   129.5       168.9       39.41    
     5.5   58.87       109.0       50.18    
     6.5   5.661       51.76       46.10    
     7.5  -7.077       14.58       21.65    
     8.5  -4.655       3.592       8.247    
     9.5  -2.629      0.9082       3.538    
    10.5  -1.472      0.2322       1.704    
    11.5  -1.093      0.5942E-01   1.153    
    12.5 -0.9776      0.1515E-01  0.9928    
    13.5 -0.7041      0.3848E-02  0.7080    
    14.5 -0.5907      0.9718E-03  0.5916    
    15.5 -0.5720      0.2436E-03  0.5723    
    16.5 -0.3610      0.6032E-04  0.3610    
    17.5 -0.1733      0.1461E-04  0.1733    
    18.5 -0.2146      0.3420E-05  0.2146    
    19.5 -0.1463      0.7622E-06  0.1463    
    20.5 -0.3398E-01  0.1596E-06  0.3398E-01
    21.5 -0.2537E-02  0.3110E-07  0.2537E-02
    22.5 -0.1954E-02  0.5597E-08  0.1954E-02
    23.5 -0.1311E-02  0.9272E-09  0.1311E-02
    24.5 -0.3849E-03  0.1413E-09  0.3849E-03
    25.5 -0.6662E-04  0.1974E-10  0.6662E-04
    26.5 -0.7766E-05  0.2823E-11  0.7766E-05
    27.5 -0.6547E-06  0.3852E-12  0.6547E-06
    28.5 -0.4173E-07  0.3990E-13  0.4173E-07
    29.5 -0.2075E-08 -0.3302E-12  0.2075E-08
    30.5 -0.8187E-10  0.4691E-12  0.8234E-10
 &
