# 181 angles,  1 tensor ranks for 0=projectile
@subtitle   "7Li(d,p) @ 7.5AMeV ADWA (d) + KD (p)"                                          
@legend ON
@legend x1 0.2
@legend y1 0.8
@g0 type LOGY
@yaxis ticklabel format power
@xaxis label "Scattering angle (degrees)"
@yaxis label "Cross section (mb/sr)"
@legend string   0 "Partition=  1 Excit=  1 near/far= 1"
#legend string   0 "Lab energy =   14.5311"
@s0 linestyle   1
#  Theta       sigma       iT11        T20         T21         T22         Kyy for projectile
  0.1000E-01  0.1578E+16
   1.000      0.1554E+08
   2.000      0.9336E+06
   3.000      0.1745E+06
   4.000      0.5180E+05
   5.000      0.1994E+05
   6.000       9168.    
   7.000       4860.    
   8.000       2922.    
   9.000       1971.    
   10.00       1469.    
   11.00       1186.    
   12.00       1015.    
   13.00       904.2    
   14.00       826.3    
   15.00       766.6    
   16.00       717.4    
   17.00       674.0    
   18.00       634.0    
   19.00       596.1    
   20.00       559.4    
   21.00       523.7    
   22.00       488.9    
   23.00       454.8    
   24.00       421.5    
   25.00       389.2    
   26.00       358.0    
   27.00       327.9    
   28.00       299.1    
   29.00       271.6    
   30.00       245.5    
   31.00       220.9    
   32.00       197.8    
   33.00       176.2    
   34.00       156.1    
   35.00       137.6    
   36.00       120.5    
   37.00       104.9    
   38.00       90.75    
   39.00       77.95    
   40.00       66.46    
   41.00       56.20    
   42.00       47.11    
   43.00       39.11    
   44.00       32.12    
   45.00       26.07    
   46.00       20.88    
   47.00       16.47    
   48.00       12.76    
   49.00       9.689    
   50.00       7.175    
   51.00       5.157    
   52.00       3.571    
   53.00       2.358    
   54.00       1.463    
   55.00      0.8369    
   56.00      0.4337    
   57.00      0.2121    
   58.00      0.1353    
   59.00      0.1705    
   60.00      0.2893    
   61.00      0.4670    
   62.00      0.6823    
   63.00      0.9176    
   64.00       1.158    
   65.00       1.393    
   66.00       1.611    
   67.00       1.807    
   68.00       1.976    
   69.00       2.114    
   70.00       2.220    
   71.00       2.293    
   72.00       2.334    
   73.00       2.344    
   74.00       2.326    
   75.00       2.283    
   76.00       2.217    
   77.00       2.132    
   78.00       2.031    
   79.00       1.917    
   80.00       1.794    
   81.00       1.665    
   82.00       1.533    
   83.00       1.400    
   84.00       1.270    
   85.00       1.144    
   86.00       1.024    
   87.00      0.9125    
   88.00      0.8104    
   89.00      0.7188    
   90.00      0.6389    
   91.00      0.5711    
   92.00      0.5160    
   93.00      0.4739    
   94.00      0.4447    
   95.00      0.4285    
   96.00      0.4251    
   97.00      0.4339    
   98.00      0.4547    
   99.00      0.4868    
   100.0      0.5296    
   101.0      0.5824    
   102.0      0.6445    
   103.0      0.7149    
   104.0      0.7928    
   105.0      0.8774    
   106.0      0.9676    
   107.0       1.062    
   108.0       1.161    
   109.0       1.262    
   110.0       1.365    
   111.0       1.468    
   112.0       1.571    
   113.0       1.672    
   114.0       1.771    
   115.0       1.866    
   116.0       1.956    
   117.0       2.041    
   118.0       2.119    
   119.0       2.189    
   120.0       2.251    
   121.0       2.304    
   122.0       2.348    
   123.0       2.381    
   124.0       2.403    
   125.0       2.414    
   126.0       2.414    
   127.0       2.402    
   128.0       2.380    
   129.0       2.346    
   130.0       2.301    
   131.0       2.246    
   132.0       2.182    
   133.0       2.109    
   134.0       2.029    
   135.0       1.942    
   136.0       1.849    
   137.0       1.753    
   138.0       1.654    
   139.0       1.554    
   140.0       1.454    
   141.0       1.357    
   142.0       1.264    
   143.0       1.176    
   144.0       1.095    
   145.0       1.023    
   146.0      0.9613    
   147.0      0.9108    
   148.0      0.8731    
   149.0      0.8492    
   150.0      0.8402    
   151.0      0.8466    
   152.0      0.8692    
   153.0      0.9083    
   154.0      0.9639    
   155.0       1.036    
   156.0       1.124    
   157.0       1.228    
   158.0       1.347    
   159.0       1.479    
   160.0       1.624    
   161.0       1.780    
   162.0       1.946    
   163.0       2.119    
   164.0       2.299    
   165.0       2.482    
   166.0       2.667    
   167.0       2.851    
   168.0       3.033    
   169.0       3.210    
   170.0       3.380    
   171.0       3.541    
   172.0       3.691    
   173.0       3.828    
   174.0       3.951    
   175.0       4.058    
   176.0       4.147    
   177.0       4.217    
   178.0       4.268    
   179.0       4.299    
   180.0       4.309    
 END
@legend string   1 "Partition=  2 Excit=  1 near/far= 1"
#legend string   0 "Lab energy =   14.5311"
@s1 linestyle   2
#  Theta       sigma       iT11        T20         T21         T22         Kyy for projectile
   0.000       28.77    
   1.000       28.78    
   2.000       28.81    
   3.000       28.86    
   4.000       28.91    
   5.000       28.96    
   6.000       28.99    
   7.000       28.99    
   8.000       28.94    
   9.000       28.84    
   10.00       28.66    
   11.00       28.40    
   12.00       28.04    
   13.00       27.59    
   14.00       27.04    
   15.00       26.39    
   16.00       25.64    
   17.00       24.80    
   18.00       23.87    
   19.00       22.88    
   20.00       21.82    
   21.00       20.72    
   22.00       19.57    
   23.00       18.41    
   24.00       17.23    
   25.00       16.06    
   26.00       14.90    
   27.00       13.77    
   28.00       12.67    
   29.00       11.61    
   30.00       10.60    
   31.00       9.645    
   32.00       8.746    
   33.00       7.908    
   34.00       7.132    
   35.00       6.419    
   36.00       5.769    
   37.00       5.182    
   38.00       4.654    
   39.00       4.186    
   40.00       3.774    
   41.00       3.415    
   42.00       3.106    
   43.00       2.844    
   44.00       2.624    
   45.00       2.444    
   46.00       2.299    
   47.00       2.186    
   48.00       2.101    
   49.00       2.039    
   50.00       1.998    
   51.00       1.973    
   52.00       1.963    
   53.00       1.964    
   54.00       1.974    
   55.00       1.989    
   56.00       2.009    
   57.00       2.031    
   58.00       2.053    
   59.00       2.075    
   60.00       2.094    
   61.00       2.111    
   62.00       2.123    
   63.00       2.131    
   64.00       2.134    
   65.00       2.131    
   66.00       2.122    
   67.00       2.108    
   68.00       2.087    
   69.00       2.060    
   70.00       2.028    
   71.00       1.991    
   72.00       1.948    
   73.00       1.901    
   74.00       1.849    
   75.00       1.795    
   76.00       1.736    
   77.00       1.676    
   78.00       1.613    
   79.00       1.549    
   80.00       1.484    
   81.00       1.418    
   82.00       1.352    
   83.00       1.286    
   84.00       1.221    
   85.00       1.157    
   86.00       1.094    
   87.00       1.033    
   88.00      0.9735    
   89.00      0.9161    
   90.00      0.8610    
   91.00      0.8082    
   92.00      0.7581    
   93.00      0.7106    
   94.00      0.6658    
   95.00      0.6239    
   96.00      0.5847    
   97.00      0.5484    
   98.00      0.5150    
   99.00      0.4843    
   100.0      0.4562    
   101.0      0.4308    
   102.0      0.4080    
   103.0      0.3875    
   104.0      0.3693    
   105.0      0.3532    
   106.0      0.3392    
   107.0      0.3270    
   108.0      0.3166    
   109.0      0.3078    
   110.0      0.3004    
   111.0      0.2943    
   112.0      0.2894    
   113.0      0.2856    
   114.0      0.2828    
   115.0      0.2807    
   116.0      0.2794    
   117.0      0.2787    
   118.0      0.2785    
   119.0      0.2788    
   120.0      0.2794    
   121.0      0.2804    
   122.0      0.2816    
   123.0      0.2830    
   124.0      0.2845    
   125.0      0.2861    
   126.0      0.2878    
   127.0      0.2895    
   128.0      0.2913    
   129.0      0.2931    
   130.0      0.2949    
   131.0      0.2967    
   132.0      0.2985    
   133.0      0.3003    
   134.0      0.3021    
   135.0      0.3039    
   136.0      0.3058    
   137.0      0.3077    
   138.0      0.3096    
   139.0      0.3117    
   140.0      0.3138    
   141.0      0.3160    
   142.0      0.3183    
   143.0      0.3207    
   144.0      0.3232    
   145.0      0.3258    
   146.0      0.3286    
   147.0      0.3314    
   148.0      0.3344    
   149.0      0.3375    
   150.0      0.3408    
   151.0      0.3441    
   152.0      0.3475    
   153.0      0.3511    
   154.0      0.3547    
   155.0      0.3583    
   156.0      0.3620    
   157.0      0.3658    
   158.0      0.3695    
   159.0      0.3733    
   160.0      0.3770    
   161.0      0.3807    
   162.0      0.3843    
   163.0      0.3879    
   164.0      0.3913    
   165.0      0.3947    
   166.0      0.3979    
   167.0      0.4010    
   168.0      0.4039    
   169.0      0.4066    
   170.0      0.4092    
   171.0      0.4115    
   172.0      0.4137    
   173.0      0.4156    
   174.0      0.4172    
   175.0      0.4187    
   176.0      0.4198    
   177.0      0.4208    
   178.0      0.4214    
   179.0      0.4218    
   180.0      0.4220    
 END
@legend string   2 "Partition=  2 Excit=  2 near/far= 1"
#legend string   0 "Lab energy =   14.5311"
@s2 linestyle   3
#  Theta       sigma       iT11        T20         T21         T22         Kyy for projectile
   0.000       22.31    
   1.000       22.29    
   2.000       22.22    
   3.000       22.12    
   4.000       21.97    
   5.000       21.77    
   6.000       21.53    
   7.000       21.23    
   8.000       20.88    
   9.000       20.48    
   10.00       20.03    
   11.00       19.52    
   12.00       18.96    
   13.00       18.35    
   14.00       17.69    
   15.00       17.00    
   16.00       16.26    
   17.00       15.50    
   18.00       14.71    
   19.00       13.91    
   20.00       13.10    
   21.00       12.30    
   22.00       11.50    
   23.00       10.72    
   24.00       9.957    
   25.00       9.224    
   26.00       8.522    
   27.00       7.854    
   28.00       7.223    
   29.00       6.630    
   30.00       6.075    
   31.00       5.559    
   32.00       5.081    
   33.00       4.640    
   34.00       4.235    
   35.00       3.864    
   36.00       3.528    
   37.00       3.224    
   38.00       2.951    
   39.00       2.709    
   40.00       2.495    
   41.00       2.308    
   42.00       2.147    
   43.00       2.010    
   44.00       1.894    
   45.00       1.798    
   46.00       1.720    
   47.00       1.657    
   48.00       1.606    
   49.00       1.567    
   50.00       1.536    
   51.00       1.513    
   52.00       1.495    
   53.00       1.481    
   54.00       1.471    
   55.00       1.463    
   56.00       1.456    
   57.00       1.451    
   58.00       1.446    
   59.00       1.442    
   60.00       1.437    
   61.00       1.432    
   62.00       1.425    
   63.00       1.417    
   64.00       1.408    
   65.00       1.396    
   66.00       1.381    
   67.00       1.364    
   68.00       1.344    
   69.00       1.321    
   70.00       1.294    
   71.00       1.265    
   72.00       1.233    
   73.00       1.199    
   74.00       1.163    
   75.00       1.125    
   76.00       1.085    
   77.00       1.045    
   78.00       1.004    
   79.00      0.9630    
   80.00      0.9219    
   81.00      0.8809    
   82.00      0.8404    
   83.00      0.8005    
   84.00      0.7613    
   85.00      0.7229    
   86.00      0.6854    
   87.00      0.6489    
   88.00      0.6133    
   89.00      0.5788    
   90.00      0.5454    
   91.00      0.5132    
   92.00      0.4823    
   93.00      0.4527    
   94.00      0.4245    
   95.00      0.3977    
   96.00      0.3725    
   97.00      0.3487    
   98.00      0.3265    
   99.00      0.3059    
   100.0      0.2868    
   101.0      0.2692    
   102.0      0.2531    
   103.0      0.2385    
   104.0      0.2252    
   105.0      0.2132    
   106.0      0.2025    
   107.0      0.1929    
   108.0      0.1843    
   109.0      0.1768    
   110.0      0.1702    
   111.0      0.1643    
   112.0      0.1593    
   113.0      0.1550    
   114.0      0.1513    
   115.0      0.1482    
   116.0      0.1456    
   117.0      0.1435    
   118.0      0.1418    
   119.0      0.1406    
   120.0      0.1397    
   121.0      0.1391    
   122.0      0.1388    
   123.0      0.1387    
   124.0      0.1389    
   125.0      0.1392    
   126.0      0.1397    
   127.0      0.1404    
   128.0      0.1412    
   129.0      0.1421    
   130.0      0.1430    
   131.0      0.1440    
   132.0      0.1451    
   133.0      0.1462    
   134.0      0.1474    
   135.0      0.1486    
   136.0      0.1499    
   137.0      0.1511    
   138.0      0.1524    
   139.0      0.1538    
   140.0      0.1552    
   141.0      0.1566    
   142.0      0.1581    
   143.0      0.1597    
   144.0      0.1613    
   145.0      0.1630    
   146.0      0.1647    
   147.0      0.1665    
   148.0      0.1684    
   149.0      0.1704    
   150.0      0.1725    
   151.0      0.1746    
   152.0      0.1768    
   153.0      0.1790    
   154.0      0.1814    
   155.0      0.1837    
   156.0      0.1862    
   157.0      0.1886    
   158.0      0.1911    
   159.0      0.1936    
   160.0      0.1961    
   161.0      0.1986    
   162.0      0.2011    
   163.0      0.2036    
   164.0      0.2060    
   165.0      0.2083    
   166.0      0.2106    
   167.0      0.2127    
   168.0      0.2148    
   169.0      0.2168    
   170.0      0.2186    
   171.0      0.2203    
   172.0      0.2219    
   173.0      0.2233    
   174.0      0.2245    
   175.0      0.2255    
   176.0      0.2264    
   177.0      0.2271    
   178.0      0.2276    
   179.0      0.2279    
   180.0      0.2280    
 END
@legend string   3 "Partition=  2 Excit=  3 near/far= 1"
#legend string   0 "Lab energy =   14.5311"
@s3 linestyle   4
#  Theta       sigma       iT11        T20         T21         T22         Kyy for projectile
   0.000       60.48    
   1.000       60.38    
   2.000       60.06    
   3.000       59.54    
   4.000       58.80    
   5.000       57.84    
   6.000       56.66    
   7.000       55.27    
   8.000       53.65    
   9.000       51.81    
   10.00       49.77    
   11.00       47.54    
   12.00       45.14    
   13.00       42.60    
   14.00       39.96    
   15.00       37.26    
   16.00       34.54    
   17.00       31.85    
   18.00       29.24    
   19.00       26.75    
   20.00       24.42    
   21.00       22.28    
   22.00       20.33    
   23.00       18.60    
   24.00       17.08    
   25.00       15.74    
   26.00       14.59    
   27.00       13.58    
   28.00       12.70    
   29.00       11.91    
   30.00       11.21    
   31.00       10.55    
   32.00       9.933    
   33.00       9.335    
   34.00       8.750    
   35.00       8.174    
   36.00       7.608    
   37.00       7.060    
   38.00       6.539    
   39.00       6.056    
   40.00       5.624    
   41.00       5.252    
   42.00       4.946    
   43.00       4.706    
   44.00       4.528    
   45.00       4.401    
   46.00       4.313    
   47.00       4.247    
   48.00       4.191    
   49.00       4.130    
   50.00       4.057    
   51.00       3.967    
   52.00       3.860    
   53.00       3.740    
   54.00       3.611    
   55.00       3.481    
   56.00       3.357    
   57.00       3.244    
   58.00       3.149    
   59.00       3.074    
   60.00       3.021    
   61.00       2.991    
   62.00       2.981    
   63.00       2.988    
   64.00       3.008    
   65.00       3.033    
   66.00       3.058    
   67.00       3.076    
   68.00       3.080    
   69.00       3.065    
   70.00       3.029    
   71.00       2.970    
   72.00       2.888    
   73.00       2.787    
   74.00       2.670    
   75.00       2.543    
   76.00       2.410    
   77.00       2.276    
   78.00       2.147    
   79.00       2.025    
   80.00       1.912    
   81.00       1.810    
   82.00       1.719    
   83.00       1.638    
   84.00       1.567    
   85.00       1.503    
   86.00       1.446    
   87.00       1.393    
   88.00       1.342    
   89.00       1.293    
   90.00       1.243    
   91.00       1.193    
   92.00       1.141    
   93.00       1.087    
   94.00       1.032    
   95.00      0.9757    
   96.00      0.9187    
   97.00      0.8620    
   98.00      0.8066    
   99.00      0.7534    
   100.0      0.7031    
   101.0      0.6566    
   102.0      0.6143    
   103.0      0.5763    
   104.0      0.5427    
   105.0      0.5132    
   106.0      0.4875    
   107.0      0.4651    
   108.0      0.4454    
   109.0      0.4279    
   110.0      0.4121    
   111.0      0.3974    
   112.0      0.3837    
   113.0      0.3705    
   114.0      0.3578    
   115.0      0.3455    
   116.0      0.3337    
   117.0      0.3225    
   118.0      0.3119    
   119.0      0.3021    
   120.0      0.2932    
   121.0      0.2854    
   122.0      0.2787    
   123.0      0.2733    
   124.0      0.2691    
   125.0      0.2662    
   126.0      0.2645    
   127.0      0.2640    
   128.0      0.2647    
   129.0      0.2664    
   130.0      0.2690    
   131.0      0.2724    
   132.0      0.2765    
   133.0      0.2812    
   134.0      0.2863    
   135.0      0.2917    
   136.0      0.2974    
   137.0      0.3032    
   138.0      0.3091    
   139.0      0.3150    
   140.0      0.3208    
   141.0      0.3265    
   142.0      0.3321    
   143.0      0.3375    
   144.0      0.3429    
   145.0      0.3480    
   146.0      0.3531    
   147.0      0.3580    
   148.0      0.3629    
   149.0      0.3677    
   150.0      0.3724    
   151.0      0.3772    
   152.0      0.3819    
   153.0      0.3866    
   154.0      0.3914    
   155.0      0.3963    
   156.0      0.4012    
   157.0      0.4061    
   158.0      0.4111    
   159.0      0.4162    
   160.0      0.4212    
   161.0      0.4263    
   162.0      0.4314    
   163.0      0.4364    
   164.0      0.4414    
   165.0      0.4462    
   166.0      0.4510    
   167.0      0.4556    
   168.0      0.4600    
   169.0      0.4642    
   170.0      0.4682    
   171.0      0.4719    
   172.0      0.4752    
   173.0      0.4783    
   174.0      0.4810    
   175.0      0.4833    
   176.0      0.4852    
   177.0      0.4867    
   178.0      0.4878    
   179.0      0.4885    
   180.0      0.4887    
 END
@legend string   4 "Partition=  2 Excit=  4 near/far= 1"
#legend string   0 "Lab energy =   14.5311"
@s4 linestyle   5
#  Theta       sigma       iT11        T20         T21         T22         Kyy for projectile
   0.000       63.19    
   1.000       63.07    
   2.000       62.72    
   3.000       62.12    
   4.000       61.27    
   5.000       60.17    
   6.000       58.81    
   7.000       57.17    
   8.000       55.27    
   9.000       53.09    
   10.00       50.66    
   11.00       48.00    
   12.00       45.14    
   13.00       42.12    
   14.00       38.99    
   15.00       35.83    
   16.00       32.68    
   17.00       29.64    
   18.00       26.74    
   19.00       24.06    
   20.00       21.62    
   21.00       19.47    
   22.00       17.60    
   23.00       16.01    
   24.00       14.68    
   25.00       13.58    
   26.00       12.68    
   27.00       11.94    
   28.00       11.32    
   29.00       10.80    
   30.00       10.33    
   31.00       9.884    
   32.00       9.449    
   33.00       9.001    
   34.00       8.529    
   35.00       8.028    
   36.00       7.501    
   37.00       6.960    
   38.00       6.422    
   39.00       5.911    
   40.00       5.449    
   41.00       5.058    
   42.00       4.750    
   43.00       4.529    
   44.00       4.388    
   45.00       4.312    
   46.00       4.279    
   47.00       4.264    
   48.00       4.243    
   49.00       4.199    
   50.00       4.121    
   51.00       4.006    
   52.00       3.857    
   53.00       3.683    
   54.00       3.496    
   55.00       3.309    
   56.00       3.133    
   57.00       2.978    
   58.00       2.851    
   59.00       2.757    
   60.00       2.698    
   61.00       2.674    
   62.00       2.683    
   63.00       2.720    
   64.00       2.779    
   65.00       2.850    
   66.00       2.925    
   67.00       2.991    
   68.00       3.039    
   69.00       3.060    
   70.00       3.048    
   71.00       2.999    
   72.00       2.915    
   73.00       2.800    
   74.00       2.661    
   75.00       2.506    
   76.00       2.343    
   77.00       2.181    
   78.00       2.027    
   79.00       1.885    
   80.00       1.760    
   81.00       1.651    
   82.00       1.560    
   83.00       1.484    
   84.00       1.423    
   85.00       1.372    
   86.00       1.329    
   87.00       1.293    
   88.00       1.260    
   89.00       1.228    
   90.00       1.195    
   91.00       1.160    
   92.00       1.121    
   93.00       1.078    
   94.00       1.030    
   95.00      0.9784    
   96.00      0.9232    
   97.00      0.8659    
   98.00      0.8082    
   99.00      0.7516    
   100.0      0.6976    
   101.0      0.6475    
   102.0      0.6023    
   103.0      0.5625    
   104.0      0.5284    
   105.0      0.4996    
   106.0      0.4757    
   107.0      0.4558    
   108.0      0.4391    
   109.0      0.4245    
   110.0      0.4114    
   111.0      0.3989    
   112.0      0.3866    
   113.0      0.3740    
   114.0      0.3611    
   115.0      0.3478    
   116.0      0.3343    
   117.0      0.3209    
   118.0      0.3077    
   119.0      0.2951    
   120.0      0.2834    
   121.0      0.2729    
   122.0      0.2637    
   123.0      0.2560    
   124.0      0.2499    
   125.0      0.2454    
   126.0      0.2425    
   127.0      0.2412    
   128.0      0.2414    
   129.0      0.2429    
   130.0      0.2456    
   131.0      0.2494    
   132.0      0.2540    
   133.0      0.2594    
   134.0      0.2654    
   135.0      0.2719    
   136.0      0.2786    
   137.0      0.2855    
   138.0      0.2925    
   139.0      0.2994    
   140.0      0.3062    
   141.0      0.3129    
   142.0      0.3193    
   143.0      0.3254    
   144.0      0.3312    
   145.0      0.3368    
   146.0      0.3421    
   147.0      0.3471    
   148.0      0.3519    
   149.0      0.3565    
   150.0      0.3609    
   151.0      0.3651    
   152.0      0.3693    
   153.0      0.3734    
   154.0      0.3775    
   155.0      0.3816    
   156.0      0.3857    
   157.0      0.3898    
   158.0      0.3940    
   159.0      0.3982    
   160.0      0.4024    
   161.0      0.4067    
   162.0      0.4110    
   163.0      0.4153    
   164.0      0.4196    
   165.0      0.4238    
   166.0      0.4280    
   167.0      0.4320    
   168.0      0.4359    
   169.0      0.4397    
   170.0      0.4432    
   171.0      0.4466    
   172.0      0.4496    
   173.0      0.4524    
   174.0      0.4549    
   175.0      0.4570    
   176.0      0.4587    
   177.0      0.4601    
   178.0      0.4611    
   179.0      0.4617    
   180.0      0.4619    
 END
@legend string   5 "Partition=  2 Excit=  5 near/far= 1"
#legend string   0 "Lab energy =   14.5311"
@s5 linestyle   1
#  Theta       sigma       iT11        T20         T21         T22         Kyy for projectile
   0.000       188.5    
   1.000       187.9    
   2.000       186.2    
   3.000       183.3    
   4.000       179.2    
   5.000       173.9    
   6.000       167.4    
   7.000       159.7    
   8.000       150.7    
   9.000       140.7    
   10.00       129.7    
   11.00       118.0    
   12.00       105.7    
   13.00       93.23    
   14.00       80.91    
   15.00       69.09    
   16.00       58.11    
   17.00       48.24    
   18.00       39.72    
   19.00       32.66    
   20.00       27.06    
   21.00       22.84    
   22.00       19.83    
   23.00       17.80    
   24.00       16.51    
   25.00       15.75    
   26.00       15.33    
   27.00       15.12    
   28.00       15.05    
   29.00       15.06    
   30.00       15.12    
   31.00       15.21    
   32.00       15.26    
   33.00       15.20    
   34.00       14.97    
   35.00       14.49    
   36.00       13.76    
   37.00       12.82    
   38.00       11.75    
   39.00       10.70    
   40.00       9.827    
   41.00       9.269    
   42.00       9.117    
   43.00       9.384    
   44.00       10.00    
   45.00       10.84    
   46.00       11.72    
   47.00       12.46    
   48.00       12.91    
   49.00       12.97    
   50.00       12.63    
   51.00       11.91    
   52.00       10.93    
   53.00       9.784    
   54.00       8.610    
   55.00       7.501    
   56.00       6.528    
   57.00       5.728    
   58.00       5.111    
   59.00       4.671    
   60.00       4.399    
   61.00       4.285    
   62.00       4.321    
   63.00       4.499    
   64.00       4.804    
   65.00       5.210    
   66.00       5.677    
   67.00       6.149    
   68.00       6.566    
   69.00       6.868    
   70.00       7.009    
   71.00       6.958    
   72.00       6.713    
   73.00       6.292    
   74.00       5.734    
   75.00       5.093    
   76.00       4.423    
   77.00       3.775    
   78.00       3.189    
   79.00       2.690    
   80.00       2.288    
   81.00       1.983    
   82.00       1.764    
   83.00       1.616    
   84.00       1.525    
   85.00       1.476    
   86.00       1.460    
   87.00       1.469    
   88.00       1.497    
   89.00       1.539    
   90.00       1.588    
   91.00       1.639    
   92.00       1.683    
   93.00       1.711    
   94.00       1.717    
   95.00       1.695    
   96.00       1.643    
   97.00       1.564    
   98.00       1.461    
   99.00       1.343    
   100.0       1.218    
   101.0       1.098    
   102.0      0.9894    
   103.0      0.9003    
   104.0      0.8345    
   105.0      0.7933    
   106.0      0.7752    
   107.0      0.7765    
   108.0      0.7918    
   109.0      0.8152    
   110.0      0.8406    
   111.0      0.8629    
   112.0      0.8779    
   113.0      0.8831    
   114.0      0.8772    
   115.0      0.8606    
   116.0      0.8345    
   117.0      0.8009    
   118.0      0.7623    
   119.0      0.7213    
   120.0      0.6801    
   121.0      0.6408    
   122.0      0.6051    
   123.0      0.5739    
   124.0      0.5479    
   125.0      0.5274    
   126.0      0.5122    
   127.0      0.5021    
   128.0      0.4966    
   129.0      0.4954    
   130.0      0.4981    
   131.0      0.5041    
   132.0      0.5132    
   133.0      0.5252    
   134.0      0.5397    
   135.0      0.5567    
   136.0      0.5758    
   137.0      0.5970    
   138.0      0.6201    
   139.0      0.6447    
   140.0      0.6706    
   141.0      0.6975    
   142.0      0.7251    
   143.0      0.7531    
   144.0      0.7812    
   145.0      0.8089    
   146.0      0.8361    
   147.0      0.8624    
   148.0      0.8876    
   149.0      0.9115    
   150.0      0.9340    
   151.0      0.9550    
   152.0      0.9743    
   153.0      0.9920    
   154.0       1.008    
   155.0       1.023    
   156.0       1.036    
   157.0       1.047    
   158.0       1.058    
   159.0       1.067    
   160.0       1.075    
   161.0       1.082    
   162.0       1.088    
   163.0       1.094    
   164.0       1.099    
   165.0       1.103    
   166.0       1.107    
   167.0       1.110    
   168.0       1.113    
   169.0       1.116    
   170.0       1.118    
   171.0       1.120    
   172.0       1.122    
   173.0       1.123    
   174.0       1.125    
   175.0       1.126    
   176.0       1.127    
   177.0       1.128    
   178.0       1.128    
   179.0       1.129    
   180.0       1.129    
 END
