# 181 angles,  1 tensor ranks for 0=projectile
@subtitle   "7Li(d,p) @ 7.5AMeV ADWA (d) + KD (p)"                                          
@legend ON
@legend x1 0.2
@legend y1 0.8
@g0 type LOGY
@yaxis ticklabel format power
@legend string   0 "Lab energy =   14.5311"
#legend string   0 "Partition=  2 Excit=  2 near/far= 1"
#  Theta       sigma       iT11        T20         T21         T22         Kyy for projectile
   0.000       22.31    
   1.000       22.29    
   2.000       22.22    
   3.000       22.12    
   4.000       21.97    
   5.000       21.77    
   6.000       21.53    
   7.000       21.23    
   8.000       20.88    
   9.000       20.48    
   10.00       20.03    
   11.00       19.52    
   12.00       18.96    
   13.00       18.35    
   14.00       17.69    
   15.00       17.00    
   16.00       16.26    
   17.00       15.50    
   18.00       14.71    
   19.00       13.91    
   20.00       13.10    
   21.00       12.30    
   22.00       11.50    
   23.00       10.72    
   24.00       9.957    
   25.00       9.224    
   26.00       8.522    
   27.00       7.854    
   28.00       7.223    
   29.00       6.630    
   30.00       6.075    
   31.00       5.559    
   32.00       5.081    
   33.00       4.640    
   34.00       4.235    
   35.00       3.864    
   36.00       3.528    
   37.00       3.224    
   38.00       2.951    
   39.00       2.709    
   40.00       2.495    
   41.00       2.308    
   42.00       2.147    
   43.00       2.010    
   44.00       1.894    
   45.00       1.798    
   46.00       1.720    
   47.00       1.657    
   48.00       1.606    
   49.00       1.567    
   50.00       1.536    
   51.00       1.513    
   52.00       1.495    
   53.00       1.481    
   54.00       1.471    
   55.00       1.463    
   56.00       1.456    
   57.00       1.451    
   58.00       1.446    
   59.00       1.442    
   60.00       1.437    
   61.00       1.432    
   62.00       1.425    
   63.00       1.417    
   64.00       1.408    
   65.00       1.396    
   66.00       1.381    
   67.00       1.364    
   68.00       1.344    
   69.00       1.321    
   70.00       1.294    
   71.00       1.265    
   72.00       1.233    
   73.00       1.199    
   74.00       1.163    
   75.00       1.125    
   76.00       1.085    
   77.00       1.045    
   78.00       1.004    
   79.00      0.9630    
   80.00      0.9219    
   81.00      0.8809    
   82.00      0.8404    
   83.00      0.8005    
   84.00      0.7613    
   85.00      0.7229    
   86.00      0.6854    
   87.00      0.6489    
   88.00      0.6133    
   89.00      0.5788    
   90.00      0.5454    
   91.00      0.5132    
   92.00      0.4823    
   93.00      0.4527    
   94.00      0.4245    
   95.00      0.3977    
   96.00      0.3725    
   97.00      0.3487    
   98.00      0.3265    
   99.00      0.3059    
   100.0      0.2868    
   101.0      0.2692    
   102.0      0.2531    
   103.0      0.2385    
   104.0      0.2252    
   105.0      0.2132    
   106.0      0.2025    
   107.0      0.1929    
   108.0      0.1843    
   109.0      0.1768    
   110.0      0.1702    
   111.0      0.1643    
   112.0      0.1593    
   113.0      0.1550    
   114.0      0.1513    
   115.0      0.1482    
   116.0      0.1456    
   117.0      0.1435    
   118.0      0.1418    
   119.0      0.1406    
   120.0      0.1397    
   121.0      0.1391    
   122.0      0.1388    
   123.0      0.1387    
   124.0      0.1389    
   125.0      0.1392    
   126.0      0.1397    
   127.0      0.1404    
   128.0      0.1412    
   129.0      0.1421    
   130.0      0.1430    
   131.0      0.1440    
   132.0      0.1451    
   133.0      0.1462    
   134.0      0.1474    
   135.0      0.1486    
   136.0      0.1499    
   137.0      0.1511    
   138.0      0.1524    
   139.0      0.1538    
   140.0      0.1552    
   141.0      0.1566    
   142.0      0.1581    
   143.0      0.1597    
   144.0      0.1613    
   145.0      0.1630    
   146.0      0.1647    
   147.0      0.1665    
   148.0      0.1684    
   149.0      0.1704    
   150.0      0.1725    
   151.0      0.1746    
   152.0      0.1768    
   153.0      0.1790    
   154.0      0.1814    
   155.0      0.1837    
   156.0      0.1862    
   157.0      0.1886    
   158.0      0.1911    
   159.0      0.1936    
   160.0      0.1961    
   161.0      0.1986    
   162.0      0.2011    
   163.0      0.2036    
   164.0      0.2060    
   165.0      0.2083    
   166.0      0.2106    
   167.0      0.2127    
   168.0      0.2148    
   169.0      0.2168    
   170.0      0.2186    
   171.0      0.2203    
   172.0      0.2219    
   173.0      0.2233    
   174.0      0.2245    
   175.0      0.2255    
   176.0      0.2264    
   177.0      0.2271    
   178.0      0.2276    
   179.0      0.2279    
   180.0      0.2280    
 END
