# 181 angles,  1 tensor ranks for 0=projectile
@subtitle   "7Li(d,p) @ 7.5AMeV ADWA (d) + KD (p)"                                          
@legend ON
@legend x1 0.2
@legend y1 0.8
@g0 type LOGY
@yaxis ticklabel format power
@legend string   0 "Lab energy =   14.5311"
#legend string   0 "Partition=  2 Excit=  3 near/far= 1"
#  Theta       sigma       iT11        T20         T21         T22         Kyy for projectile
   0.000       60.48    
   1.000       60.38    
   2.000       60.06    
   3.000       59.54    
   4.000       58.80    
   5.000       57.84    
   6.000       56.66    
   7.000       55.27    
   8.000       53.65    
   9.000       51.81    
   10.00       49.77    
   11.00       47.54    
   12.00       45.14    
   13.00       42.60    
   14.00       39.96    
   15.00       37.26    
   16.00       34.54    
   17.00       31.85    
   18.00       29.24    
   19.00       26.75    
   20.00       24.42    
   21.00       22.28    
   22.00       20.33    
   23.00       18.60    
   24.00       17.08    
   25.00       15.74    
   26.00       14.59    
   27.00       13.58    
   28.00       12.70    
   29.00       11.91    
   30.00       11.21    
   31.00       10.55    
   32.00       9.933    
   33.00       9.335    
   34.00       8.750    
   35.00       8.174    
   36.00       7.608    
   37.00       7.060    
   38.00       6.539    
   39.00       6.056    
   40.00       5.624    
   41.00       5.252    
   42.00       4.946    
   43.00       4.706    
   44.00       4.528    
   45.00       4.401    
   46.00       4.313    
   47.00       4.247    
   48.00       4.191    
   49.00       4.130    
   50.00       4.057    
   51.00       3.967    
   52.00       3.860    
   53.00       3.740    
   54.00       3.611    
   55.00       3.481    
   56.00       3.357    
   57.00       3.244    
   58.00       3.149    
   59.00       3.074    
   60.00       3.021    
   61.00       2.991    
   62.00       2.981    
   63.00       2.988    
   64.00       3.008    
   65.00       3.033    
   66.00       3.058    
   67.00       3.076    
   68.00       3.080    
   69.00       3.065    
   70.00       3.029    
   71.00       2.970    
   72.00       2.888    
   73.00       2.787    
   74.00       2.670    
   75.00       2.543    
   76.00       2.410    
   77.00       2.276    
   78.00       2.147    
   79.00       2.025    
   80.00       1.912    
   81.00       1.810    
   82.00       1.719    
   83.00       1.638    
   84.00       1.567    
   85.00       1.503    
   86.00       1.446    
   87.00       1.393    
   88.00       1.342    
   89.00       1.293    
   90.00       1.243    
   91.00       1.193    
   92.00       1.141    
   93.00       1.087    
   94.00       1.032    
   95.00      0.9757    
   96.00      0.9187    
   97.00      0.8620    
   98.00      0.8066    
   99.00      0.7534    
   100.0      0.7031    
   101.0      0.6566    
   102.0      0.6143    
   103.0      0.5763    
   104.0      0.5427    
   105.0      0.5132    
   106.0      0.4875    
   107.0      0.4651    
   108.0      0.4454    
   109.0      0.4279    
   110.0      0.4121    
   111.0      0.3974    
   112.0      0.3837    
   113.0      0.3705    
   114.0      0.3578    
   115.0      0.3455    
   116.0      0.3337    
   117.0      0.3225    
   118.0      0.3119    
   119.0      0.3021    
   120.0      0.2932    
   121.0      0.2854    
   122.0      0.2787    
   123.0      0.2733    
   124.0      0.2691    
   125.0      0.2662    
   126.0      0.2645    
   127.0      0.2640    
   128.0      0.2647    
   129.0      0.2664    
   130.0      0.2690    
   131.0      0.2724    
   132.0      0.2765    
   133.0      0.2812    
   134.0      0.2863    
   135.0      0.2917    
   136.0      0.2974    
   137.0      0.3032    
   138.0      0.3091    
   139.0      0.3150    
   140.0      0.3208    
   141.0      0.3265    
   142.0      0.3321    
   143.0      0.3375    
   144.0      0.3429    
   145.0      0.3480    
   146.0      0.3531    
   147.0      0.3580    
   148.0      0.3629    
   149.0      0.3677    
   150.0      0.3724    
   151.0      0.3772    
   152.0      0.3819    
   153.0      0.3866    
   154.0      0.3914    
   155.0      0.3963    
   156.0      0.4012    
   157.0      0.4061    
   158.0      0.4111    
   159.0      0.4162    
   160.0      0.4212    
   161.0      0.4263    
   162.0      0.4314    
   163.0      0.4364    
   164.0      0.4414    
   165.0      0.4462    
   166.0      0.4510    
   167.0      0.4556    
   168.0      0.4600    
   169.0      0.4642    
   170.0      0.4682    
   171.0      0.4719    
   172.0      0.4752    
   173.0      0.4783    
   174.0      0.4810    
   175.0      0.4833    
   176.0      0.4852    
   177.0      0.4867    
   178.0      0.4878    
   179.0      0.4885    
   180.0      0.4887    
 END
