           6           1           1
    0.5+     1 1   5.671       0.000      0.5384E-01  0.4254E-01  0.1259E-01  0.1261E-01  0.3742E-01   5.512    
    0.5+     1 2   5.661       0.000      0.1761E-01  0.8037E-01  0.4183E-02  0.4064E-02  0.7518E-02   5.547    
    0.5+     3 3   5.262       0.000      0.2192E-01  0.8062E-01  0.1175E-01  0.8793E-02  0.6903E-02   5.132    
    0.5-     0 1   5.999       0.000      0.4303E-01  0.2687E-01   0.000       0.000       0.000       5.929    
    0.5-     2 2   6.136       0.000      0.4558E-01  0.1271E-01  0.3277E-01  0.2705E-01  0.3184E-01   5.986    
    0.5-     2 3   6.184       0.000      0.3855E-01  0.7148E-02  0.1573E-01  0.1312E-01  0.1644E-01   6.093    
    1.5+     1 1   11.39       0.000      0.6632E-01  0.5262E-01  0.1217      0.1146      0.1884       10.85    
    1.5+     1 2   11.34       0.000      0.3343E-01  0.7205E-01  0.9642E-01  0.9124E-01  0.1518       10.90    
    1.5+     1 3   11.32       0.000      0.7927E-01  0.2887      0.2948E-01  0.2851E-01  0.5051E-01   10.85    
    1.5+     3 4   10.52       0.000      0.1175      0.1208E-01  0.4514E-01  0.4040E-01  0.7047E-01   10.24    
    1.5+     3 5   10.20       0.000      0.7757E-01  0.3549      0.1348E-01  0.1042E-01  0.8545E-02   9.734    
    1.5-     0 1   12.00       0.000      0.2596E-01  0.4110E-01  0.4661E-01  0.4577E-01  0.2454       11.59    
    1.5-     2 2   12.27       0.000      0.1166      0.3656E-01  0.5911E-01  0.4974E-01  0.5427E-01   11.96    
    1.5-     2 3   12.37       0.000      0.6007E-01  0.4884E-01  0.3257E-01  0.2716E-01  0.3577E-01   12.16    
    1.5-     2 4   12.21       0.000      0.8941E-01  0.1432      0.9267E-02  0.7900E-02  0.1217E-01   11.95    
    1.5-     4 5   6.416       0.000      0.3442      0.4046      0.4328E-01  0.3916E-01  0.5178E-01   5.533    
    2.5+     1 1   17.01       0.000      0.8448E-01  0.3296E-01  0.2828      0.2762      0.6388       15.70    
    2.5+     1 2   16.98       0.000      0.2945      0.3564E-01  0.1654      0.1620      0.3159       16.01    
    2.5+     3 3   15.79       0.000      0.1323      0.1300      0.1801      0.1737      0.3484       14.82    
    2.5+     3 4   15.30       0.000      0.3503      0.6329      0.7039E-01  0.6526E-01  0.1109       14.07    
    2.5+     3 5   15.46       0.000      0.1629      0.6415      0.1828E-01  0.1714E-01  0.2881E-01   14.60    
    2.5+     5 6   1.580       0.000      0.1867      0.1939      0.3259E-01  0.3014E-01  0.7150E-01   1.065    
    2.5-     0 1   18.00       0.000      0.6565E-01  0.1307E-01  0.1748      0.1745      0.8222       16.75    
    2.5-     2 2   18.41       0.000      0.1837      0.8413E-01  0.6374E-01  0.5424E-01  0.7083E-01   17.95    
    2.5-     2 3   18.55       0.000      0.1416      0.2960E-01  0.4844E-01  0.4101E-01  0.8000E-01   18.21    
    2.5-     2 4   18.32       0.000      0.1916      0.2826      0.4461E-01  0.3996E-01  0.8522E-01   17.68    
    2.5-     4 5   9.624       0.000      0.5847      0.4028E-01  0.2312      0.2142      0.3042       8.250    
    2.5-     4 6   10.24       0.000      0.4356       1.261      0.3527E-01  0.3195E-01  0.4291E-01   8.435    
    3.5+     1 1   22.64       0.000      0.4254E-01  0.1597E-01   1.050       1.042       2.226       18.27    
    3.5+     3 2   21.05       0.000      0.1596      0.4952E-01  0.3986      0.3899      0.7894       19.26    
    3.5+     3 3   20.40       0.000      0.8405      0.2399E-01  0.4574      0.4442      0.8302       17.80    
    3.5+     3 4   20.62       0.000      0.5134      0.8727      0.1657      0.1619      0.2951       18.61    
    3.5+     5 5   2.106       0.000      0.2447      0.1140E-01  0.1416      0.1338      0.2824       1.293    
    3.5+     5 6   2.212       0.000      0.2437      0.6065      0.2737E-01  0.2540E-01  0.5891E-01   1.250    
    3.5-     2 1   24.73       0.000      0.1352      0.5750E-01  0.8803E-01  0.8010E-01  0.3626       24.01    
    3.5-     2 2   24.43       0.000      0.4366      0.2302E-01  0.1960      0.1851      0.5056       23.08    
    3.5-     4 3   12.83       0.000      0.2267      0.5700      0.6725      0.6257      0.8991       9.838    
    3.5-     4 4   13.66       0.000       1.585       1.541      0.2620      0.2431      0.3515       9.673    
    3.5-     4 5   14.21       0.000      0.9256       2.747      0.7246E-01  0.6741E-01  0.1017       10.29    
    3.5-     6 6  0.3213       0.000      0.6895E-01  0.6868E-01  0.1551E-01  0.1474E-01  0.4179E-01  0.1116    
    4.5+     3 1   25.50       0.000      0.9006E-01  0.3610E-01   2.174       2.125       3.997       17.07    
    4.5+     3 2   25.77       0.000      0.9812      0.9053E-02  0.8724      0.8615       1.600       21.45    
    4.5+     5 3   2.633       0.000      0.6696E-01  0.2659      0.3416      0.3242      0.6688      0.9655    
    4.5+     5 4   2.765       0.000      0.7121      0.6235      0.1668      0.1579      0.3294      0.7751    
    4.5+     5 5   2.961       0.000      0.4692       1.289      0.4601E-01  0.4352E-01  0.9085E-01   1.021    
    4.5+     7 6  0.6725E-01   0.000      0.2441E-01  0.2402E-01  0.7177E-02  0.7531E-02  0.3704E-01 -0.3292E-01
    4.5-     2 1   30.53       0.000      0.9992E-01  0.2620E-01  0.8080      0.7809       2.328       26.49    
    4.5-     4 2   16.04       0.000      0.6825      0.4841E-01   1.091       1.016       1.464       11.74    
    4.5-     4 3   17.07       0.000       2.813      0.1503       1.217       1.133       1.654       10.10    
    4.5-     4 4   17.76       0.000       3.295       3.146      0.5717      0.5338      0.8135       9.399    
    4.5-     6 5  0.4016       0.000      0.7696E-01  0.3586E-02  0.5915E-01  0.5612E-01  0.1324      0.7339E-01
    4.5-     6 6  0.4075       0.000      0.8853E-01  0.2088      0.1299E-01  0.1234E-01  0.3369E-01  0.5115E-01
    5.5+     3 1   30.93       0.000      0.6826E-01  0.1419E-01   3.317       3.284       6.129       18.12    
    5.5+     5 2   3.160       0.000      0.3024      0.1616E-01  0.4799      0.4559      0.9350      0.9703    
    5.5+     5 3   3.318       0.000       1.080      0.8652E-01  0.6369      0.6047       1.240     -0.3305    
    5.5+     5 4   3.553       0.000       1.491       1.340      0.3143      0.2983      0.6111     -0.5018    
    5.5+     7 5  0.8071E-01   0.000      0.2436E-01  0.1324E-02  0.2495E-01  0.2509E-01  0.8148E-01 -0.7650E-01
    5.5+     7 6  0.8102E-01   0.000      0.3109E-01  0.7177E-01  0.6016E-02  0.6247E-02  0.2817E-01 -0.6228E-01
    5.5-     4 1   20.48       0.000      0.1908      0.1330E-01   4.253       3.963       5.795       6.268    
    5.5-     4 2   21.31       0.000       5.509      0.2829E-02   2.564       2.396       3.660       7.179    
    5.5-     6 3  0.4819       0.000      0.1632E-01  0.9332E-01  0.1273      0.1207      0.2740     -0.1497    
    5.5-     6 4  0.4891       0.000      0.2264      0.1925      0.6922E-01  0.6567E-01  0.1524     -0.2171    
    5.5-     6 5  0.4984       0.000      0.1519      0.4168      0.1864E-01  0.1768E-01  0.4146E-01 -0.1481    
    5.5-     8 6  0.1414E-01   0.000      0.8443E-02  0.8403E-02  0.3977E-02  0.6516E-02  0.7287E-01 -0.8606E-01
    6.5+     5 1   3.871       0.000      0.1033      0.5507E-02   1.903       1.808       3.695      -3.644    
    6.5+     5 2   4.145       0.000       2.279      0.9888E-03   1.259       1.196       2.438      -3.028    
    6.5+     7 3  0.9416E-01   0.000      0.4213E-02  0.3250E-01  0.4965E-01  0.4952E-01  0.1442     -0.1859    
    6.5+     7 4  0.9452E-01   0.000      0.7253E-01  0.6133E-01  0.2910E-01  0.2916E-01  0.9044E-01 -0.1880    
    6.5+     7 5  0.9497E-01   0.000      0.4983E-01  0.1381      0.7783E-02  0.7822E-02  0.2514E-01 -0.1337    
    6.5+     9 6  0.2954E-02   0.000      0.2861E-02  0.2883E-02  0.1459E-02  0.2226E-02  0.2285E-01 -0.2932E-01
    6.5-     4 1   24.86       0.000      0.2592E-01  0.5425E-02   8.537       7.980       12.20      -3.887    
    6.5-     6 2  0.5623       0.000      0.1002      0.4389E-02  0.1630      0.1546      0.3472     -0.2073    
    6.5-     6 3  0.5706       0.000      0.3104      0.3317E-01  0.2342      0.2222      0.5008     -0.7302    
    6.5-     6 4  0.5814       0.000      0.4468      0.4050      0.1159      0.1099      0.2490     -0.7451    
    6.5-     8 5  0.1650E-01   0.000      0.7755E-02  0.5106E-03  0.1112E-01  0.1330E-01  0.7700E-01 -0.9318E-01
    6.5-     8 6  0.1651E-01   0.000      0.1071E-01  0.2481E-01  0.3211E-02  0.4911E-02  0.4981E-01 -0.7694E-01
    7.5+     5 1   4.737       0.000      0.9984E-02  0.2200E-02   3.837       3.645       7.418      -10.18    
    7.5+     7 2  0.1076       0.000      0.3314E-01  0.1258E-02  0.5963E-01  0.5934E-01  0.1672     -0.2129    
    7.5+     7 3  0.1080       0.000      0.9268E-01  0.1228E-01  0.9058E-01  0.9022E-01  0.2574     -0.4351    
    7.5+     7 4  0.1085       0.000      0.1388      0.1278      0.4528E-01  0.4515E-01  0.1311     -0.3795    
    7.5+     9 5  0.3377E-02   0.000      0.2467E-02  0.1932E-03  0.4144E-02  0.4854E-02  0.2593E-01 -0.3421E-01
    7.5+     9 6  0.3374E-02   0.000      0.3620E-02  0.8441E-02  0.1199E-02  0.1711E-02  0.1565E-01 -0.2725E-01
    7.5-     6 1  0.6521       0.000      0.3705E-01  0.1665E-02  0.6326      0.6000       1.343      -1.962    
    7.5-     6 2  0.6645       0.000      0.6416      0.2635E-03  0.4303      0.4082      0.9156      -1.731    
    7.5-     8 3  0.1886E-01   0.000      0.1133E-02  0.1133E-01  0.2025E-01  0.2215E-01  0.8668E-01 -0.1227    
    7.5-     8 4  0.1887E-01   0.000      0.2337E-01  0.2006E-01  0.1276E-01  0.1469E-01  0.7345E-01 -0.1255    
    7.5-     8 5  0.1888E-01   0.000      0.1640E-01  0.4662E-01  0.3453E-02  0.4106E-02  0.2326E-01 -0.7496E-01
    7.5-    10 6  0.6128E-03   0.000      0.9573E-03  0.1012E-02  0.8269E-03  0.1375E-02  0.2142E-01 -0.2497E-01
    8.5+     7 1  0.1215       0.000      0.1293E-01  0.5147E-03  0.2278      0.2266      0.6329     -0.9792    
    8.5+     7 2  0.1221       0.000      0.1903      0.7353E-04  0.1592      0.1584      0.4458     -0.8317    
    8.5+     9 3  0.3799E-02   0.000      0.3149E-03  0.3886E-02  0.7341E-02  0.8035E-02  0.3099E-01 -0.4676E-01
    8.5+     9 4  0.3796E-02   0.000      0.7506E-02  0.6545E-02  0.4782E-02  0.5433E-02  0.2547E-01 -0.4594E-01
    8.5+     9 5  0.3793E-02   0.000      0.5363E-02  0.1558E-01  0.1290E-02  0.1506E-02  0.7923E-02 -0.2787E-01
    8.5+    11 6  0.1267E-03   0.000      0.3187E-03  0.3588E-03  0.6836E-03  0.1899E-02  0.4054E-01 -0.4367E-01
    8.5-     6 1  0.7475       0.000      0.2867E-02  0.6577E-03   1.232       1.169       2.614      -4.271    
    8.5-     8 2  0.2122E-01   0.000      0.1094E-01  0.3451E-03  0.2298E-01  0.2443E-01  0.8025E-01 -0.1177    
    8.5-     8 3  0.2123E-01   0.000      0.2834E-01  0.4470E-02  0.3651E-01  0.3924E-01  0.1383     -0.2256    
    8.5-     8 4  0.2124E-01   0.000      0.4384E-01  0.4151E-01  0.1855E-01  0.2025E-01  0.7840E-01 -0.1813    
    8.5-    10 5  0.6894E-03   0.000      0.7870E-03  0.7400E-04  0.2435E-02  0.3515E-02  0.2978E-01 -0.3590E-01
    8.5-    10 6  0.6886E-03   0.000      0.1210E-02  0.2943E-02  0.6953E-03  0.1109E-02  0.1510E-01 -0.2037E-01
    9.5+     7 1  0.1357       0.000      0.8213E-03  0.2011E-03  0.4353      0.4329       1.206      -1.940    
    9.5+     9 2  0.4221E-02   0.000      0.3585E-02  0.1097E-03  0.8065E-02  0.8645E-02  0.2919E-01 -0.4538E-01
    9.5+     9 3  0.4218E-02   0.000      0.8744E-02  0.1584E-02  0.1321E-01  0.1427E-01  0.5074E-01 -0.8433E-01
    9.5+     9 4  0.4214E-02   0.000      0.1389E-01  0.1347E-01  0.6764E-02  0.7395E-02  0.2833E-01 -0.6563E-01
    9.5+    11 5  0.1408E-03   0.000      0.2516E-03  0.2828E-04  0.1442E-02  0.2795E-02  0.3633E-01 -0.4071E-01
    9.5+    11 6  0.1406E-03   0.000      0.4024E-03  0.1038E-02  0.5280E-03  0.1353E-02  0.2671E-01 -0.2989E-01
    9.5-     8 1  0.2358E-01   0.000      0.4437E-02  0.1425E-03  0.8660E-01  0.9140E-01  0.2848     -0.4438    
    9.5-     8 2  0.2360E-01   0.000      0.5802E-01  0.1874E-04  0.6201E-01  0.6591E-01  0.2158     -0.3781    
    9.5-    10 3  0.7660E-03   0.000      0.9214E-04  0.1369E-02  0.4237E-02  0.5932E-02  0.4026E-01 -0.5113E-01
    9.5-    10 4  0.7651E-03   0.000      0.2409E-02  0.2211E-02  0.2828E-02  0.4025E-02  0.3095E-01 -0.4166E-01
    9.5-    10 5  0.7641E-03   0.000      0.1748E-02  0.5359E-02  0.7606E-03  0.1097E-02  0.9203E-02 -0.1740E-01
    9.5-    12 6  0.2625E-04   0.000      0.1034E-03  0.1152E-03  0.3224E-03  0.4951E-03  0.3462E-02 -0.4471E-02
   10.5+     9 1  0.4640E-02   0.000      0.1497E-02  0.4917E-04  0.3017E-01  0.3216E-01  0.1045     -0.1637    
   10.5+     9 2  0.4636E-02   0.000      0.1787E-01  0.6041E-05  0.2198E-01  0.2355E-01  0.7938E-01 -0.1381    
   10.5+    11 3  0.1549E-03   0.000      0.2703E-04  0.4844E-03  0.2269E-02  0.3842E-02  0.3457E-01 -0.4104E-01
   10.5+    11 4  0.1546E-03   0.000      0.7753E-03  0.7590E-03  0.1617E-02  0.2952E-02  0.3333E-01 -0.3927E-01
   10.5+    11 5  0.1544E-03   0.000      0.5700E-03  0.1870E-02  0.4503E-03  0.8688E-03  0.1118E-01 -0.1479E-01
   10.5+    13 6  0.5474E-05   0.000      0.3311E-04  0.4027E-04  0.3300E-02  0.8395E-02  0.1114     -0.1232    
   10.5-     8 1  0.2596E-01   0.000      0.2382E-03  0.5520E-04  0.1632      0.1720      0.5287     -0.8382    
   10.5-    10 2  0.8426E-03   0.000      0.1171E-02  0.4583E-04  0.4543E-02  0.6303E-02  0.3956E-01 -0.5077E-01
   10.5-    10 3  0.8416E-03   0.000      0.2719E-02  0.5730E-03  0.7622E-02  0.1061E-01  0.6855E-01 -0.8923E-01
   10.5-    10 4  0.8405E-03   0.000      0.4409E-02  0.4525E-02  0.3926E-02  0.5494E-02  0.3717E-01 -0.5468E-01
   10.5-    12 5  0.2887E-04   0.000      0.7907E-04  0.9684E-05  0.5519E-03  0.8955E-03  0.7079E-02 -0.8587E-02
   10.5-    12 6  0.2882E-04   0.000      0.1304E-03  0.3319E-03  0.2377E-03  0.3699E-03  0.2667E-02 -0.3708E-02
   11.5+     9 1  0.5057E-02   0.000      0.7085E-04  0.1892E-04  0.5632E-01  0.5995E-01  0.1929     -0.3042    
   11.5+    11 2  0.1689E-03   0.000      0.3822E-03  0.1393E-04  0.2323E-02  0.3749E-02  0.2790E-01 -0.3420E-01
   11.5+    11 3  0.1687E-03   0.000      0.8528E-03  0.2066E-03  0.4012E-02  0.6589E-02  0.5283E-01 -0.6432E-01
   11.5+    11 4  0.1684E-03   0.000      0.1407E-02  0.1547E-02  0.2111E-02  0.3568E-02  0.3191E-01 -0.4037E-01
   11.5+    13 5  0.5972E-05   0.000      0.2515E-04  0.3574E-05  0.2399E-02  0.6020E-02  0.8106E-01 -0.8950E-01
   11.5+    13 6  0.5962E-05   0.000      0.4189E-04  0.1155E-03  0.2104E-02  0.5344E-02  0.7104E-01 -0.7864E-01
   11.5-    10 1  0.9181E-03   0.000      0.5006E-03  0.2359E-04  0.1690E-01  0.2339E-01  0.1436     -0.1835    
   11.5-    10 2  0.9170E-03   0.000      0.5544E-02  0.2738E-05  0.1248E-01  0.1731E-01  0.1086     -0.1430    
   11.5-    12 3  0.3149E-04   0.000      0.8069E-05  0.1580E-03  0.7993E-03  0.1323E-02  0.1088E-01 -0.1314E-01
   11.5-    12 4  0.3145E-04   0.000      0.2446E-03  0.2384E-03  0.6014E-03  0.9847E-03  0.7927E-02 -0.9965E-02
   11.5-    12 5  0.3139E-04   0.000      0.1819E-03  0.5926E-03  0.1726E-03  0.2803E-03  0.2218E-02 -0.3414E-02
   11.5-    14 6  0.1155E-05   0.000      0.1088E-04  0.1575E-04  0.2870E-02  0.7768E-02  0.1014     -0.1120    
   12.5+    11 1  0.1828E-03   0.000      0.1663E-03  0.7200E-05  0.8543E-02  0.1360E-01  0.9505E-01 -0.1172    
   12.5+    11 2  0.1825E-03   0.000      0.1736E-02  0.7960E-06  0.6426E-02  0.1036E-01  0.7697E-01 -0.9531E-01
   12.5+    13 3  0.6469E-05   0.000      0.3004E-05  0.6217E-04  0.1732E-02  0.4244E-02  0.5863E-01 -0.6467E-01
   12.5+    13 4  0.6459E-05   0.000      0.7683E-04  0.8377E-04  0.2023E-02  0.5039E-02  0.6838E-01 -0.7560E-01
   12.5+    13 5  0.6447E-05   0.000      0.5771E-04  0.2048E-03  0.7439E-03  0.1866E-02  0.2513E-01 -0.2800E-01
   12.5+    15 6  0.2473E-06   0.000      0.3218E-05  0.2721E-05  0.1766E-03  0.5772E-03  0.7881E-02 -0.8641E-02
   12.5-    10 1  0.9934E-03   0.000      0.2257E-04  0.9028E-05  0.3130E-01  0.4330E-01  0.2645     -0.3381    
   12.5-    12 2  0.3412E-04   0.000      0.1221E-03  0.8771E-05  0.7859E-03  0.1310E-02  0.1091E-01 -0.1311E-01
   12.5-    12 3  0.3407E-04   0.000      0.2634E-03  0.6885E-04  0.1391E-02  0.2313E-02  0.1918E-01 -0.2318E-01
   12.5-    12 4  0.3401E-04   0.000      0.4410E-03  0.4836E-03  0.7465E-03  0.1236E-02  0.1017E-01 -0.1304E-01
   12.5-    14 5  0.1251E-05   0.000      0.8181E-05  0.1466E-05  0.2092E-02  0.5652E-02  0.7578E-01 -0.8354E-01
   12.5-    14 6  0.1249E-05   0.000      0.1378E-04  0.4506E-04  0.1825E-02  0.4939E-02  0.6467E-01 -0.7150E-01
   13.5+    11 1  0.1965E-03   0.000      0.6970E-05  0.2743E-05  0.1570E-01  0.2491E-01  0.1715     -0.2119    
   13.5+    13 2  0.6967E-05   0.000      0.3898E-04  0.1559E-04  0.1100E-02  0.2626E-02  0.3730E-01 -0.4108E-01
   13.5+    13 3  0.6955E-05   0.000      0.8134E-04  0.2846E-04  0.2343E-02  0.5660E-02  0.7938E-01 -0.8748E-01
   13.5+    13 4  0.6943E-05   0.000      0.1373E-03  0.1689E-03  0.1610E-02  0.3942E-02  0.5449E-01 -0.6034E-01
   13.5+    15 5  0.2663E-06   0.000      0.2235E-05  0.2637E-06  0.1165E-03  0.3813E-03  0.5280E-02 -0.5780E-02
   13.5+    15 6  0.2658E-06   0.000      0.4041E-05  0.7762E-05  0.1107E-03  0.3618E-03  0.4948E-02 -0.5432E-02
   13.5-    12 1  0.3669E-04   0.000      0.5396E-04  0.5215E-05  0.2860E-02  0.4775E-02  0.3994E-01 -0.4759E-01
   13.5-    12 2  0.3662E-04   0.000      0.5353E-03  0.5530E-06  0.2186E-02  0.3644E-02  0.3037E-01 -0.3670E-01
   13.5-    14 3  0.1347E-05   0.000      0.1063E-05  0.2625E-04  0.1533E-02  0.4128E-02  0.5778E-01 -0.6347E-01
   13.5-    14 4  0.1345E-05   0.000      0.2480E-04  0.3278E-04  0.1773E-02  0.4786E-02  0.6505E-01 -0.7166E-01
   13.5-    14 5  0.1342E-05   0.000      0.1880E-04  0.7938E-04  0.6520E-03  0.1761E-02  0.2363E-01 -0.2614E-01
   13.5-    16 6  0.5385E-07   0.000      0.6971E-06  0.5262E-07  0.2882E-03  0.6423E-03  0.6794E-02 -0.7726E-02
   14.5+    13 1  0.7452E-05   0.000      0.1761E-04  0.1000E-04  0.3393E-02  0.7991E-02  0.1152     -0.1266    
   14.5+    13 2  0.7439E-05   0.000      0.1644E-03  0.1023E-05  0.3065E-02  0.7314E-02  0.1039     -0.1145    
   14.5+    15 3  0.2853E-06   0.000      0.1378E-06  0.3727E-05  0.7190E-04  0.2356E-03  0.3359E-02 -0.3670E-02
   14.5+    15 4  0.2848E-06   0.000      0.7142E-05  0.5320E-05  0.9390E-04  0.3073E-03  0.4291E-02 -0.4705E-02
   14.5+    15 5  0.2843E-06   0.000      0.5443E-05  0.1360E-04  0.3642E-04  0.1191E-03  0.1651E-02 -0.1825E-02
   14.5+    17 6  0.1194E-07   0.000      0.1396E-06  0.5365E-06  0.4035E-03  0.9808E-03  0.1043E-01 -0.1181E-01
   14.5-    12 1  0.3924E-04   0.000      0.2203E-05  0.1980E-05  0.5219E-02  0.8719E-02  0.7298E-01 -0.8688E-01
   14.5-    14 2  0.1444E-05   0.000      0.1274E-04  0.9458E-05  0.9892E-03  0.2654E-02  0.3873E-01 -0.4239E-01
   14.5-    14 3  0.1441E-05   0.000      0.2588E-04  0.1234E-04  0.2101E-02  0.5646E-02  0.8089E-01 -0.8867E-01
   14.5-    14 4  0.1438E-05   0.000      0.4400E-04  0.6577E-04  0.1433E-02  0.3857E-02  0.5402E-01 -0.5942E-01
   14.5-    16 5  0.5769E-07   0.000      0.4754E-06  0.5285E-08  0.3353E-03  0.7961E-03  0.9221E-02 -0.1035E-01
   14.5-    16 6  0.5760E-07   0.000      0.8752E-06  0.1497E-06  0.1968E-03  0.4441E-03  0.4789E-02 -0.5431E-02
   15.5+    13 1  0.7935E-05   0.000      0.9494E-06  0.3785E-05  0.5926E-02  0.1390E-01  0.2012     -0.2210    
   15.5+    15 2  0.3043E-06   0.000      0.3638E-05  0.1874E-06  0.3784E-04  0.1243E-03  0.1844E-02 -0.2009E-02
   15.5+    15 3  0.3038E-06   0.000      0.7332E-05  0.1675E-05  0.8870E-04  0.2909E-03  0.4234E-02 -0.4622E-02
   15.5+    15 4  0.3032E-06   0.000      0.1275E-04  0.1069E-04  0.6731E-04  0.2205E-03  0.3145E-02 -0.3456E-02
   15.5+    17 5  0.1273E-07   0.000      0.1180E-06  0.5561E-07  0.4718E-03  0.1193E-02  0.1357E-01 -0.1523E-01
   15.5+    17 6  0.1271E-07   0.000      0.1811E-06  0.1524E-05  0.2758E-03  0.6759E-03  0.7289E-02 -0.8242E-02
   15.5-    14 1  0.1537E-05   0.000      0.5847E-05  0.6085E-05  0.3084E-02  0.8261E-02  0.1230     -0.1343    
   15.5-    14 2  0.1534E-05   0.000      0.5212E-04  0.6027E-06  0.2770E-02  0.7434E-02  0.1085     -0.1188    
   15.5-    16 3  0.6154E-07   0.000      0.2786E-07  0.1108E-05  0.3917E-03  0.9647E-03  0.1171E-01 -0.1307E-01
   15.5-    16 4  0.6144E-07   0.000      0.1524E-05  0.4177E-06  0.3394E-03  0.8190E-03  0.9687E-02 -0.1085E-01
   15.5-    16 5  0.6132E-07   0.000      0.1170E-05  0.2627E-06  0.1059E-03  0.2515E-03  0.2915E-02 -0.3274E-02
   15.5-    18 6  0.2693E-08   0.000      0.6890E-07  0.5649E-07  0.1052E-03  0.2691E-03  0.2832E-02 -0.3206E-02
   16.5+    15 1  0.3228E-06   0.000      0.1641E-05  0.1133E-06  0.1053E-03  0.3464E-03  0.5271E-02 -0.5724E-02
   16.5+    15 2  0.3222E-06   0.000      0.1492E-04  0.1091E-07  0.1063E-03  0.3490E-03  0.5179E-02 -0.5649E-02
   16.5+    17 3  0.1353E-07   0.000      0.3340E-07  0.1768E-05  0.5506E-03  0.1425E-02  0.1680E-01 -0.1877E-01
   16.5+    17 4  0.1351E-07   0.000      0.3140E-06  0.1332E-05  0.4791E-03  0.1224E-02  0.1414E-01 -0.1585E-01
   16.5+    17 5  0.1348E-07   0.000      0.2434E-06  0.2648E-05  0.1494E-03  0.3779E-03  0.4300E-02 -0.4830E-02
   16.5+    19 6  0.6172E-09   0.000      0.6625E-07  0.9257E-07  0.3566E-05  0.1115E-04  0.1272E-03 -0.1421E-03
   16.5-    14 1  0.1630E-05   0.000      0.3572E-06  0.2296E-05  0.5386E-02  0.1442E-01  0.2158     -0.2356    
   16.5-    16 2  0.6539E-07   0.000      0.7821E-06  0.1816E-05  0.3429E-03  0.8583E-03  0.1062E-01 -0.1182E-01
   16.5-    16 3  0.6528E-07   0.000      0.1547E-05  0.6287E-06  0.6502E-03  0.1618E-02  0.1988E-01 -0.2215E-01
   16.5-    16 4  0.6516E-07   0.000      0.2712E-05  0.7880E-06  0.3706E-03  0.9131E-03  0.1109E-01 -0.1237E-01
   16.5-    18 5  0.2862E-08   0.000      0.4651E-07  0.6020E-08  0.1264E-03  0.3386E-03  0.3815E-02 -0.4280E-02
   16.5-    18 6  0.2857E-08   0.000      0.8669E-07  0.1601E-06  0.7232E-04  0.1869E-03  0.1997E-02 -0.2256E-02
   17.5+    15 1  0.3411E-06   0.000      0.3309E-07  0.4266E-07  0.1779E-03  0.5853E-03  0.8974E-02 -0.9736E-02
   17.5+    17 2  0.1433E-07   0.000      0.1718E-06  0.1827E-05  0.4795E-03  0.1253E-02  0.1499E-01 -0.1673E-01
   17.5+    17 3  0.1430E-07   0.000      0.3197E-06  0.9262E-06  0.9153E-03  0.2383E-02  0.2837E-01 -0.3167E-01
   17.5+    17 4  0.1428E-07   0.000      0.5348E-06  0.2618E-05  0.5225E-03  0.1352E-02  0.1594E-01 -0.1782E-01
   17.5+    19 5  0.6535E-09   0.000      0.4395E-07  0.1011E-07  0.3019E-05  0.1124E-04  0.1478E-03 -0.1621E-03
   17.5+    19 6  0.6527E-09   0.000      0.8330E-07  0.2620E-06  0.2299E-05  0.7407E-05  0.8688E-04 -0.9693E-04
   17.5-    16 1  0.6911E-07   0.000      0.3554E-06  0.1170E-05  0.1209E-02  0.3041E-02  0.3783E-01 -0.4208E-01
   17.5-    16 2  0.6899E-07   0.000      0.3144E-05  0.1099E-06  0.9704E-03  0.2429E-02  0.3005E-01 -0.3345E-01
   17.5-    18 3  0.3030E-08   0.000      0.3534E-08  0.2803E-06  0.1493E-03  0.4101E-03  0.4781E-02 -0.5340E-02
   17.5-    18 4  0.3025E-08   0.000      0.1475E-06  0.1665E-06  0.1294E-03  0.3507E-03  0.4013E-02 -0.4494E-02
   17.5-    18 5  0.3020E-08   0.000      0.1145E-06  0.2774E-06  0.4012E-04  0.1075E-03  0.1212E-02 -0.1360E-02
   17.5-    20 6  0.1434E-09   0.000      0.4851E-07  0.2167E-06  0.2416E-05  0.4280E-05  0.3161E-04 -0.3857E-04
   18.5+    17 1  0.1510E-07   0.000      0.8576E-07  0.1173E-05  0.1689E-02  0.4426E-02  0.5320E-01 -0.5932E-01
   18.5+    17 2  0.1507E-07   0.000      0.6194E-06  0.1077E-06  0.1361E-02  0.3557E-02  0.4257E-01 -0.4748E-01
   18.5+    19 3  0.6898E-09   0.000      0.3038E-08  0.1239E-06  0.2725E-05  0.1182E-04  0.1706E-03 -0.1853E-03
   18.5+    19 4  0.6889E-09   0.000      0.1402E-06  0.1720E-06  0.2770E-05  0.1097E-04  0.1502E-03 -0.1643E-03
   18.5+    19 5  0.6879E-09   0.000      0.1094E-06  0.4521E-06  0.9584E-06  0.3573E-05  0.4701E-04 -0.5210E-04
   18.5+    21 6  0.3375E-10   0.000      0.2185E-07  0.1279E-06  0.2703E-05  0.5561E-05  0.4484E-04 -0.5326E-04
   18.5-    16 1  0.7282E-07   0.000      0.6952E-08  0.4396E-06  0.2164E-02  0.5448E-02  0.6788E-01 -0.7549E-01
   18.5-    18 2  0.3198E-08   0.000      0.7693E-07  0.3529E-06  0.1301E-03  0.3611E-03  0.4268E-02 -0.4760E-02
   18.5-    18 3  0.3193E-08   0.000      0.1470E-06  0.1510E-06  0.2492E-03  0.6895E-03  0.8110E-02 -0.9049E-02
   18.5-    18 4  0.3188E-08   0.000      0.2601E-06  0.3240E-06  0.1420E-03  0.3903E-03  0.4550E-02 -0.5083E-02
   18.5-    20 5  0.1513E-09   0.000      0.3466E-07  0.2420E-07  0.5115E-05  0.9166E-05  0.6895E-04 -0.8329E-04
   18.5-    20 6  0.1512E-09   0.000      0.6163E-07  0.6123E-06  0.1937E-05  0.3445E-05  0.2560E-04 -0.3165E-04
   19.5+    17 1  0.1586E-07   0.000      0.1301E-07  0.4400E-06  0.3015E-02  0.7909E-02  0.9514E-01 -0.1061    
   19.5+    19 2  0.7262E-09   0.000      0.7344E-07  0.1060E-08  0.2057E-05  0.9724E-05  0.1467E-03 -0.1585E-03
   19.5+    19 3  0.7252E-09   0.000      0.1386E-06  0.5679E-07  0.4170E-05  0.1909E-04  0.2835E-03 -0.3069E-03
   19.5+    19 4  0.7241E-09   0.000      0.2470E-06  0.3424E-06  0.2595E-05  0.1127E-04  0.1627E-03 -0.1772E-03
   19.5+    21 5  0.3547E-10   0.000      0.1575E-07  0.1458E-07  0.5304E-05  0.1095E-04  0.8985E-04 -0.1061E-03
   19.5+    21 6  0.3547E-10   0.000      0.2781E-07  0.3611E-06  0.2120E-05  0.4367E-05  0.3541E-04 -0.4228E-04
   19.5-    18 1  0.3361E-08   0.000      0.3567E-07  0.2261E-06  0.4584E-03  0.1277E-02  0.1515E-01 -0.1689E-01
   19.5-    18 2  0.3356E-08   0.000      0.2971E-06  0.2034E-07  0.3703E-03  0.1028E-02  0.1215E-01 -0.1355E-01
   19.5-    20 3  0.1593E-09   0.000      0.5374E-08  0.3025E-06  0.7431E-05  0.1336E-04  0.1009E-03 -0.1220E-03
   19.5-    20 4  0.1591E-09   0.000      0.1032E-06  0.4029E-06  0.5820E-05  0.1044E-04  0.7874E-04 -0.9551E-04
   19.5-    20 5  0.1590E-09   0.000      0.8089E-07  0.1054E-05  0.1634E-05  0.2929E-05  0.2203E-04 -0.2773E-04
   19.5-    22 6  0.7897E-11   0.000      0.6291E-08  0.3878E-07  0.8956E-06  0.1895E-05  0.1505E-04 -0.1789E-04
   20.5+    19 1  0.7615E-09   0.000      0.3416E-07  0.5138E-09  0.6908E-05  0.3366E-04  0.5148E-03 -0.5554E-03
   20.5+    19 2  0.7603E-09   0.000      0.2802E-06  0.4538E-10  0.5869E-05  0.2775E-04  0.4186E-03 -0.4525E-03
   20.5+    21 3  0.3724E-10   0.000      0.2711E-08  0.1806E-06  0.7519E-05  0.1554E-04  0.1281E-03 -0.1513E-03
   20.5+    21 4  0.3724E-10   0.000      0.4625E-07  0.2367E-06  0.5979E-05  0.1235E-04  0.1016E-03 -0.1202E-03
   20.5+    21 5  0.3718E-10   0.000      0.3639E-07  0.6199E-06  0.1697E-05  0.3505E-05  0.2876E-04 -0.3462E-04
   20.5+    23 6  0.1936E-11   0.000      0.1233E-08  0.7382E-08  0.1647E-06  0.3506E-06  0.2702E-05 -0.3226E-05
   20.5-    18 1  0.3524E-08   0.000      0.1094E-08  0.8466E-07  0.8169E-03  0.2277E-02  0.2705E-01 -0.3014E-01
   20.5-    20 2  0.1673E-09   0.000      0.5533E-07  0.2376E-07  0.6927E-05  0.1246E-04  0.9428E-04 -0.1138E-03
   20.5-    20 3  0.1671E-09   0.000      0.1018E-06  0.1407E-06  0.1307E-04  0.2351E-04  0.1778E-03 -0.2146E-03
   20.5-    20 4  0.1668E-09   0.000      0.1788E-06  0.7999E-06  0.7109E-05  0.1278E-04  0.9653E-04 -0.1174E-03
   20.5-    22 5  0.8292E-11   0.000      0.4455E-08  0.4501E-08  0.1782E-05  0.3784E-05  0.3056E-04 -0.3614E-04
   20.5-    22 6  0.8378E-11   0.000      0.7998E-08  0.1093E-06  0.7071E-06  0.1498E-05  0.1196E-04 -0.1429E-04
   21.5+    19 1  0.7965E-09   0.000      0.9323E-09  0.1921E-09  0.1216E-04  0.5965E-04  0.9152E-03 -0.9870E-03
   21.5+    21 2  0.3907E-10   0.000      0.2499E-07  0.1717E-07  0.6926E-05  0.1432E-04  0.1182E-03 -0.1395E-03
   21.5+    21 3  0.3901E-10   0.000      0.4536E-07  0.8447E-07  0.1316E-04  0.2722E-04  0.2245E-03 -0.2650E-03
   21.5+    21 4  0.3895E-10   0.000      0.7973E-07  0.4690E-06  0.7205E-05  0.1489E-04  0.1228E-03 -0.1454E-03
   21.5+    23 5  0.2028E-11   0.000      0.8513E-09  0.8710E-09  0.3359E-06  0.7179E-06  0.5615E-05 -0.6671E-05
   21.5+    23 6  0.2058E-11   0.000      0.1564E-08  0.2079E-07  0.1313E-06  0.2800E-06  0.2168E-05 -0.2602E-05
   21.5-    20 1  0.1750E-09   0.000      0.2662E-07  0.1482E-07  0.2492E-04  0.4484E-04  0.3394E-03 -0.4092E-03
   21.5-    20 2  0.1748E-09   0.000      0.2022E-06  0.1287E-08  0.1982E-04  0.3566E-04  0.2698E-03 -0.3255E-03
   21.5-    22 3  0.8807E-11   0.000      0.7224E-09  0.5452E-07  0.2525E-05  0.5368E-05  0.4354E-04 -0.5149E-04
   21.5-    22 4  0.8747E-11   0.000      0.1320E-07  0.7118E-07  0.2014E-05  0.4280E-05  0.3464E-04 -0.4102E-04
   21.5-    22 5  0.8717E-11   0.000      0.1042E-07  0.1872E-06  0.5712E-06  0.1213E-05  0.9797E-05 -0.1178E-04
   21.5-    24 6  0.4237E-12   0.000      0.1730E-09  0.9710E-09  0.2007E-07  0.4269E-07  0.3175E-06 -0.3814E-06
   22.5+    21 1  0.4079E-10   0.000      0.1214E-07  0.1075E-07  0.2484E-04  0.5137E-04  0.4241E-03 -0.5004E-03
   22.5+    21 2  0.4072E-10   0.000      0.8972E-07  0.9194E-09  0.1986E-04  0.4108E-04  0.3390E-03 -0.4000E-03
   22.5+    23 3  0.1993E-11   0.000      0.1232E-09  0.1031E-07  0.4773E-06  0.1021E-05  0.8016E-05 -0.9525E-05
   22.5+    23 4  0.2152E-11   0.000      0.2561E-08  0.1344E-07  0.3812E-06  0.8152E-06  0.6388E-05 -0.7601E-05
   22.5+    23 5  0.2025E-11   0.000      0.2028E-08  0.3553E-07  0.1078E-06  0.2305E-06  0.1803E-05 -0.2178E-05
   22.5+    25 6  0.1266E-12   0.000      0.1807E-10  0.9345E-10  0.1762E-08  0.3729E-08  0.2671E-07 -0.3231E-07
   22.5-    20 1  0.1828E-09   0.000      0.1964E-08  0.5533E-08  0.4445E-04  0.7997E-04  0.6054E-03 -0.7298E-03
   22.5-    22 2  0.9144E-11   0.000      0.7140E-08  0.4801E-08  0.2317E-05  0.4928E-05  0.4003E-04 -0.4729E-04
   22.5-    22 3  0.9208E-11   0.000      0.1286E-07  0.2557E-07  0.4423E-05  0.9405E-05  0.7636E-04 -0.9022E-04
   22.5-    22 4  0.9176E-11   0.000      0.2275E-07  0.1408E-06  0.2424E-05  0.5153E-05  0.4180E-04 -0.4954E-04
   22.5-    24 5  0.5063E-12   0.000      0.1165E-09  0.1163E-09  0.4196E-07  0.8956E-07  0.6748E-06 -0.8065E-06
   22.5-    24 6  0.4746E-12   0.000      0.2189E-09  0.2732E-08  0.1617E-07  0.3443E-07  0.2572E-06 -0.3108E-06
   23.5+    21 1  0.4243E-10   0.000      0.1002E-08  0.4009E-08  0.4421E-04  0.9142E-04  0.7549E-03 -0.8906E-03
   23.5+    23 2  0.2212E-11   0.000      0.1385E-08  0.7898E-09  0.4370E-06  0.9351E-06  0.7350E-05 -0.8724E-05
   23.5+    23 3  0.2179E-11   0.000      0.2480E-08  0.4842E-08  0.8370E-06  0.1791E-05  0.1407E-04 -0.1671E-04
   23.5+    23 4  0.2113E-11   0.000      0.4421E-08  0.2656E-07  0.4589E-06  0.9818E-06  0.7708E-05 -0.9179E-05
   23.5+    25 5  0.1321E-12   0.000      0.1189E-10  0.1135E-10  0.3764E-08  0.7991E-08  0.5788E-07 -0.6966E-07
   23.5+    25 6  0.2311E-12   0.000      0.2282E-10  0.2627E-09  0.1433E-08  0.3036E-08  0.2183E-07 -0.2658E-07
   23.5-    22 1  0.9641E-11   0.000      0.3468E-08  0.3002E-08  0.8303E-05  0.1766E-04  0.1435E-03 -0.1695E-03
   23.5-    22 2  0.9641E-11   0.000      0.2547E-07  0.2532E-09  0.6658E-05  0.1416E-04  0.1150E-03 -0.1359E-03
   23.5-    24 3  0.4622E-12   0.000      0.1474E-10  0.1347E-08  0.5979E-07  0.1277E-06  0.9652E-06 -0.1154E-05
   23.5-    24 4  0.4953E-12   0.000      0.3559E-09  0.1756E-08  0.4781E-07  0.1021E-06  0.7704E-06 -0.9224E-06
   23.5-    24 5  0.5283E-12   0.000      0.2827E-09  0.4660E-08  0.1349E-07  0.2879E-07  0.2169E-06 -0.2641E-06
   23.5-    26 6  0.1651E-12   0.000      0.1448E-11  0.6838E-11  0.1169E-09  0.2457E-09  0.1693E-08 -0.2063E-08
   24.5+    23 1  0.2408E-11   0.000      0.6707E-09  0.4927E-09  0.1565E-05  0.3349E-05  0.2633E-04 -0.3125E-04
   24.5+    23 2  0.2304E-11   0.000      0.4924E-08  0.4100E-10  0.1258E-05  0.2692E-05  0.2116E-04 -0.2511E-04
   24.5+    25 3  0.2408E-12   0.000      0.1307E-11  0.1288E-09  0.5373E-08  0.1142E-07  0.8291E-07 -0.9983E-07
   24.5+    25 4  0.1720E-12   0.000      0.3686E-10  0.1679E-09  0.4302E-08  0.9138E-08  0.6628E-07 -0.7993E-07
   24.5+    25 5  0.1376E-12   0.000      0.2936E-10  0.4473E-09  0.1211E-08  0.2572E-08  0.1863E-07 -0.2289E-07
   24.5+    27 6 -0.6879E-13   0.000      0.9123E-13  0.3913E-12  0.6049E-11  0.1261E-10  0.8357E-10 -0.1028E-09
   24.5-    22 1  0.9974E-11   0.000      0.2653E-09  0.1118E-08  0.1475E-04  0.3138E-04  0.2550E-03 -0.3011E-03
   24.5-    24 2  0.5503E-12   0.000      0.1923E-09  0.8814E-10  0.5462E-07  0.1167E-06  0.8829E-06 -0.1054E-05
   24.5-    24 3  0.5159E-12   0.000      0.3427E-09  0.6337E-09  0.1050E-06  0.2242E-06  0.1696E-05 -0.2026E-05
   24.5-    24 4  0.5503E-12   0.000      0.6155E-09  0.3464E-08  0.5757E-07  0.1230E-06  0.9295E-06 -0.1114E-05
   24.5-    26 5  0.1376E-12   0.000      0.9336E-12  0.8412E-12  0.2542E-09  0.5359E-09  0.3728E-08 -0.4520E-08
   24.5-    26 6  0.1376E-12   0.000      0.1826E-11  0.1920E-10  0.9581E-10  0.2016E-09  0.1394E-08 -0.1712E-08
   25.5+    23 1  0.2218E-11   0.000      0.4478E-10  0.1833E-09  0.2777E-05  0.5943E-05  0.4673E-04 -0.5545E-04
   25.5+    25 2  0.2504E-12   0.000      0.1991E-10  0.7170E-11  0.4898E-08  0.1041E-07  0.7566E-07 -0.9099E-07
   25.5+    25 3  0.2504E-12   0.000      0.3530E-10  0.6073E-10  0.9441E-08  0.2006E-07  0.1458E-06 -0.1754E-06
   25.5+    25 4  0.1431E-12   0.000      0.6384E-10  0.3308E-09  0.5181E-08  0.1101E-07  0.7995E-07 -0.9653E-07
   25.5+    27 5  0.1073E-12   0.000      0.5778E-13  0.4870E-13  0.1336E-10  0.2792E-10  0.1866E-09 -0.2278E-09
   25.5+    27 6  0.1431E-12   0.000      0.1149E-12  0.1098E-11  0.4994E-11  0.1042E-10  0.6927E-10 -0.8576E-10
   25.5-    24 1  0.5365E-12   0.000      0.9288E-10  0.5481E-10  0.1955E-06  0.4178E-06  0.3162E-05 -0.3775E-05
   25.5-    24 2  0.5723E-12   0.000      0.6824E-09  0.4508E-11  0.1575E-06  0.3365E-06  0.2546E-05 -0.3040E-05
   25.5-    26 3   0.000       0.000      0.8900E-13  0.9380E-11  0.3634E-09  0.7665E-09  0.5345E-08 -0.6484E-08
   25.5-    26 4  0.3577E-13   0.000      0.2932E-11  0.1221E-10  0.2914E-09  0.6145E-09  0.4280E-08 -0.5202E-08
   25.5-    26 5  0.3577E-13   0.000      0.2341E-11  0.3265E-10  0.8192E-10  0.1727E-09  0.1202E-08 -0.1491E-08
   25.5-    28 6  0.1073E-12   0.000      0.4606E-14  0.1789E-13  0.2501E-12  0.5170E-12  0.3293E-11 -0.3975E-11
   26.5+    25 1  0.2600E-12   0.000      0.9591E-11  0.4445E-11  0.1752E-07  0.3725E-07  0.2708E-06 -0.3256E-06
   26.5+    25 2  0.2600E-12   0.000      0.7047E-10  0.3615E-12  0.1414E-07  0.3006E-07  0.2185E-06 -0.2627E-06
   26.5+    27 3  0.1114E-12   0.000      0.4785E-14  0.5345E-12  0.1911E-10  0.3996E-10  0.2675E-09 -0.3270E-09
   26.5+    27 4   0.000       0.000      0.1835E-12  0.6952E-12  0.1535E-10  0.3209E-10  0.2146E-09 -0.2629E-09
   26.5+    27 5  0.1114E-12   0.000      0.1468E-12  0.1864E-11  0.4310E-11  0.9008E-11  0.6018E-10 -0.7540E-10
   26.5+    29 6  0.3714E-13   0.000      0.1893E-15  0.6650E-15  0.8414E-14  0.1723E-13  0.1055E-12 -0.9482E-13
   26.5-    24 1  0.5943E-12   0.000      0.5293E-11  0.2038E-10  0.3465E-06  0.7404E-06  0.5604E-05 -0.6690E-05
   26.5-    26 2  0.3714E-13   0.000      0.1583E-11  0.4443E-12  0.3305E-09  0.6973E-09  0.4866E-08 -0.5895E-08
   26.5-    26 3 -0.1486E-12   0.000      0.2794E-11  0.4429E-11  0.6389E-09  0.1348E-08  0.9403E-08 -0.1140E-07
   26.5-    26 4   0.000       0.000      0.5084E-11  0.2404E-10  0.3508E-09  0.7400E-09  0.5160E-08 -0.6280E-08
   26.5-    28 5   0.000       0.000      0.2872E-14  0.2251E-14  0.5593E-12  0.1158E-11  0.7431E-11 -0.9153E-11
   26.5-    28 6 -0.7429E-13   0.000      0.5793E-14  0.5016E-13  0.2078E-12  0.4298E-12  0.2745E-11 -0.3512E-11
   27.5+    25 1  0.2696E-12   0.000      0.4631E-12  0.1651E-11  0.3102E-07  0.6593E-07  0.4794E-06 -0.5763E-06
   27.5+    27 2  0.1156E-12   0.000      0.9907E-13  0.2162E-13  0.1734E-10  0.3627E-10  0.2429E-09 -0.2965E-09
   27.5+    27 3  0.1541E-12   0.000      0.1741E-12  0.2528E-12  0.3361E-10  0.7031E-10  0.4708E-09 -0.5750E-09
   27.5+    27 4  0.1156E-12   0.000      0.3184E-12  0.1366E-11  0.1847E-10  0.3863E-10  0.2586E-09 -0.3172E-09
   27.5+    29 5  0.3852E-13   0.000      0.1165E-15  0.8452E-16  0.1900E-13  0.3898E-13  0.2401E-12 -0.2598E-12
   27.5+    29 6  0.7704E-13   0.000      0.2379E-15  0.1863E-14  0.7027E-14  0.1440E-13  0.8834E-13 -0.3483E-13
   27.5-    26 1  0.3852E-13   0.000      0.7614E-12  0.2746E-12  0.1182E-08  0.2494E-08  0.1741E-07 -0.2108E-07
   27.5-    26 2   0.000       0.000      0.5590E-11  0.2210E-13  0.9557E-09  0.2016E-08  0.1407E-07 -0.1705E-07
   27.5-    28 3   0.000       0.000      0.2073E-15  0.2435E-13  0.8000E-12  0.1658E-11  0.1065E-10 -0.1313E-10
   27.5-    28 4 -0.7704E-13   0.000      0.9205E-14  0.3163E-13  0.6438E-12  0.1334E-11  0.8564E-11 -0.1066E-10
   27.5-    28 5   0.000       0.000      0.7385E-14  0.8504E-13  0.1806E-12  0.3741E-12  0.2400E-11 -0.3047E-11
   27.5-    30 6 -0.1541E-12   0.000      0.6425E-17  0.2039E-16  0.2337E-15  0.4737E-15  0.2788E-14 -0.1576E-12
   28.5+    27 1   0.000       0.000      0.4759E-13  0.1332E-13  0.6198E-10  0.1297E-09  0.8685E-09 -0.1060E-08
   28.5+    27 2   0.000       0.000      0.3488E-12  0.1062E-14  0.5020E-10  0.1050E-09  0.7034E-09 -0.8589E-09
   28.5+    29 3 -0.1596E-12   0.000      0.7355E-17  0.9026E-15  0.2718E-13  0.5577E-13  0.3440E-12 -0.5875E-12
   28.5+    29 4  0.7979E-13   0.000      0.3763E-15  0.1171E-14  0.2191E-13  0.4496E-13  0.2771E-12 -0.2658E-12
   28.5+    29 5  0.3990E-13   0.000      0.3025E-15  0.3155E-14  0.6143E-14  0.1260E-13  0.7762E-13 -0.5993E-13
   28.5+    31 6   0.000       0.000      0.1821E-18  0.5217E-18  0.5421E-17  0.1088E-16  0.6155E-16 -0.7855E-16
   28.5-    26 1  0.1995E-12   0.000      0.3113E-13  0.1019E-12  0.2090E-08  0.4410E-08  0.3078E-07 -0.3728E-07
   28.5-    28 2   0.000       0.000      0.4973E-14  0.8453E-15  0.7244E-12  0.1501E-11  0.9651E-11 -0.1188E-10
   28.5-    28 3   0.000       0.000      0.8697E-14  0.1154E-13  0.1408E-11  0.2918E-11  0.1875E-10 -0.2310E-10
   28.5-    28 4  0.7979E-13   0.000      0.1599E-13  0.6210E-13  0.7742E-12  0.1604E-11  0.1031E-10 -0.1268E-10
   28.5-    30 5  0.3990E-13   0.000      0.3905E-17  0.2616E-17  0.5321E-15  0.1080E-14  0.6392E-14  0.3188E-13
   28.5-    30 6   0.000       0.000      0.8068E-17  0.5709E-16  0.1960E-15  0.3976E-15  0.2345E-14 -0.3003E-14
   29.5+    27 1   0.000       0.000      0.1651E-14  0.4939E-14  0.1095E-09  0.2290E-09  0.1534E-08 -0.1873E-08
   29.5+    29 2  0.4127E-13   0.000      0.2034E-15  0.2701E-16  0.2456E-13  0.5040E-13  0.3110E-12 -0.3449E-12
   29.5+    29 3  0.8254E-13   0.000      0.3542E-15  0.4282E-15  0.4785E-13  0.9819E-13  0.6059E-12 -0.6701E-12
   29.5+    29 4 -0.1651E-12   0.000      0.6538E-15  0.2296E-14  0.2633E-13  0.5402E-13  0.3333E-12 -0.5817E-12
   29.5+    31 5 -0.8254E-13   0.000      0.1095E-18  0.6753E-19  0.1243E-16  0.2498E-16  0.1420E-15 -0.8272E-13
   29.5+    31 6   0.000       0.000      0.2285E-18  0.1460E-17  0.4566E-17  0.9168E-17  0.5196E-16 -0.6738E-16
   29.5-    28 1 -0.8254E-13   0.000      0.2387E-14  0.5189E-15  0.2588E-11  0.5364E-11  0.3449E-10 -0.4253E-10
   29.5-    28 2   0.000       0.000      0.1745E-13  0.4099E-16  0.2100E-11  0.4352E-11  0.2798E-10 -0.3445E-10
   29.5-    30 3 -0.8254E-13   0.000      0.2167E-18  0.2760E-16  0.7605E-15  0.1545E-14  0.9151E-14 -0.9403E-13
   29.5-    30 4   0.000       0.000      0.1270E-16  0.3574E-16  0.6143E-15  0.1248E-14  0.7387E-14 -0.9297E-14
   29.5-    30 5 -0.8254E-13   0.000      0.1023E-16  0.9654E-16  0.1721E-15  0.3496E-15  0.2068E-14 -0.8524E-13
   29.5-    32 6  0.8254E-13   0.000      0.4352E-20  0.1126E-19  0.1062E-18  0.2109E-18  0.1147E-17  0.8254E-13
   30.5+    29 1   0.000       0.000      0.9760E-16  0.1653E-16  0.8769E-13  0.1800E-12  0.1111E-11 -0.1379E-11
   30.5+    29 2   0.000       0.000      0.7116E-15  0.1295E-17  0.7127E-13  0.1463E-12  0.9026E-12 -0.1121E-11
   30.5+    31 3 -0.8530E-13   0.000      0.5359E-20  0.7049E-18  0.1775E-16  0.3569E-16  0.2030E-15 -0.8555E-13
   30.5+    31 4 -0.8530E-13   0.000      0.3583E-18  0.9112E-18  0.1437E-16  0.2888E-16  0.1642E-15 -0.8550E-13
   30.5+    31 5   0.000       0.000      0.2892E-18  0.2466E-17  0.4024E-17  0.8088E-17  0.4597E-16 -0.6084E-16
   30.5+    33 6  0.8530E-13   0.000      0.8853E-22  0.2068E-21  0.1772E-20  0.3483E-20  0.1821E-19  0.8530E-13
   30.5-    28 1   0.000       0.000      0.7054E-16  0.1923E-15  0.4567E-11  0.9466E-11  0.6086E-10 -0.7489E-10
   30.5-    30 2 -0.1706E-12   0.000      0.6873E-17  0.7159E-18  0.6857E-15  0.1393E-14  0.8255E-14 -0.1809E-12
   30.5-    30 3   0.000       0.000      0.1192E-16  0.1312E-16  0.1339E-14  0.2720E-14  0.1612E-13 -0.2020E-13
   30.5-    30 4   0.000       0.000      0.2208E-16  0.7003E-16  0.7375E-15  0.1498E-14  0.8873E-14 -0.1120E-13
   30.5-    32 5   0.000       0.000      0.2592E-20  0.1469E-20  0.2448E-18  0.4868E-18  0.2658E-17 -0.3394E-17
   30.5-    32 6   0.000       0.000      0.5458E-20  0.3149E-19  0.8974E-19  0.1783E-18  0.9714E-18 -0.1276E-17
   31.5+    29 1  0.4402E-13   0.000      0.2468E-17  0.6121E-17  0.1546E-12  0.3173E-12  0.1958E-11 -0.2386E-11
   31.5+    31 2 -0.8805E-13   0.000      0.1940E-18  0.1592E-19  0.1597E-16  0.3211E-16  0.1828E-15 -0.8828E-13
   31.5+    31 3   0.000       0.000      0.3351E-18  0.3355E-18  0.3126E-16  0.6285E-16  0.3576E-15 -0.4524E-15
   31.5+    31 4  0.8805E-13   0.000      0.6229E-18  0.1784E-17  0.1723E-16  0.3464E-16  0.1971E-15  0.8780E-13
   31.5+    33 5   0.000       0.000      0.5229E-22  0.2720E-22  0.4102E-20  0.8071E-20  0.4236E-19 -0.5461E-19
   31.5+    33 6 -0.8805E-13   0.000      0.1110E-21  0.5782E-21  0.1502E-20  0.2953E-20  0.1546E-19 -0.8805E-13
   31.5-    30 1 -0.8805E-13   0.000      0.3297E-17  0.4365E-18  0.2447E-14  0.4972E-14  0.2947E-13 -0.1249E-12
   31.5-    30 2 -0.8805E-13   0.000      0.2396E-16  0.3392E-19  0.1992E-14  0.4047E-14  0.2398E-13 -0.1181E-12
   31.5-    32 3   0.000       0.000      0.1124E-21  0.1519E-19  0.3493E-18  0.6948E-18  0.3798E-17 -0.4857E-17
   31.5-    32 4  0.4402E-13   0.000      0.8529E-20  0.1960E-19  0.2832E-18  0.5633E-18  0.3078E-17  0.4402E-13
   31.5-    32 5  0.4402E-13   0.000      0.6896E-20  0.5315E-19  0.7932E-19  0.1578E-18  0.8615E-18  0.4402E-13
   31.5-    34 6   0.000       0.000      0.1545E-23  0.3259E-23  0.2539E-22  0.4937E-22  0.2482E-21 -0.3278E-21
   32.5+    31 1 -0.9080E-13   0.000      0.9309E-19  0.9673E-20  0.5698E-16  0.1146E-15  0.6520E-15 -0.9162E-13
   32.5+    31 2  0.1816E-12   0.000      0.6742E-18  0.7462E-21  0.4645E-16  0.9339E-16  0.5315E-15  0.1809E-12
   32.5+    33 3  0.4540E-13   0.000      0.2018E-23  0.2786E-21  0.5848E-20  0.1151E-19  0.6045E-19  0.4540E-13
   32.5+    33 4  0.4540E-13   0.000      0.1728E-21  0.3589E-21  0.4750E-20  0.9348E-20  0.4908E-19  0.4540E-13
   32.5+    33 5  0.4540E-13   0.000      0.1400E-21  0.9748E-21  0.1330E-20  0.2618E-20  0.1374E-19  0.4540E-13
   32.5+    35 6  0.4540E-13   0.000      0.2328E-25  0.4437E-25  0.3144E-24  0.6050E-24  0.2925E-23  0.4540E-13
   32.5-    30 1   0.000       0.000      0.7170E-19  0.1616E-18  0.4311E-14  0.8758E-14  0.5191E-13 -0.6497E-13
   32.5-    32 2   0.000       0.000      0.4622E-20  0.3001E-21  0.3136E-18  0.6240E-18  0.3411E-17 -0.4354E-17
   32.5-    32 3   0.000       0.000      0.7951E-20  0.7238E-20  0.6151E-18  0.1224E-17  0.6690E-17 -0.8544E-17
   32.5-    32 4 -0.9080E-13   0.000      0.1483E-19  0.3833E-19  0.3393E-18  0.6750E-18  0.3689E-17 -0.9080E-13
   32.5-    34 5 -0.9080E-13   0.000      0.9055E-24  0.4317E-24  0.5897E-22  0.1148E-21  0.5790E-21 -0.9080E-13
   32.5-    34 6  0.9080E-13   0.000      0.1936E-23  0.9107E-23  0.2157E-22  0.4197E-22  0.2113E-21  0.9080E-13
   33.5+    31 1   0.000       0.000      0.1749E-20  0.3578E-20  0.1003E-15  0.2016E-15  0.1148E-14 -0.1450E-14
   33.5+    33 2  0.9355E-13   0.000      0.9374E-22  0.4838E-23  0.5241E-20  0.1032E-19  0.5419E-19  0.9355E-13
   33.5+    33 3 -0.9355E-13   0.000      0.1607E-21  0.1329E-21  0.1030E-19  0.2027E-19  0.1065E-18 -0.9355E-13
   33.5+    33 4   0.000       0.000      0.3004E-21  0.7013E-21  0.5685E-20  0.1119E-19  0.5877E-19 -0.7664E-19
   33.5+    35 5   0.000       0.000      0.1355E-25  0.5918E-26  0.7324E-24  0.1411E-23  0.6840E-23 -0.9002E-23
   33.5+    35 6   0.000       0.000      0.2916E-25  0.1239E-24  0.2678E-24  0.5154E-24  0.2495E-23 -0.3431E-23
   33.5-    32 1  0.4677E-13   0.000      0.2218E-20  0.1817E-21  0.1118E-17  0.2225E-17  0.1217E-16  0.4676E-13
   33.5-    32 2  0.4677E-13   0.000      0.1601E-19  0.1392E-22  0.9130E-18  0.1816E-17  0.9930E-17  0.4676E-13
   33.5-    34 3   0.000       0.000      0.3120E-25  0.4385E-23  0.8398E-22  0.1635E-21  0.8254E-21 -0.1077E-20
   33.5-    34 4   0.000       0.000      0.3004E-23  0.5638E-23  0.6834E-22  0.1330E-21  0.6713E-21 -0.8814E-21
   33.5-    34 5  0.4677E-13   0.000      0.2437E-23  0.1534E-22  0.1914E-22  0.3726E-22  0.1879E-21  0.4677E-13
   33.5-    36 6   0.000       0.000      0.3049E-27  0.5252E-27  0.3388E-26  0.6449E-26  0.2999E-25 -0.4066E-25
   34.5+    33 1   0.000       0.000      0.4501E-22  0.2919E-23  0.1868E-19  0.3677E-19  0.1932E-18 -0.2487E-18
   34.5+    33 2 -0.9630E-13   0.000      0.3236E-21  0.2221E-24  0.1527E-19  0.3006E-19  0.1579E-18 -0.9630E-13
   34.5+    35 3 -0.9630E-13   0.000      0.4187E-27  0.5963E-25  0.1042E-23  0.2007E-23  0.9738E-23 -0.9630E-13
   34.5+    35 4  0.9630E-13   0.000      0.4512E-25  0.7654E-25  0.8493E-24  0.1636E-23  0.7935E-23  0.9630E-13
   34.5+    35 5  0.4815E-13   0.000      0.3666E-25  0.2086E-24  0.2379E-24  0.4581E-24  0.2222E-23  0.4815E-13
   34.5+    37 6 -0.9630E-13   0.000      0.3491E-29  0.5436E-29  0.3194E-28  0.6014E-28  0.2691E-27 -0.9630E-13
   34.5-    32 1  0.9630E-13   0.000      0.3618E-22  0.6719E-22  0.1967E-17  0.3913E-17  0.2140E-16  0.9627E-13
   34.5-    34 2   0.000       0.000      0.1631E-23  0.6720E-25  0.7513E-22  0.1463E-21  0.7385E-21 -0.9617E-21
   34.5-    34 3 -0.9630E-13   0.000      0.2785E-23  0.2095E-23  0.1479E-21  0.2880E-21  0.1454E-20 -0.9630E-13
   34.5-    34 4  0.4815E-13   0.000      0.5222E-23  0.1101E-22  0.8171E-22  0.1591E-21  0.8030E-21  0.4815E-13
   34.5-    36 5   0.000       0.000      0.1764E-27  0.7050E-28  0.7910E-26  0.1507E-25  0.7026E-25 -0.9349E-25
   34.5-    36 6   0.000       0.000      0.3819E-27  0.1466E-26  0.2891E-26  0.5505E-26  0.2563E-25 -0.3587E-25
   35.5+    33 1  0.9905E-13   0.000      0.6401E-24  0.1079E-23  0.3283E-19  0.6462E-19  0.3395E-18  0.9905E-13
   35.5+    35 2  0.9905E-13   0.000      0.2452E-25  0.8100E-27  0.9304E-24  0.1792E-23  0.8697E-23  0.9905E-13
   35.5+    35 3  0.9905E-13   0.000      0.4173E-25  0.2853E-25  0.1835E-23  0.3535E-23  0.1715E-22  0.9905E-13
   35.5+    35 4  0.4953E-13   0.000      0.7842E-25  0.1494E-24  0.1014E-23  0.1954E-23  0.9481E-23  0.4953E-13
   35.5+    37 5 -0.9905E-13   0.000      0.2009E-29  0.7341E-30  0.7471E-28  0.1408E-27  0.6312E-27 -0.9905E-13
   35.5+    37 6   0.000       0.000      0.4372E-29  0.1517E-28  0.2730E-28  0.5143E-28  0.2303E-27 -0.3286E-27
   35.5-    34 1   0.000       0.000      0.7835E-24  0.4040E-25  0.2676E-21  0.5212E-21  0.2631E-20 -0.3421E-20
   35.5-    34 2   0.000       0.000      0.5613E-23  0.3055E-26  0.2191E-21  0.4266E-21  0.2153E-20 -0.2805E-20
   35.5-    36 3   0.000       0.000      0.4905E-29  0.7052E-27  0.1124E-25  0.2142E-25  0.9990E-25 -0.1333E-24
   35.5-    36 4   0.000       0.000      0.5891E-27  0.9036E-27  0.9177E-26  0.1748E-25  0.8154E-25 -0.1097E-24
   35.5-    36 5   0.000       0.000      0.4793E-27  0.2466E-26  0.2571E-26  0.4897E-26  0.2283E-25 -0.3325E-25
   35.5-    38 6  0.9905E-13   0.000      0.3513E-31  0.4945E-31  0.2648E-30  0.4933E-30  0.2123E-29  0.9905E-13
   36.5+    35 1   0.000       0.000      0.1179E-25  0.4852E-27  0.3313E-23  0.6382E-23  0.3097E-22 -0.4068E-22
   36.5+    35 2  0.5090E-13   0.000      0.8412E-25  0.3647E-28  0.2715E-23  0.5230E-23  0.2538E-22  0.5090E-13
   36.5+    37 3 -0.1018E-12   0.000      0.5043E-31  0.7294E-29  0.1060E-27  0.1998E-27  0.8965E-27 -0.1018E-12
   36.5+    37 4   0.000       0.000      0.6725E-29  0.9330E-29  0.8672E-28  0.1634E-27  0.7329E-27 -0.9991E-27
   36.5+    37 5   0.000       0.000      0.5480E-29  0.2549E-28  0.2430E-28  0.4578E-28  0.2053E-27 -0.3063E-27
   36.5+    39 6   0.000       0.000      0.3121E-33  0.3974E-33  0.1940E-32  0.3575E-32  0.1481E-31 -0.2103E-31
   36.5-    34 1 -0.1018E-12   0.000      0.9760E-26  0.1492E-25  0.4700E-21  0.9153E-21  0.4621E-20 -0.1018E-12
   36.5-    36 2   0.000       0.000      0.3205E-27  0.8522E-29  0.1002E-25  0.1909E-25  0.8907E-25 -0.1185E-24
   36.5-    36 3   0.000       0.000      0.5437E-27  0.3378E-27  0.1980E-25  0.3772E-25  0.1760E-24 -0.2344E-24
   36.5-    36 4  0.5090E-13   0.000      0.1024E-26  0.1762E-26  0.1095E-25  0.2086E-25  0.9734E-25  0.5090E-13
   36.5-    38 5  0.1018E-12   0.000      0.2011E-31  0.6717E-32  0.6203E-30  0.1156E-29  0.4986E-29  0.1018E-12
   36.5-    38 6   0.000       0.000      0.4398E-31  0.1380E-30  0.2267E-30  0.4224E-30  0.1820E-29 -0.2651E-29
   37.5+    35 1  0.5228E-13   0.000      0.1291E-27  0.1791E-27  0.5815E-23  0.1120E-22  0.5436E-22  0.5228E-13
   37.5+    37 2   0.000       0.000      0.3663E-29  0.7869E-31  0.9437E-28  0.1778E-27  0.7980E-27 -0.1074E-26
   37.5+    37 3   0.000       0.000      0.6194E-29  0.3497E-29  0.1867E-27  0.3519E-27  0.1579E-26 -0.2127E-26
   37.5+    37 4   0.000       0.000      0.1169E-28  0.1818E-28  0.1034E-27  0.1948E-27  0.8740E-27 -0.1202E-26
   37.5+    39 5   0.000       0.000      0.1778E-33  0.5427E-34  0.4549E-32  0.8386E-32  0.3480E-31 -0.4796E-31
   37.5+    39 6  0.5228E-13   0.000      0.3907E-33  0.1108E-32  0.1663E-32  0.3065E-32  0.1271E-31  0.5228E-13
   37.5-    36 1   0.000       0.000      0.1541E-27  0.5086E-29  0.3567E-25  0.6796E-25  0.3171E-24 -0.4209E-24
   37.5-    36 2   0.000       0.000      0.1096E-26  0.3802E-30  0.2926E-25  0.5575E-25  0.2601E-24 -0.3462E-24
   37.5-    38 3  0.1046E-12   0.000      0.4574E-33  0.6631E-31  0.8794E-30  0.1639E-29  0.7073E-29  0.1046E-12
   37.5-    38 4   0.000       0.000      0.6748E-31  0.8469E-31  0.7203E-30  0.1343E-29  0.5792E-29 -0.8007E-29
   37.5-    38 5  0.1046E-12   0.000      0.5506E-31  0.2317E-30  0.2018E-30  0.3762E-30  0.1623E-29  0.1046E-12
   37.5-    40 6   0.000       0.000      0.2459E-35  0.2833E-35  0.1261E-34  0.2299E-34  0.9163E-34 -0.1325E-33
   38.5+    37 1   0.000       0.000      0.1763E-29  0.4680E-31  0.3358E-27  0.6328E-27  0.2839E-26 -0.3810E-26
   38.5+    37 2   0.000       0.000      0.1249E-28  0.3479E-32  0.2758E-27  0.5197E-27  0.2332E-26 -0.3140E-26
   38.5+    39 3 -0.1073E-12   0.000      0.3675E-35  0.5326E-33  0.6442E-32  0.1188E-31  0.4930E-31 -0.1073E-12
   38.5+    39 4  0.5365E-13   0.000      0.5980E-33  0.6791E-33  0.5285E-32  0.9742E-32  0.4043E-31  0.5365E-13
   38.5+    39 5   0.000       0.000      0.4885E-33  0.1860E-32  0.1481E-32  0.2730E-32  0.1133E-31 -0.1789E-31
   38.5+    41 6  0.5365E-13   0.000      0.1725E-37  0.1799E-37  0.7308E-37  0.1317E-36  0.5053E-36  0.5365E-13
   38.5-    36 1   0.000       0.000      0.1491E-29  0.1877E-29  0.6256E-25  0.1192E-24  0.5562E-24 -0.7379E-24
   38.5-    38 2   0.000       0.000      0.3679E-31  0.6411E-33  0.7814E-30  0.1457E-29  0.6285E-29 -0.8561E-29
   38.5-    38 3   0.000       0.000      0.6203E-31  0.3183E-31  0.1549E-29  0.2887E-29  0.1246E-28 -0.1698E-28
   38.5-    38 4   0.000       0.000      0.1173E-30  0.1649E-30  0.8579E-30  0.1599E-29  0.6900E-29 -0.9639E-29
   38.5-    40 5   0.000       0.000      0.1395E-35  0.3889E-36  0.2960E-34  0.5397E-34  0.2155E-33 -0.3008E-33
   38.5-    40 6   0.000       0.000      0.3078E-35  0.7898E-35  0.1083E-34  0.1974E-34  0.7872E-34 -0.1203E-33
   39.5+    37 1   0.000       0.000      0.1511E-31  0.1726E-31  0.5886E-27  0.1109E-26  0.4977E-26 -0.6675E-26
   39.5+    39 2   0.000       0.000      0.3263E-33  0.4628E-35  0.5715E-32  0.1054E-31  0.4374E-31 -0.6033E-31
   39.5+    39 3  0.1101E-12   0.000      0.5486E-33  0.2559E-33  0.1134E-31  0.2091E-31  0.8681E-31  0.1101E-12
   39.5+    39 4  0.1101E-12   0.000      0.1039E-32  0.1322E-32  0.6288E-32  0.1159E-31  0.4812E-31  0.1101E-12
   39.5+    41 5  0.5503E-13   0.000      0.9746E-38  0.2481E-38  0.1716E-36  0.3094E-36  0.1189E-35  0.5503E-13
   39.5+    41 6  0.5503E-13   0.000      0.2159E-37  0.5013E-37  0.6280E-37  0.1132E-36  0.4345E-36  0.5503E-13
   39.5-    38 1   0.000       0.000      0.1772E-31  0.3798E-33  0.2779E-29  0.5181E-29  0.2236E-28 -0.3034E-28
   39.5-    38 2   0.000       0.000      0.1251E-30  0.2810E-34  0.2285E-29  0.4259E-29  0.1838E-28 -0.2505E-28
   39.5-    40 3   0.000       0.000      0.2628E-37  0.3795E-35  0.4187E-34  0.7635E-34  0.3049E-33 -0.4269E-33
   39.5-    40 4   0.000       0.000      0.4700E-35  0.4831E-35  0.3440E-34  0.6272E-34  0.2504E-33 -0.3571E-33
   39.5-    40 5   0.000       0.000      0.3844E-35  0.1324E-34  0.9643E-35  0.1758E-34  0.7019E-34 -0.1145E-33
   39.5-    42 6   0.000       0.000      0.1082E-39  0.1021E-39  0.3786E-39  0.6750E-39  0.2492E-38 -0.3756E-38
   40.5+    39 1   0.000       0.000      0.1572E-33  0.2731E-35  0.2032E-31  0.3747E-31  0.1555E-30 -0.2135E-30
   40.5+    39 2  0.5640E-13   0.000      0.1106E-32  0.2011E-36  0.1672E-31  0.3084E-31  0.1280E-30  0.5640E-13
   40.5+    41 3  0.5640E-13   0.000      0.1679E-39  0.2408E-37  0.2424E-36  0.4372E-36  0.1680E-35  0.5640E-13
   40.5+    41 4   0.000       0.000      0.3290E-37  0.3062E-37  0.1994E-36  0.3597E-36  0.1382E-35 -0.2004E-35
   40.5+    41 5  0.5640E-13   0.000      0.2694E-37  0.8401E-37  0.5592E-37  0.1009E-36  0.3874E-36  0.5640E-13
   40.5+    43 6   0.000       0.000      0.6085E-42  0.5201E-42  0.1760E-41  0.3104E-41  0.1103E-40 -0.1703E-40
   40.5-    38 1   0.000       0.000      0.1351E-33  0.1401E-33  0.4869E-29  0.9076E-29  0.3917E-28 -0.5311E-28
   40.5-    40 2   0.000       0.000      0.2567E-35  0.2973E-37  0.3709E-34  0.6764E-34  0.2701E-33 -0.3775E-33
   40.5-    40 3   0.000       0.000      0.4304E-35  0.1825E-35  0.7372E-34  0.1344E-33  0.5369E-33 -0.7511E-33
   40.5-    40 4   0.000       0.000      0.8164E-35  0.9396E-35  0.4089E-34  0.7457E-34  0.2978E-33 -0.4308E-33
   40.5-    42 5   0.000       0.000      0.6088E-40  0.1415E-40  0.8893E-39  0.1586E-38  0.5864E-38 -0.8415E-38
   40.5-    42 6   0.000       0.000      0.1354E-39  0.2845E-39  0.3257E-39  0.5807E-39  0.2145E-38 -0.3471E-38
