# 181 angles,  1 tensor ranks for 0=projectile
@subtitle   "7Li(d,p) @ 7.5AMeV ADWA (d) + KD (p)"                                          
@legend ON
@legend x1 0.2
@legend y1 0.8
@g0 type LOGY
@yaxis ticklabel format power
@legend string   0 "Lab energy =   14.5311"
#legend string   0 "Partition=  2 Excit=  1 near/far= 1"
#  Theta       sigma       iT11        T20         T21         T22         Kyy for projectile
   0.000       28.77    
   1.000       28.78    
   2.000       28.81    
   3.000       28.86    
   4.000       28.91    
   5.000       28.96    
   6.000       28.99    
   7.000       28.99    
   8.000       28.94    
   9.000       28.84    
   10.00       28.66    
   11.00       28.40    
   12.00       28.04    
   13.00       27.59    
   14.00       27.04    
   15.00       26.39    
   16.00       25.64    
   17.00       24.80    
   18.00       23.87    
   19.00       22.88    
   20.00       21.82    
   21.00       20.72    
   22.00       19.57    
   23.00       18.41    
   24.00       17.23    
   25.00       16.06    
   26.00       14.90    
   27.00       13.77    
   28.00       12.67    
   29.00       11.61    
   30.00       10.60    
   31.00       9.645    
   32.00       8.746    
   33.00       7.908    
   34.00       7.132    
   35.00       6.419    
   36.00       5.769    
   37.00       5.182    
   38.00       4.654    
   39.00       4.186    
   40.00       3.774    
   41.00       3.415    
   42.00       3.106    
   43.00       2.844    
   44.00       2.624    
   45.00       2.444    
   46.00       2.299    
   47.00       2.186    
   48.00       2.101    
   49.00       2.039    
   50.00       1.998    
   51.00       1.973    
   52.00       1.963    
   53.00       1.964    
   54.00       1.974    
   55.00       1.989    
   56.00       2.009    
   57.00       2.031    
   58.00       2.053    
   59.00       2.075    
   60.00       2.094    
   61.00       2.111    
   62.00       2.123    
   63.00       2.131    
   64.00       2.134    
   65.00       2.131    
   66.00       2.122    
   67.00       2.108    
   68.00       2.087    
   69.00       2.060    
   70.00       2.028    
   71.00       1.991    
   72.00       1.948    
   73.00       1.901    
   74.00       1.849    
   75.00       1.795    
   76.00       1.736    
   77.00       1.676    
   78.00       1.613    
   79.00       1.549    
   80.00       1.484    
   81.00       1.418    
   82.00       1.352    
   83.00       1.286    
   84.00       1.221    
   85.00       1.157    
   86.00       1.094    
   87.00       1.033    
   88.00      0.9735    
   89.00      0.9161    
   90.00      0.8610    
   91.00      0.8082    
   92.00      0.7581    
   93.00      0.7106    
   94.00      0.6658    
   95.00      0.6239    
   96.00      0.5847    
   97.00      0.5484    
   98.00      0.5150    
   99.00      0.4843    
   100.0      0.4562    
   101.0      0.4308    
   102.0      0.4080    
   103.0      0.3875    
   104.0      0.3693    
   105.0      0.3532    
   106.0      0.3392    
   107.0      0.3270    
   108.0      0.3166    
   109.0      0.3078    
   110.0      0.3004    
   111.0      0.2943    
   112.0      0.2894    
   113.0      0.2856    
   114.0      0.2828    
   115.0      0.2807    
   116.0      0.2794    
   117.0      0.2787    
   118.0      0.2785    
   119.0      0.2788    
   120.0      0.2794    
   121.0      0.2804    
   122.0      0.2816    
   123.0      0.2830    
   124.0      0.2845    
   125.0      0.2861    
   126.0      0.2878    
   127.0      0.2895    
   128.0      0.2913    
   129.0      0.2931    
   130.0      0.2949    
   131.0      0.2967    
   132.0      0.2985    
   133.0      0.3003    
   134.0      0.3021    
   135.0      0.3039    
   136.0      0.3058    
   137.0      0.3077    
   138.0      0.3096    
   139.0      0.3117    
   140.0      0.3138    
   141.0      0.3160    
   142.0      0.3183    
   143.0      0.3207    
   144.0      0.3232    
   145.0      0.3258    
   146.0      0.3286    
   147.0      0.3314    
   148.0      0.3344    
   149.0      0.3375    
   150.0      0.3408    
   151.0      0.3441    
   152.0      0.3475    
   153.0      0.3511    
   154.0      0.3547    
   155.0      0.3583    
   156.0      0.3620    
   157.0      0.3658    
   158.0      0.3695    
   159.0      0.3733    
   160.0      0.3770    
   161.0      0.3807    
   162.0      0.3843    
   163.0      0.3879    
   164.0      0.3913    
   165.0      0.3947    
   166.0      0.3979    
   167.0      0.4010    
   168.0      0.4039    
   169.0      0.4066    
   170.0      0.4092    
   171.0      0.4115    
   172.0      0.4137    
   173.0      0.4156    
   174.0      0.4172    
   175.0      0.4187    
   176.0      0.4198    
   177.0      0.4208    
   178.0      0.4214    
   179.0      0.4218    
   180.0      0.4220    
 END
