# 181 angles,  1 tensor ranks for 0=projectile
@subtitle   "7Li(d,p) @ 7.5AMeV ADWA (d) + KD (p)"                                          
@legend ON
@legend x1 0.2
@legend y1 0.8
@g0 type LOGY
@yaxis ticklabel format power
@legend string   0 "Lab energy =   14.5311"
#legend string   0 "Partition=  2 Excit=  5 near/far= 1"
#  Theta       sigma       iT11        T20         T21         T22         Kyy for projectile
   0.000       188.5    
   1.000       187.9    
   2.000       186.2    
   3.000       183.3    
   4.000       179.2    
   5.000       173.9    
   6.000       167.4    
   7.000       159.7    
   8.000       150.7    
   9.000       140.7    
   10.00       129.7    
   11.00       118.0    
   12.00       105.7    
   13.00       93.23    
   14.00       80.91    
   15.00       69.09    
   16.00       58.11    
   17.00       48.24    
   18.00       39.72    
   19.00       32.66    
   20.00       27.06    
   21.00       22.84    
   22.00       19.83    
   23.00       17.80    
   24.00       16.51    
   25.00       15.75    
   26.00       15.33    
   27.00       15.12    
   28.00       15.05    
   29.00       15.06    
   30.00       15.12    
   31.00       15.21    
   32.00       15.26    
   33.00       15.20    
   34.00       14.97    
   35.00       14.49    
   36.00       13.76    
   37.00       12.82    
   38.00       11.75    
   39.00       10.70    
   40.00       9.827    
   41.00       9.269    
   42.00       9.117    
   43.00       9.384    
   44.00       10.00    
   45.00       10.84    
   46.00       11.72    
   47.00       12.46    
   48.00       12.91    
   49.00       12.97    
   50.00       12.63    
   51.00       11.91    
   52.00       10.93    
   53.00       9.784    
   54.00       8.610    
   55.00       7.501    
   56.00       6.528    
   57.00       5.728    
   58.00       5.111    
   59.00       4.671    
   60.00       4.399    
   61.00       4.285    
   62.00       4.321    
   63.00       4.499    
   64.00       4.804    
   65.00       5.210    
   66.00       5.677    
   67.00       6.149    
   68.00       6.566    
   69.00       6.868    
   70.00       7.009    
   71.00       6.958    
   72.00       6.713    
   73.00       6.292    
   74.00       5.734    
   75.00       5.093    
   76.00       4.423    
   77.00       3.775    
   78.00       3.189    
   79.00       2.690    
   80.00       2.288    
   81.00       1.983    
   82.00       1.764    
   83.00       1.616    
   84.00       1.525    
   85.00       1.476    
   86.00       1.460    
   87.00       1.469    
   88.00       1.497    
   89.00       1.539    
   90.00       1.588    
   91.00       1.639    
   92.00       1.683    
   93.00       1.711    
   94.00       1.717    
   95.00       1.695    
   96.00       1.643    
   97.00       1.564    
   98.00       1.461    
   99.00       1.343    
   100.0       1.218    
   101.0       1.098    
   102.0      0.9894    
   103.0      0.9003    
   104.0      0.8345    
   105.0      0.7933    
   106.0      0.7752    
   107.0      0.7765    
   108.0      0.7918    
   109.0      0.8152    
   110.0      0.8406    
   111.0      0.8629    
   112.0      0.8779    
   113.0      0.8831    
   114.0      0.8772    
   115.0      0.8606    
   116.0      0.8345    
   117.0      0.8009    
   118.0      0.7623    
   119.0      0.7213    
   120.0      0.6801    
   121.0      0.6408    
   122.0      0.6051    
   123.0      0.5739    
   124.0      0.5479    
   125.0      0.5274    
   126.0      0.5122    
   127.0      0.5021    
   128.0      0.4966    
   129.0      0.4954    
   130.0      0.4981    
   131.0      0.5041    
   132.0      0.5132    
   133.0      0.5252    
   134.0      0.5397    
   135.0      0.5567    
   136.0      0.5758    
   137.0      0.5970    
   138.0      0.6201    
   139.0      0.6447    
   140.0      0.6706    
   141.0      0.6975    
   142.0      0.7251    
   143.0      0.7531    
   144.0      0.7812    
   145.0      0.8089    
   146.0      0.8361    
   147.0      0.8624    
   148.0      0.8876    
   149.0      0.9115    
   150.0      0.9340    
   151.0      0.9550    
   152.0      0.9743    
   153.0      0.9920    
   154.0       1.008    
   155.0       1.023    
   156.0       1.036    
   157.0       1.047    
   158.0       1.058    
   159.0       1.067    
   160.0       1.075    
   161.0       1.082    
   162.0       1.088    
   163.0       1.094    
   164.0       1.099    
   165.0       1.103    
   166.0       1.107    
   167.0       1.110    
   168.0       1.113    
   169.0       1.116    
   170.0       1.118    
   171.0       1.120    
   172.0       1.122    
   173.0       1.123    
   174.0       1.125    
   175.0       1.126    
   176.0       1.127    
   177.0       1.128    
   178.0       1.128    
   179.0       1.129    
   180.0       1.129    
 END
