# Fusion cross sections for ELAB=  14.531, ECM=  11.290
     0.5   34.20       34.91      0.7136    
     1.5   105.8       110.0       4.286    
     2.5   163.5       175.3       11.74    
     3.5   153.5       179.2       25.71    
     4.5   99.11       141.9       42.80    
     5.5   30.96       84.40       53.44    
     6.5  -12.95       34.91       47.86    
     7.5  -15.31       6.442       21.75    
     8.5  -6.827       1.068       7.894    
     9.5  -3.142      0.1981       3.341    
    10.5  -1.565      0.3828E-01   1.604    
    11.5  -1.076      0.7506E-02   1.084    
    12.5 -0.9319      0.1483E-02  0.9334    
    13.5 -0.6653      0.2953E-03  0.6656    
    14.5 -0.5562      0.5943E-04  0.5562    
    15.5 -0.5380      0.1213E-04  0.5380    
    16.5 -0.3394      0.2518E-05  0.3394    
    17.5 -0.1630      0.5327E-06  0.1630    
    18.5 -0.2018      0.1150E-06  0.2018    
    19.5 -0.1376      0.2531E-07  0.1376    
    20.5 -0.3195E-01  0.5677E-08  0.3195E-01
    21.5 -0.2386E-02  0.1294E-08  0.2386E-02
    22.5 -0.1838E-02  0.2991E-09  0.1838E-02
    23.5 -0.1233E-02  0.7023E-10  0.1233E-02
    24.5 -0.3619E-03  0.1706E-10  0.3619E-03
    25.5 -0.6264E-04  0.4400E-11  0.6264E-04
    26.5 -0.7303E-05  0.1189E-11  0.7303E-05
    27.5 -0.6157E-06  0.5778E-12  0.6157E-06
    28.5 -0.3924E-07  0.2793E-12  0.3924E-07
    29.5 -0.1951E-08 -0.2889E-12  0.1951E-08
    30.5 -0.7769E-10 -0.2559E-12  0.7743E-10
    31.5 -0.2630E-11 -0.1321E-12  0.2498E-11
    32.5  0.1151E-12  0.1816E-12  0.6649E-13
    33.5  0.1388E-12  0.1403E-12  0.1478E-14
    34.5 -0.9633E-13 -0.9630E-13  0.2773E-16
    35.5  0.3467E-12  0.3467E-12  0.4432E-18
    36.5 -0.6081E-20 -0.1262E-28  0.6081E-20
    37.5  0.3137E-12  0.3137E-12  0.7215E-22
    38.5 -0.7449E-24   0.000      0.7449E-24
    39.5  0.3302E-12  0.3302E-12  0.6715E-26
    40.5  0.1692E-12  0.1692E-12  0.5049E-28
 &
