# 181 angles,  1 tensor ranks for 0=projectile
@subtitle   "7Li(d,p) @ 7.5AMeV ADWA (d) + KD (p)"                                          
@legend ON
@legend x1 0.2
@legend y1 0.8
@g0 type LOGY
@yaxis ticklabel format power
@legend string   0 "Lab energy =   14.5311"
#legend string   0 "Partition=  2 Excit=  4 near/far= 1"
#  Theta       sigma       iT11        T20         T21         T22         Kyy for projectile
   0.000       63.19    
   1.000       63.07    
   2.000       62.72    
   3.000       62.12    
   4.000       61.27    
   5.000       60.17    
   6.000       58.81    
   7.000       57.17    
   8.000       55.27    
   9.000       53.09    
   10.00       50.66    
   11.00       48.00    
   12.00       45.14    
   13.00       42.12    
   14.00       38.99    
   15.00       35.83    
   16.00       32.68    
   17.00       29.64    
   18.00       26.74    
   19.00       24.06    
   20.00       21.62    
   21.00       19.47    
   22.00       17.60    
   23.00       16.01    
   24.00       14.68    
   25.00       13.58    
   26.00       12.68    
   27.00       11.94    
   28.00       11.32    
   29.00       10.80    
   30.00       10.33    
   31.00       9.884    
   32.00       9.449    
   33.00       9.001    
   34.00       8.529    
   35.00       8.028    
   36.00       7.501    
   37.00       6.960    
   38.00       6.422    
   39.00       5.911    
   40.00       5.449    
   41.00       5.058    
   42.00       4.750    
   43.00       4.529    
   44.00       4.388    
   45.00       4.312    
   46.00       4.279    
   47.00       4.264    
   48.00       4.243    
   49.00       4.199    
   50.00       4.121    
   51.00       4.006    
   52.00       3.857    
   53.00       3.683    
   54.00       3.496    
   55.00       3.309    
   56.00       3.133    
   57.00       2.978    
   58.00       2.851    
   59.00       2.757    
   60.00       2.698    
   61.00       2.674    
   62.00       2.683    
   63.00       2.720    
   64.00       2.779    
   65.00       2.850    
   66.00       2.925    
   67.00       2.991    
   68.00       3.039    
   69.00       3.060    
   70.00       3.048    
   71.00       2.999    
   72.00       2.915    
   73.00       2.800    
   74.00       2.661    
   75.00       2.506    
   76.00       2.343    
   77.00       2.181    
   78.00       2.027    
   79.00       1.885    
   80.00       1.760    
   81.00       1.651    
   82.00       1.560    
   83.00       1.484    
   84.00       1.423    
   85.00       1.372    
   86.00       1.329    
   87.00       1.293    
   88.00       1.260    
   89.00       1.228    
   90.00       1.195    
   91.00       1.160    
   92.00       1.121    
   93.00       1.078    
   94.00       1.030    
   95.00      0.9784    
   96.00      0.9232    
   97.00      0.8659    
   98.00      0.8082    
   99.00      0.7516    
   100.0      0.6976    
   101.0      0.6475    
   102.0      0.6023    
   103.0      0.5625    
   104.0      0.5284    
   105.0      0.4996    
   106.0      0.4757    
   107.0      0.4558    
   108.0      0.4391    
   109.0      0.4245    
   110.0      0.4114    
   111.0      0.3989    
   112.0      0.3866    
   113.0      0.3740    
   114.0      0.3611    
   115.0      0.3478    
   116.0      0.3343    
   117.0      0.3209    
   118.0      0.3077    
   119.0      0.2951    
   120.0      0.2834    
   121.0      0.2729    
   122.0      0.2637    
   123.0      0.2560    
   124.0      0.2499    
   125.0      0.2454    
   126.0      0.2425    
   127.0      0.2412    
   128.0      0.2414    
   129.0      0.2429    
   130.0      0.2456    
   131.0      0.2494    
   132.0      0.2540    
   133.0      0.2594    
   134.0      0.2654    
   135.0      0.2719    
   136.0      0.2786    
   137.0      0.2855    
   138.0      0.2925    
   139.0      0.2994    
   140.0      0.3062    
   141.0      0.3129    
   142.0      0.3193    
   143.0      0.3254    
   144.0      0.3312    
   145.0      0.3368    
   146.0      0.3421    
   147.0      0.3471    
   148.0      0.3519    
   149.0      0.3565    
   150.0      0.3609    
   151.0      0.3651    
   152.0      0.3693    
   153.0      0.3734    
   154.0      0.3775    
   155.0      0.3816    
   156.0      0.3857    
   157.0      0.3898    
   158.0      0.3940    
   159.0      0.3982    
   160.0      0.4024    
   161.0      0.4067    
   162.0      0.4110    
   163.0      0.4153    
   164.0      0.4196    
   165.0      0.4238    
   166.0      0.4280    
   167.0      0.4320    
   168.0      0.4359    
   169.0      0.4397    
   170.0      0.4432    
   171.0      0.4466    
   172.0      0.4496    
   173.0      0.4524    
   174.0      0.4549    
   175.0      0.4570    
   176.0      0.4587    
   177.0      0.4601    
   178.0      0.4611    
   179.0      0.4617    
   180.0      0.4619    
 END
