    0.00   9.575700E+00
    1.00   9.570300E+00
    2.00   9.553700E+00
    3.00   9.525000E+00
    4.00   9.483000E+00
    5.00   9.426100E+00
    6.00   9.352300E+00
    7.00   9.259500E+00
    8.00   9.146000E+00
    9.00   9.010000E+00
   10.00   8.850000E+00
   11.00   8.665300E+00
   12.00   8.455500E+00
   13.00   8.220600E+00
   14.00   7.961700E+00
   15.00   7.679900E+00
   16.00   7.377300E+00
   17.00   7.056000E+00
   18.00   6.719000E+00
   19.00   6.369000E+00
   20.00   6.009400E+00
   21.00   5.643400E+00
   22.00   5.274200E+00
   23.00   4.905200E+00
   24.00   4.539300E+00
   25.00   4.179400E+00
   26.00   3.828300E+00
   27.00   3.488200E+00
   28.00   3.161100E+00
   29.00   2.849000E+00
   30.00   2.553100E+00
   31.00   2.274600E+00
   32.00   2.014200E+00
   33.00   1.772600E+00
   34.00   1.549900E+00
   35.00   1.346100E+00
   36.00   1.161000E+00
   37.00   9.942200E-01
   38.00   8.451700E-01
   39.00   7.131400E-01
   40.00   5.973100E-01
   41.00   4.967800E-01
   42.00   4.105600E-01
   43.00   3.376300E-01
   44.00   2.769500E-01
   45.00   2.274400E-01
   46.00   1.880400E-01
   47.00   1.577100E-01
   48.00   1.354100E-01
   49.00   1.201700E-01
   50.00   1.110400E-01
   51.00   1.071300E-01
   52.00   1.076000E-01
   53.00   1.116900E-01
   54.00   1.186700E-01
   55.00   1.278900E-01
   56.00   1.387700E-01
   57.00   1.507600E-01
   58.00   1.634000E-01
   59.00   1.762800E-01
   60.00   1.890300E-01
   61.00   2.013600E-01
   62.00   2.130100E-01
   63.00   2.237800E-01
   64.00   2.335000E-01
   65.00   2.420600E-01
   66.00   2.493700E-01
   67.00   2.553800E-01
   68.00   2.600800E-01
   69.00   2.634600E-01
   70.00   2.655500E-01
   71.00   2.664100E-01
   72.00   2.660800E-01
   73.00   2.646600E-01
   74.00   2.622100E-01
   75.00   2.588400E-01
   76.00   2.546400E-01
   77.00   2.497100E-01
   78.00   2.441700E-01
   79.00   2.381100E-01
   80.00   2.316300E-01
   81.00   2.248500E-01
   82.00   2.178500E-01
   83.00   2.107300E-01
   84.00   2.035800E-01
   85.00   1.964600E-01
   86.00   1.894700E-01
   87.00   1.826700E-01
   88.00   1.761100E-01
   89.00   1.698500E-01
   90.00   1.639400E-01
   91.00   1.584200E-01
   92.00   1.533200E-01
   93.00   1.486600E-01
   94.00   1.444900E-01
   95.00   1.408000E-01
   96.00   1.376200E-01
   97.00   1.349500E-01
   98.00   1.328100E-01
   99.00   1.311800E-01
  100.00   1.300700E-01
  101.00   1.294900E-01
  102.00   1.294100E-01
  103.00   1.298400E-01
  104.00   1.307600E-01
  105.00   1.321800E-01
  106.00   1.340700E-01
  107.00   1.364400E-01
  108.00   1.392600E-01
  109.00   1.425300E-01
  110.00   1.462400E-01
  111.00   1.503900E-01
  112.00   1.549500E-01
  113.00   1.599200E-01
  114.00   1.653000E-01
  115.00   1.710600E-01
  116.00   1.772200E-01
  117.00   1.837400E-01
  118.00   1.906300E-01
  119.00   1.978700E-01
  120.00   2.054500E-01
  121.00   2.133700E-01
  122.00   2.216000E-01
  123.00   2.301300E-01
  124.00   2.389600E-01
  125.00   2.480500E-01
  126.00   2.574000E-01
  127.00   2.669900E-01
  128.00   2.767800E-01
  129.00   2.867700E-01
  130.00   2.969300E-01
  131.00   3.072200E-01
  132.00   3.176300E-01
  133.00   3.281300E-01
  134.00   3.386800E-01
  135.00   3.492600E-01
  136.00   3.598300E-01
  137.00   3.703600E-01
  138.00   3.808200E-01
  139.00   3.911700E-01
  140.00   4.013800E-01
  141.00   4.114300E-01
  142.00   4.212700E-01
  143.00   4.308800E-01
  144.00   4.402300E-01
  145.00   4.492800E-01
  146.00   4.580200E-01
  147.00   4.664200E-01
  148.00   4.744600E-01
  149.00   4.821200E-01
  150.00   4.893800E-01
  151.00   4.962300E-01
  152.00   5.026500E-01
  153.00   5.086600E-01
  154.00   5.142300E-01
  155.00   5.193600E-01
  156.00   5.240700E-01
  157.00   5.283600E-01
  158.00   5.322300E-01
  159.00   5.357000E-01
  160.00   5.387800E-01
  161.00   5.414900E-01
  162.00   5.438500E-01
  163.00   5.458900E-01
  164.00   5.476100E-01
  165.00   5.490600E-01
  166.00   5.502400E-01
  167.00   5.512000E-01
  168.00   5.519500E-01
  169.00   5.525300E-01
  170.00   5.529500E-01
  171.00   5.532500E-01
  172.00   5.534500E-01
  173.00   5.535600E-01
  174.00   5.536200E-01
  175.00   5.536300E-01
  176.00   5.536200E-01
  177.00   5.536000E-01
  178.00   5.535800E-01
  179.00   5.535600E-01
