1Inelastic  7Li(d,p)8Li(g1) 7.266 AMeV ADKD-KD LEA                      
9.5757E+00    9.5703E+00    9.5537E+00    9.5250E+00    9.4830E+00    9.4261E+00
    9.3523E+00    9.2595E+00    9.1460E+00    9.0100E+00    8.8500E+00
    8.6653E+00    8.4555E+00    8.2206E+00    7.9617E+00    7.6799E+00
    7.3773E+00    7.0560E+00    6.7190E+00    6.3690E+00    6.0094E+00
    5.6434E+00    5.2742E+00    4.9052E+00    4.5393E+00    4.1794E+00
    3.8283E+00    3.4882E+00    3.1611E+00    2.8490E+00    2.5531E+00
    2.2746E+00    2.0142E+00    1.7726E+00    1.5499E+00    1.3461E+00
    1.1610E+00    9.9422E-01    8.4517E-01    7.1314E-01    5.9731E-01
    4.9678E-01    4.1056E-01    3.3763E-01    2.7695E-01    2.2744E-01
    1.8804E-01    1.5771E-01    1.3541E-01    1.2017E-01    1.1104E-01
    1.0713E-01    1.0760E-01    1.1169E-01    1.1867E-01    1.2789E-01
    1.3877E-01    1.5076E-01    1.6340E-01    1.7628E-01    1.8903E-01
    2.0136E-01    2.1301E-01    2.2378E-01    2.3350E-01    2.4206E-01
    2.4937E-01    2.5538E-01    2.6008E-01    2.6346E-01    2.6555E-01
    2.6641E-01    2.6608E-01    2.6466E-01    2.6221E-01    2.5884E-01
    2.5464E-01    2.4971E-01    2.4417E-01    2.3811E-01    2.3163E-01
    2.2485E-01    2.1785E-01    2.1073E-01    2.0358E-01    1.9646E-01
    1.8947E-01    1.8267E-01    1.7611E-01    1.6985E-01    1.6394E-01
    1.5842E-01    1.5332E-01    1.4866E-01    1.4449E-01    1.4080E-01
    1.3762E-01    1.3495E-01    1.3281E-01    1.3118E-01    1.3007E-01
    1.2949E-01    1.2941E-01    1.2984E-01    1.3076E-01    1.3218E-01
    1.3407E-01    1.3644E-01    1.3926E-01    1.4253E-01    1.4624E-01
    1.5039E-01    1.5495E-01    1.5992E-01    1.6530E-01    1.7106E-01
    1.7722E-01    1.8374E-01    1.9063E-01    1.9787E-01    2.0545E-01
    2.1337E-01    2.2160E-01    2.3013E-01    2.3896E-01    2.4805E-01
    2.5740E-01    2.6699E-01    2.7678E-01    2.8677E-01    2.9693E-01
    3.0722E-01    3.1763E-01    3.2813E-01    3.3868E-01    3.4926E-01
    3.5983E-01    3.7036E-01    3.8082E-01    3.9117E-01    4.0138E-01
    4.1143E-01    4.2127E-01    4.3088E-01    4.4023E-01    4.4928E-01
    4.5802E-01    4.6642E-01    4.7446E-01    4.8212E-01    4.8938E-01
    4.9623E-01    5.0265E-01    5.0866E-01    5.1423E-01    5.1936E-01
    5.2407E-01    5.2836E-01    5.3223E-01    5.3570E-01    5.3878E-01
    5.4149E-01    5.4385E-01    5.4589E-01    5.4761E-01    5.4906E-01
    5.5024E-01    5.5120E-01    5.5195E-01    5.5253E-01    5.5295E-01
    5.5325E-01    5.5345E-01    5.5356E-01    5.5362E-01    5.5363E-01
    5.5362E-01    5.5360E-01    5.5358E-01    5.5356E-01
