# 181 angles,  1 tensor ranks for 0=projectile
@subtitle   "7Li(d,p) @ 7.5AMeV ADWA (d) + KD (p)"                                          
@legend ON
@legend x1 0.2
@legend y1 0.8
@g0 type LOGY
@yaxis ticklabel format power
@legend string   0 "Lab energy =   14.5311"
#legend string   0 "Partition=  2 Excit=  2 near/far= 1"
#  Theta       sigma       iT11        T20         T21         T22         Kyy for projectile
   0.000       22.90    
   1.000       22.87    
   2.000       22.79    
   3.000       22.66    
   4.000       22.48    
   5.000       22.24    
   6.000       21.94    
   7.000       21.59    
   8.000       21.18    
   9.000       20.71    
   10.00       20.18    
   11.00       19.60    
   12.00       18.96    
   13.00       18.28    
   14.00       17.55    
   15.00       16.78    
   16.00       15.97    
   17.00       15.14    
   18.00       14.29    
   19.00       13.43    
   20.00       12.57    
   21.00       11.72    
   22.00       10.88    
   23.00       10.06    
   24.00       9.275    
   25.00       8.517    
   26.00       7.796    
   27.00       7.114    
   28.00       6.474    
   29.00       5.876    
   30.00       5.322    
   31.00       4.809    
   32.00       4.338    
   33.00       3.907    
   34.00       3.515    
   35.00       3.161    
   36.00       2.842    
   37.00       2.557    
   38.00       2.305    
   39.00       2.084    
   40.00       1.893    
   41.00       1.729    
   42.00       1.591    
   43.00       1.477    
   44.00       1.384    
   45.00       1.310    
   46.00       1.253    
   47.00       1.211    
   48.00       1.180    
   49.00       1.160    
   50.00       1.147    
   51.00       1.141    
   52.00       1.139    
   53.00       1.140    
   54.00       1.143    
   55.00       1.148    
   56.00       1.154    
   57.00       1.159    
   58.00       1.165    
   59.00       1.170    
   60.00       1.173    
   61.00       1.176    
   62.00       1.176    
   63.00       1.175    
   64.00       1.171    
   65.00       1.165    
   66.00       1.156    
   67.00       1.143    
   68.00       1.128    
   69.00       1.109    
   70.00       1.088    
   71.00       1.063    
   72.00       1.036    
   73.00       1.007    
   74.00      0.9757    
   75.00      0.9431    
   76.00      0.9095    
   77.00      0.8751    
   78.00      0.8405    
   79.00      0.8058    
   80.00      0.7713    
   81.00      0.7374    
   82.00      0.7040    
   83.00      0.6715    
   84.00      0.6398    
   85.00      0.6092    
   86.00      0.5796    
   87.00      0.5511    
   88.00      0.5238    
   89.00      0.4976    
   90.00      0.4728    
   91.00      0.4493    
   92.00      0.4271    
   93.00      0.4063    
   94.00      0.3870    
   95.00      0.3692    
   96.00      0.3528    
   97.00      0.3379    
   98.00      0.3245    
   99.00      0.3126    
   100.0      0.3020    
   101.0      0.2927    
   102.0      0.2847    
   103.0      0.2779    
   104.0      0.2721    
   105.0      0.2674    
   106.0      0.2635    
   107.0      0.2605    
   108.0      0.2581    
   109.0      0.2564    
   110.0      0.2552    
   111.0      0.2545    
   112.0      0.2542    
   113.0      0.2543    
   114.0      0.2547    
   115.0      0.2554    
   116.0      0.2562    
   117.0      0.2573    
   118.0      0.2585    
   119.0      0.2599    
   120.0      0.2614    
   121.0      0.2630    
   122.0      0.2647    
   123.0      0.2664    
   124.0      0.2682    
   125.0      0.2700    
   126.0      0.2719    
   127.0      0.2738    
   128.0      0.2757    
   129.0      0.2777    
   130.0      0.2796    
   131.0      0.2817    
   132.0      0.2837    
   133.0      0.2858    
   134.0      0.2880    
   135.0      0.2902    
   136.0      0.2926    
   137.0      0.2950    
   138.0      0.2976    
   139.0      0.3003    
   140.0      0.3032    
   141.0      0.3062    
   142.0      0.3094    
   143.0      0.3128    
   144.0      0.3164    
   145.0      0.3202    
   146.0      0.3243    
   147.0      0.3285    
   148.0      0.3330    
   149.0      0.3377    
   150.0      0.3426    
   151.0      0.3477    
   152.0      0.3530    
   153.0      0.3585    
   154.0      0.3641    
   155.0      0.3699    
   156.0      0.3757    
   157.0      0.3817    
   158.0      0.3877    
   159.0      0.3938    
   160.0      0.3999    
   161.0      0.4059    
   162.0      0.4119    
   163.0      0.4178    
   164.0      0.4236    
   165.0      0.4292    
   166.0      0.4346    
   167.0      0.4399    
   168.0      0.4448    
   169.0      0.4495    
   170.0      0.4539    
   171.0      0.4580    
   172.0      0.4617    
   173.0      0.4650    
   174.0      0.4679    
   175.0      0.4704    
   176.0      0.4725    
   177.0      0.4741    
   178.0      0.4753    
   179.0      0.4760    
   180.0      0.4762    
 END
