# 181 angles,  1 tensor ranks for 0=projectile
@subtitle   "7Li(d,p) @ 7.5AMeV ADWA (d) + KD (p)"                                          
@legend ON
@legend x1 0.2
@legend y1 0.8
@g0 type LOGY
@yaxis ticklabel format power
@legend string   0 "Lab energy =   14.5311"
#legend string   0 "Partition=  2 Excit=  5 near/far= 1"
#  Theta       sigma       iT11        T20         T21         T22         Kyy for projectile
   0.000       188.9    
   1.000       188.3    
   2.000       186.6    
   3.000       183.7    
   4.000       179.5    
   5.000       174.2    
   6.000       167.6    
   7.000       159.8    
   8.000       150.8    
   9.000       140.7    
   10.00       129.6    
   11.00       117.7    
   12.00       105.4    
   13.00       92.82    
   14.00       80.42    
   15.00       68.52    
   16.00       57.46    
   17.00       47.54    
   18.00       38.97    
   19.00       31.86    
   20.00       26.22    
   21.00       21.97    
   22.00       18.93    
   23.00       16.88    
   24.00       15.57    
   25.00       14.79    
   26.00       14.36    
   27.00       14.13    
   28.00       14.03    
   29.00       14.03    
   30.00       14.07    
   31.00       14.14    
   32.00       14.18    
   33.00       14.12    
   34.00       13.88    
   35.00       13.41    
   36.00       12.69    
   37.00       11.76    
   38.00       10.71    
   39.00       9.683    
   40.00       8.834    
   41.00       8.301    
   42.00       8.172    
   43.00       8.461    
   44.00       9.100    
   45.00       9.955    
   46.00       10.85    
   47.00       11.60    
   48.00       12.06    
   49.00       12.13    
   50.00       11.79    
   51.00       11.09    
   52.00       10.11    
   53.00       8.986    
   54.00       7.828    
   55.00       6.738    
   56.00       5.784    
   57.00       5.002    
   58.00       4.401    
   59.00       3.975    
   60.00       3.712    
   61.00       3.602    
   62.00       3.637    
   63.00       3.809    
   64.00       4.104    
   65.00       4.497    
   66.00       4.948    
   67.00       5.405    
   68.00       5.807    
   69.00       6.098    
   70.00       6.231    
   71.00       6.177    
   72.00       5.934    
   73.00       5.521    
   74.00       4.976    
   75.00       4.352    
   76.00       3.702    
   77.00       3.076    
   78.00       2.513    
   79.00       2.036    
   80.00       1.656    
   81.00       1.369    
   82.00       1.164    
   83.00       1.028    
   84.00      0.9441    
   85.00      0.8998    
   86.00      0.8854    
   87.00      0.8939    
   88.00      0.9205    
   89.00      0.9607    
   90.00       1.009    
   91.00       1.060    
   92.00       1.106    
   93.00       1.138    
   94.00       1.151    
   95.00       1.138    
   96.00       1.099    
   97.00       1.033    
   98.00      0.9460    
   99.00      0.8449    
   100.0      0.7384    
   101.0      0.6358    
   102.0      0.5453    
   103.0      0.4733    
   104.0      0.4237    
   105.0      0.3975    
   106.0      0.3930    
   107.0      0.4066    
   108.0      0.4330    
   109.0      0.4662    
   110.0      0.5005    
   111.0      0.5308    
   112.0      0.5533    
   113.0      0.5656    
   114.0      0.5667    
   115.0      0.5571    
   116.0      0.5380    
   117.0      0.5116    
   118.0      0.4805    
   119.0      0.4470    
   120.0      0.4135    
   121.0      0.3819    
   122.0      0.3536    
   123.0      0.3296    
   124.0      0.3104    
   125.0      0.2959    
   126.0      0.2859    
   127.0      0.2801    
   128.0      0.2779    
   129.0      0.2788    
   130.0      0.2822    
   131.0      0.2878    
   132.0      0.2952    
   133.0      0.3041    
   134.0      0.3144    
   135.0      0.3258    
   136.0      0.3384    
   137.0      0.3520    
   138.0      0.3664    
   139.0      0.3816    
   140.0      0.3974    
   141.0      0.4136    
   142.0      0.4300    
   143.0      0.4464    
   144.0      0.4625    
   145.0      0.4782    
   146.0      0.4931    
   147.0      0.5071    
   148.0      0.5200    
   149.0      0.5317    
   150.0      0.5421    
   151.0      0.5511    
   152.0      0.5587    
   153.0      0.5648    
   154.0      0.5696    
   155.0      0.5731    
   156.0      0.5753    
   157.0      0.5764    
   158.0      0.5765    
   159.0      0.5757    
   160.0      0.5742    
   161.0      0.5720    
   162.0      0.5693    
   163.0      0.5662    
   164.0      0.5628    
   165.0      0.5592    
   166.0      0.5555    
   167.0      0.5518    
   168.0      0.5482    
   169.0      0.5447    
   170.0      0.5413    
   171.0      0.5382    
   172.0      0.5353    
   173.0      0.5327    
   174.0      0.5304    
   175.0      0.5284    
   176.0      0.5268    
   177.0      0.5255    
   178.0      0.5246    
   179.0      0.5240    
   180.0      0.5238    
 END
