# 181 angles,  1 tensor ranks for 0=projectile
@subtitle   "7Li(d,p) @ 7.5AMeV ADWA (d) + KD (p)"                                          
@legend ON
@legend x1 0.2
@legend y1 0.8
@g0 type LOGY
@yaxis ticklabel format power
@xaxis label "Scattering angle (degrees)"
@yaxis label "Cross section (mb/sr)"
@legend string   0 "Partition=  1 Excit=  1 near/far= 1"
#legend string   0 "Lab energy =   14.5311"
@s0 linestyle   1
#  Theta       sigma       iT11        T20         T21         T22         Kyy for projectile
  0.1000E-01  0.1578E+16
   1.000      0.1553E+08
   2.000      0.9315E+06
   3.000      0.1736E+06
   4.000      0.5136E+05
   5.000      0.1969E+05
   6.000       9018.    
   7.000       4769.    
   8.000       2868.    
   9.000       1939.    
   10.00       1452.    
   11.00       1179.    
   12.00       1015.    
   13.00       907.8    
   14.00       831.9    
   15.00       773.0    
   16.00       723.6    
   17.00       679.4    
   18.00       638.2    
   19.00       598.7    
   20.00       560.4    
   21.00       522.9    
   22.00       486.1    
   23.00       450.2    
   24.00       415.3    
   25.00       381.3    
   26.00       348.6    
   27.00       317.2    
   28.00       287.2    
   29.00       258.8    
   30.00       232.0    
   31.00       206.8    
   32.00       183.3    
   33.00       161.5    
   34.00       141.4    
   35.00       123.0    
   36.00       106.2    
   37.00       91.01    
   38.00       77.36    
   39.00       65.18    
   40.00       54.39    
   41.00       44.90    
   42.00       36.63    
   43.00       29.49    
   44.00       23.38    
   45.00       18.22    
   46.00       13.91    
   47.00       10.37    
   48.00       7.512    
   49.00       5.252    
   50.00       3.514    
   51.00       2.224    
   52.00       1.316    
   53.00      0.7262    
   54.00      0.3983    
   55.00      0.2805    
   56.00      0.3268    
   57.00      0.4964    
   58.00      0.7536    
   59.00       1.068    
   60.00       1.413    
   61.00       1.766    
   62.00       2.112    
   63.00       2.434    
   64.00       2.723    
   65.00       2.971    
   66.00       3.173    
   67.00       3.325    
   68.00       3.427    
   69.00       3.480    
   70.00       3.485    
   71.00       3.445    
   72.00       3.365    
   73.00       3.249    
   74.00       3.102    
   75.00       2.930    
   76.00       2.736    
   77.00       2.527    
   78.00       2.307    
   79.00       2.081    
   80.00       1.854    
   81.00       1.629    
   82.00       1.411    
   83.00       1.202    
   84.00       1.006    
   85.00      0.8242    
   86.00      0.6595    
   87.00      0.5133    
   88.00      0.3868    
   89.00      0.2809    
   90.00      0.1961    
   91.00      0.1327    
   92.00      0.9073E-01
   93.00      0.6999E-01
   94.00      0.7003E-01
   95.00      0.9022E-01
   96.00      0.1298    
   97.00      0.1878    
   98.00      0.2632    
   99.00      0.3549    
   100.0      0.4615    
   101.0      0.5819    
   102.0      0.7145    
   103.0      0.8579    
   104.0       1.011    
   105.0       1.171    
   106.0       1.338    
   107.0       1.509    
   108.0       1.683    
   109.0       1.858    
   110.0       2.032    
   111.0       2.204    
   112.0       2.372    
   113.0       2.534    
   114.0       2.688    
   115.0       2.833    
   116.0       2.968    
   117.0       3.090    
   118.0       3.199    
   119.0       3.292    
   120.0       3.370    
   121.0       3.430    
   122.0       3.472    
   123.0       3.495    
   124.0       3.499    
   125.0       3.483    
   126.0       3.448    
   127.0       3.393    
   128.0       3.320    
   129.0       3.228    
   130.0       3.118    
   131.0       2.993    
   132.0       2.852    
   133.0       2.699    
   134.0       2.534    
   135.0       2.361    
   136.0       2.181    
   137.0       1.996    
   138.0       1.810    
   139.0       1.624    
   140.0       1.443    
   141.0       1.268    
   142.0       1.102    
   143.0      0.9478    
   144.0      0.8087    
   145.0      0.6867    
   146.0      0.5844    
   147.0      0.5038    
   148.0      0.4468    
   149.0      0.4153    
   150.0      0.4105    
   151.0      0.4336    
   152.0      0.4852    
   153.0      0.5657    
   154.0      0.6750    
   155.0      0.8128    
   156.0      0.9784    
   157.0       1.170    
   158.0       1.387    
   159.0       1.628    
   160.0       1.888    
   161.0       2.168    
   162.0       2.462    
   163.0       2.770    
   164.0       3.086    
   165.0       3.407    
   166.0       3.731    
   167.0       4.053    
   168.0       4.370    
   169.0       4.678    
   170.0       4.973    
   171.0       5.252    
   172.0       5.512    
   173.0       5.749    
   174.0       5.961    
   175.0       6.144    
   176.0       6.298    
   177.0       6.419    
   178.0       6.507    
   179.0       6.560    
   180.0       6.577    
 END
@legend string   1 "Partition=  2 Excit=  1 near/far= 1"
#legend string   0 "Lab energy =   14.5311"
@s1 linestyle   2
#  Theta       sigma       iT11        T20         T21         T22         Kyy for projectile
   0.000       29.52    
   1.000       29.52    
   2.000       29.52    
   3.000       29.53    
   4.000       29.52    
   5.000       29.50    
   6.000       29.44    
   7.000       29.34    
   8.000       29.19    
   9.000       28.97    
   10.00       28.67    
   11.00       28.28    
   12.00       27.80    
   13.00       27.23    
   14.00       26.55    
   15.00       25.78    
   16.00       24.92    
   17.00       23.97    
   18.00       22.95    
   19.00       21.87    
   20.00       20.73    
   21.00       19.56    
   22.00       18.35    
   23.00       17.14    
   24.00       15.93    
   25.00       14.73    
   26.00       13.55    
   27.00       12.41    
   28.00       11.31    
   29.00       10.26    
   30.00       9.266    
   31.00       8.333    
   32.00       7.464    
   33.00       6.660    
   34.00       5.924    
   35.00       5.255    
   36.00       4.652    
   37.00       4.113    
   38.00       3.637    
   39.00       3.221    
   40.00       2.861    
   41.00       2.555    
   42.00       2.299    
   43.00       2.088    
   44.00       1.919    
   45.00       1.788    
   46.00       1.690    
   47.00       1.621    
   48.00       1.578    
   49.00       1.556    
   50.00       1.552    
   51.00       1.563    
   52.00       1.585    
   53.00       1.615    
   54.00       1.652    
   55.00       1.692    
   56.00       1.734    
   57.00       1.776    
   58.00       1.816    
   59.00       1.854    
   60.00       1.887    
   61.00       1.916    
   62.00       1.940    
   63.00       1.958    
   64.00       1.969    
   65.00       1.974    
   66.00       1.973    
   67.00       1.964    
   68.00       1.950    
   69.00       1.929    
   70.00       1.902    
   71.00       1.870    
   72.00       1.834    
   73.00       1.792    
   74.00       1.747    
   75.00       1.699    
   76.00       1.648    
   77.00       1.595    
   78.00       1.540    
   79.00       1.485    
   80.00       1.429    
   81.00       1.372    
   82.00       1.317    
   83.00       1.262    
   84.00       1.208    
   85.00       1.155    
   86.00       1.105    
   87.00       1.056    
   88.00       1.010    
   89.00      0.9653    
   90.00      0.9236    
   91.00      0.8845    
   92.00      0.8480    
   93.00      0.8143    
   94.00      0.7833    
   95.00      0.7551    
   96.00      0.7295    
   97.00      0.7066    
   98.00      0.6862    
   99.00      0.6683    
   100.0      0.6526    
   101.0      0.6392    
   102.0      0.6278    
   103.0      0.6184    
   104.0      0.6107    
   105.0      0.6045    
   106.0      0.5998    
   107.0      0.5964    
   108.0      0.5941    
   109.0      0.5928    
   110.0      0.5923    
   111.0      0.5926    
   112.0      0.5935    
   113.0      0.5949    
   114.0      0.5967    
   115.0      0.5988    
   116.0      0.6012    
   117.0      0.6037    
   118.0      0.6063    
   119.0      0.6091    
   120.0      0.6119    
   121.0      0.6146    
   122.0      0.6174    
   123.0      0.6202    
   124.0      0.6230    
   125.0      0.6257    
   126.0      0.6285    
   127.0      0.6313    
   128.0      0.6341    
   129.0      0.6370    
   130.0      0.6400    
   131.0      0.6431    
   132.0      0.6465    
   133.0      0.6500    
   134.0      0.6538    
   135.0      0.6578    
   136.0      0.6622    
   137.0      0.6669    
   138.0      0.6720    
   139.0      0.6776    
   140.0      0.6835    
   141.0      0.6899    
   142.0      0.6968    
   143.0      0.7041    
   144.0      0.7119    
   145.0      0.7201    
   146.0      0.7288    
   147.0      0.7380    
   148.0      0.7476    
   149.0      0.7576    
   150.0      0.7680    
   151.0      0.7787    
   152.0      0.7897    
   153.0      0.8010    
   154.0      0.8126    
   155.0      0.8243    
   156.0      0.8362    
   157.0      0.8481    
   158.0      0.8600    
   159.0      0.8720    
   160.0      0.8838    
   161.0      0.8955    
   162.0      0.9070    
   163.0      0.9183    
   164.0      0.9293    
   165.0      0.9399    
   166.0      0.9500    
   167.0      0.9598    
   168.0      0.9690    
   169.0      0.9776    
   170.0      0.9857    
   171.0      0.9931    
   172.0      0.9998    
   173.0       1.006    
   174.0       1.011    
   175.0       1.016    
   176.0       1.019    
   177.0       1.022    
   178.0       1.024    
   179.0       1.026    
   180.0       1.026    
 END
@legend string   2 "Partition=  2 Excit=  2 near/far= 1"
#legend string   0 "Lab energy =   14.5311"
@s2 linestyle   3
#  Theta       sigma       iT11        T20         T21         T22         Kyy for projectile
   0.000       22.90    
   1.000       22.87    
   2.000       22.79    
   3.000       22.66    
   4.000       22.48    
   5.000       22.24    
   6.000       21.94    
   7.000       21.59    
   8.000       21.18    
   9.000       20.71    
   10.00       20.18    
   11.00       19.60    
   12.00       18.96    
   13.00       18.28    
   14.00       17.55    
   15.00       16.78    
   16.00       15.97    
   17.00       15.14    
   18.00       14.29    
   19.00       13.43    
   20.00       12.57    
   21.00       11.72    
   22.00       10.88    
   23.00       10.06    
   24.00       9.275    
   25.00       8.517    
   26.00       7.796    
   27.00       7.114    
   28.00       6.474    
   29.00       5.876    
   30.00       5.322    
   31.00       4.809    
   32.00       4.338    
   33.00       3.907    
   34.00       3.515    
   35.00       3.161    
   36.00       2.842    
   37.00       2.557    
   38.00       2.305    
   39.00       2.084    
   40.00       1.893    
   41.00       1.729    
   42.00       1.591    
   43.00       1.477    
   44.00       1.384    
   45.00       1.310    
   46.00       1.253    
   47.00       1.211    
   48.00       1.180    
   49.00       1.160    
   50.00       1.147    
   51.00       1.141    
   52.00       1.139    
   53.00       1.140    
   54.00       1.143    
   55.00       1.148    
   56.00       1.154    
   57.00       1.159    
   58.00       1.165    
   59.00       1.170    
   60.00       1.173    
   61.00       1.176    
   62.00       1.176    
   63.00       1.175    
   64.00       1.171    
   65.00       1.165    
   66.00       1.156    
   67.00       1.143    
   68.00       1.128    
   69.00       1.109    
   70.00       1.088    
   71.00       1.063    
   72.00       1.036    
   73.00       1.007    
   74.00      0.9757    
   75.00      0.9431    
   76.00      0.9095    
   77.00      0.8751    
   78.00      0.8405    
   79.00      0.8058    
   80.00      0.7713    
   81.00      0.7374    
   82.00      0.7040    
   83.00      0.6715    
   84.00      0.6398    
   85.00      0.6092    
   86.00      0.5796    
   87.00      0.5511    
   88.00      0.5238    
   89.00      0.4976    
   90.00      0.4728    
   91.00      0.4493    
   92.00      0.4271    
   93.00      0.4063    
   94.00      0.3870    
   95.00      0.3692    
   96.00      0.3528    
   97.00      0.3379    
   98.00      0.3245    
   99.00      0.3126    
   100.0      0.3020    
   101.0      0.2927    
   102.0      0.2847    
   103.0      0.2779    
   104.0      0.2721    
   105.0      0.2674    
   106.0      0.2635    
   107.0      0.2605    
   108.0      0.2581    
   109.0      0.2564    
   110.0      0.2552    
   111.0      0.2545    
   112.0      0.2542    
   113.0      0.2543    
   114.0      0.2547    
   115.0      0.2554    
   116.0      0.2562    
   117.0      0.2573    
   118.0      0.2585    
   119.0      0.2599    
   120.0      0.2614    
   121.0      0.2630    
   122.0      0.2647    
   123.0      0.2664    
   124.0      0.2682    
   125.0      0.2700    
   126.0      0.2719    
   127.0      0.2738    
   128.0      0.2757    
   129.0      0.2777    
   130.0      0.2796    
   131.0      0.2817    
   132.0      0.2837    
   133.0      0.2858    
   134.0      0.2880    
   135.0      0.2902    
   136.0      0.2926    
   137.0      0.2950    
   138.0      0.2976    
   139.0      0.3003    
   140.0      0.3032    
   141.0      0.3062    
   142.0      0.3094    
   143.0      0.3128    
   144.0      0.3164    
   145.0      0.3202    
   146.0      0.3243    
   147.0      0.3285    
   148.0      0.3330    
   149.0      0.3377    
   150.0      0.3426    
   151.0      0.3477    
   152.0      0.3530    
   153.0      0.3585    
   154.0      0.3641    
   155.0      0.3699    
   156.0      0.3757    
   157.0      0.3817    
   158.0      0.3877    
   159.0      0.3938    
   160.0      0.3999    
   161.0      0.4059    
   162.0      0.4119    
   163.0      0.4178    
   164.0      0.4236    
   165.0      0.4292    
   166.0      0.4346    
   167.0      0.4399    
   168.0      0.4448    
   169.0      0.4495    
   170.0      0.4539    
   171.0      0.4580    
   172.0      0.4617    
   173.0      0.4650    
   174.0      0.4679    
   175.0      0.4704    
   176.0      0.4725    
   177.0      0.4741    
   178.0      0.4753    
   179.0      0.4760    
   180.0      0.4762    
 END
@legend string   3 "Partition=  2 Excit=  3 near/far= 1"
#legend string   0 "Lab energy =   14.5311"
@s3 linestyle   4
#  Theta       sigma       iT11        T20         T21         T22         Kyy for projectile
   0.000       61.80    
   1.000       61.69    
   2.000       61.34    
   3.000       60.77    
   4.000       59.96    
   5.000       58.92    
   6.000       57.65    
   7.000       56.14    
   8.000       54.39    
   9.000       52.42    
   10.00       50.24    
   11.00       47.86    
   12.00       45.31    
   13.00       42.62    
   14.00       39.83    
   15.00       36.98    
   16.00       34.12    
   17.00       31.30    
   18.00       28.56    
   19.00       25.96    
   20.00       23.52    
   21.00       21.28    
   22.00       19.26    
   23.00       17.45    
   24.00       15.86    
   25.00       14.48    
   26.00       13.27    
   27.00       12.23    
   28.00       11.32    
   29.00       10.51    
   30.00       9.792    
   31.00       9.130    
   32.00       8.508    
   33.00       7.914    
   34.00       7.338    
   35.00       6.777    
   36.00       6.231    
   37.00       5.706    
   38.00       5.211    
   39.00       4.758    
   40.00       4.358    
   41.00       4.019    
   42.00       3.747    
   43.00       3.541    
   44.00       3.396    
   45.00       3.302    
   46.00       3.244    
   47.00       3.209    
   48.00       3.181    
   49.00       3.148    
   50.00       3.102    
   51.00       3.040    
   52.00       2.960    
   53.00       2.865    
   54.00       2.763    
   55.00       2.658    
   56.00       2.559    
   57.00       2.470    
   58.00       2.396    
   59.00       2.341    
   60.00       2.306    
   61.00       2.291    
   62.00       2.294    
   63.00       2.311    
   64.00       2.338    
   65.00       2.370    
   66.00       2.399    
   67.00       2.421    
   68.00       2.429    
   69.00       2.419    
   70.00       2.389    
   71.00       2.337    
   72.00       2.265    
   73.00       2.176    
   74.00       2.073    
   75.00       1.962    
   76.00       1.847    
   77.00       1.732    
   78.00       1.622    
   79.00       1.520    
   80.00       1.427    
   81.00       1.343    
   82.00       1.270    
   83.00       1.205    
   84.00       1.149    
   85.00       1.099    
   86.00       1.054    
   87.00       1.012    
   88.00      0.9720    
   89.00      0.9332    
   90.00      0.8946    
   91.00      0.8555    
   92.00      0.8159    
   93.00      0.7756    
   94.00      0.7349    
   95.00      0.6945    
   96.00      0.6548    
   97.00      0.6167    
   98.00      0.5810    
   99.00      0.5484    
   100.0      0.5193    
   101.0      0.4941    
   102.0      0.4731    
   103.0      0.4561    
   104.0      0.4429    
   105.0      0.4330    
   106.0      0.4257    
   107.0      0.4206    
   108.0      0.4169    
   109.0      0.4141    
   110.0      0.4115    
   111.0      0.4090    
   112.0      0.4060    
   113.0      0.4027    
   114.0      0.3988    
   115.0      0.3945    
   116.0      0.3899    
   117.0      0.3853    
   118.0      0.3808    
   119.0      0.3768    
   120.0      0.3733    
   121.0      0.3706    
   122.0      0.3688    
   123.0      0.3680    
   124.0      0.3683    
   125.0      0.3696    
   126.0      0.3720    
   127.0      0.3753    
   128.0      0.3795    
   129.0      0.3844    
   130.0      0.3899    
   131.0      0.3959    
   132.0      0.4022    
   133.0      0.4088    
   134.0      0.4154    
   135.0      0.4221    
   136.0      0.4288    
   137.0      0.4353    
   138.0      0.4416    
   139.0      0.4477    
   140.0      0.4535    
   141.0      0.4592    
   142.0      0.4646    
   143.0      0.4699    
   144.0      0.4751    
   145.0      0.4801    
   146.0      0.4851    
   147.0      0.4902    
   148.0      0.4953    
   149.0      0.5005    
   150.0      0.5058    
   151.0      0.5114    
   152.0      0.5171    
   153.0      0.5231    
   154.0      0.5294    
   155.0      0.5360    
   156.0      0.5428    
   157.0      0.5499    
   158.0      0.5572    
   159.0      0.5647    
   160.0      0.5723    
   161.0      0.5801    
   162.0      0.5880    
   163.0      0.5959    
   164.0      0.6038    
   165.0      0.6116    
   166.0      0.6192    
   167.0      0.6267    
   168.0      0.6338    
   169.0      0.6407    
   170.0      0.6472    
   171.0      0.6532    
   172.0      0.6588    
   173.0      0.6638    
   174.0      0.6682    
   175.0      0.6720    
   176.0      0.6752    
   177.0      0.6777    
   178.0      0.6795    
   179.0      0.6806    
   180.0      0.6810    
 END
@legend string   4 "Partition=  2 Excit=  4 near/far= 1"
#legend string   0 "Lab energy =   14.5311"
@s4 linestyle   5
#  Theta       sigma       iT11        T20         T21         T22         Kyy for projectile
   0.000       64.45    
   1.000       64.33    
   2.000       63.94    
   3.000       63.30    
   4.000       62.39    
   5.000       61.21    
   6.000       59.75    
   7.000       58.01    
   8.000       55.98    
   9.000       53.68    
   10.00       51.11    
   11.00       48.31    
   12.00       45.30    
   13.00       42.13    
   14.00       38.87    
   15.00       35.56    
   16.00       32.29    
   17.00       29.11    
   18.00       26.10    
   19.00       23.31    
   20.00       20.78    
   21.00       18.54    
   22.00       16.59    
   23.00       14.93    
   24.00       13.54    
   25.00       12.40    
   26.00       11.46    
   27.00       10.68    
   28.00       10.04    
   29.00       9.490    
   30.00       9.003    
   31.00       8.552    
   32.00       8.113    
   33.00       7.666    
   34.00       7.201    
   35.00       6.712    
   36.00       6.202    
   37.00       5.681    
   38.00       5.169    
   39.00       4.685    
   40.00       4.253    
   41.00       3.893    
   42.00       3.616    
   43.00       3.425    
   44.00       3.314    
   45.00       3.267    
   46.00       3.260    
   47.00       3.271    
   48.00       3.275    
   49.00       3.256    
   50.00       3.203    
   51.00       3.112    
   52.00       2.988    
   53.00       2.840    
   54.00       2.679    
   55.00       2.518    
   56.00       2.368    
   57.00       2.238    
   58.00       2.134    
   59.00       2.061    
   60.00       2.019    
   61.00       2.009    
   62.00       2.029    
   63.00       2.073    
   64.00       2.136    
   65.00       2.209    
   66.00       2.284    
   67.00       2.350    
   68.00       2.397    
   69.00       2.419    
   70.00       2.409    
   71.00       2.366    
   72.00       2.291    
   73.00       2.188    
   74.00       2.064    
   75.00       1.927    
   76.00       1.785    
   77.00       1.645    
   78.00       1.514    
   79.00       1.395    
   80.00       1.291    
   81.00       1.204    
   82.00       1.131    
   83.00       1.071    
   84.00       1.023    
   85.00      0.9833    
   86.00      0.9501    
   87.00      0.9211    
   88.00      0.8943    
   89.00      0.8681    
   90.00      0.8411    
   91.00      0.8123    
   92.00      0.7810    
   93.00      0.7470    
   94.00      0.7104    
   95.00      0.6719    
   96.00      0.6322    
   97.00      0.5925    
   98.00      0.5541    
   99.00      0.5183    
   100.0      0.4862    
   101.0      0.4587    
   102.0      0.4363    
   103.0      0.4191    
   104.0      0.4068    
   105.0      0.3990    
   106.0      0.3946    
   107.0      0.3928    
   108.0      0.3925    
   109.0      0.3928    
   110.0      0.3928    
   111.0      0.3918    
   112.0      0.3895    
   113.0      0.3857    
   114.0      0.3804    
   115.0      0.3738    
   116.0      0.3662    
   117.0      0.3580    
   118.0      0.3498    
   119.0      0.3419    
   120.0      0.3347    
   121.0      0.3285    
   122.0      0.3237    
   123.0      0.3203    
   124.0      0.3184    
   125.0      0.3182    
   126.0      0.3195    
   127.0      0.3221    
   128.0      0.3261    
   129.0      0.3311    
   130.0      0.3371    
   131.0      0.3437    
   132.0      0.3508    
   133.0      0.3583    
   134.0      0.3659    
   135.0      0.3735    
   136.0      0.3810    
   137.0      0.3883    
   138.0      0.3952    
   139.0      0.4017    
   140.0      0.4078    
   141.0      0.4135    
   142.0      0.4187    
   143.0      0.4236    
   144.0      0.4280    
   145.0      0.4322    
   146.0      0.4360    
   147.0      0.4397    
   148.0      0.4433    
   149.0      0.4468    
   150.0      0.4503    
   151.0      0.4539    
   152.0      0.4576    
   153.0      0.4615    
   154.0      0.4656    
   155.0      0.4700    
   156.0      0.4746    
   157.0      0.4794    
   158.0      0.4846    
   159.0      0.4900    
   160.0      0.4956    
   161.0      0.5014    
   162.0      0.5074    
   163.0      0.5136    
   164.0      0.5197    
   165.0      0.5259    
   166.0      0.5321    
   167.0      0.5382    
   168.0      0.5441    
   169.0      0.5497    
   170.0      0.5552    
   171.0      0.5602    
   172.0      0.5649    
   173.0      0.5692    
   174.0      0.5730    
   175.0      0.5763    
   176.0      0.5790    
   177.0      0.5812    
   178.0      0.5828    
   179.0      0.5837    
   180.0      0.5840    
 END
@legend string   5 "Partition=  2 Excit=  5 near/far= 1"
#legend string   0 "Lab energy =   14.5311"
@s5 linestyle   1
#  Theta       sigma       iT11        T20         T21         T22         Kyy for projectile
   0.000       188.9    
   1.000       188.3    
   2.000       186.6    
   3.000       183.7    
   4.000       179.5    
   5.000       174.2    
   6.000       167.6    
   7.000       159.8    
   8.000       150.8    
   9.000       140.7    
   10.00       129.6    
   11.00       117.7    
   12.00       105.4    
   13.00       92.82    
   14.00       80.42    
   15.00       68.52    
   16.00       57.46    
   17.00       47.54    
   18.00       38.97    
   19.00       31.86    
   20.00       26.22    
   21.00       21.97    
   22.00       18.93    
   23.00       16.88    
   24.00       15.57    
   25.00       14.79    
   26.00       14.36    
   27.00       14.13    
   28.00       14.03    
   29.00       14.03    
   30.00       14.07    
   31.00       14.14    
   32.00       14.18    
   33.00       14.12    
   34.00       13.88    
   35.00       13.41    
   36.00       12.69    
   37.00       11.76    
   38.00       10.71    
   39.00       9.683    
   40.00       8.834    
   41.00       8.301    
   42.00       8.172    
   43.00       8.461    
   44.00       9.100    
   45.00       9.955    
   46.00       10.85    
   47.00       11.60    
   48.00       12.06    
   49.00       12.13    
   50.00       11.79    
   51.00       11.09    
   52.00       10.11    
   53.00       8.986    
   54.00       7.828    
   55.00       6.738    
   56.00       5.784    
   57.00       5.002    
   58.00       4.401    
   59.00       3.975    
   60.00       3.712    
   61.00       3.602    
   62.00       3.637    
   63.00       3.809    
   64.00       4.104    
   65.00       4.497    
   66.00       4.948    
   67.00       5.405    
   68.00       5.807    
   69.00       6.098    
   70.00       6.231    
   71.00       6.177    
   72.00       5.934    
   73.00       5.521    
   74.00       4.976    
   75.00       4.352    
   76.00       3.702    
   77.00       3.076    
   78.00       2.513    
   79.00       2.036    
   80.00       1.656    
   81.00       1.369    
   82.00       1.164    
   83.00       1.028    
   84.00      0.9441    
   85.00      0.8998    
   86.00      0.8854    
   87.00      0.8939    
   88.00      0.9205    
   89.00      0.9607    
   90.00       1.009    
   91.00       1.060    
   92.00       1.106    
   93.00       1.138    
   94.00       1.151    
   95.00       1.138    
   96.00       1.099    
   97.00       1.033    
   98.00      0.9460    
   99.00      0.8449    
   100.0      0.7384    
   101.0      0.6358    
   102.0      0.5453    
   103.0      0.4733    
   104.0      0.4237    
   105.0      0.3975    
   106.0      0.3930    
   107.0      0.4066    
   108.0      0.4330    
   109.0      0.4662    
   110.0      0.5005    
   111.0      0.5308    
   112.0      0.5533    
   113.0      0.5656    
   114.0      0.5667    
   115.0      0.5571    
   116.0      0.5380    
   117.0      0.5116    
   118.0      0.4805    
   119.0      0.4470    
   120.0      0.4135    
   121.0      0.3819    
   122.0      0.3536    
   123.0      0.3296    
   124.0      0.3104    
   125.0      0.2959    
   126.0      0.2859    
   127.0      0.2801    
   128.0      0.2779    
   129.0      0.2788    
   130.0      0.2822    
   131.0      0.2878    
   132.0      0.2952    
   133.0      0.3041    
   134.0      0.3144    
   135.0      0.3258    
   136.0      0.3384    
   137.0      0.3520    
   138.0      0.3664    
   139.0      0.3816    
   140.0      0.3974    
   141.0      0.4136    
   142.0      0.4300    
   143.0      0.4464    
   144.0      0.4625    
   145.0      0.4782    
   146.0      0.4931    
   147.0      0.5071    
   148.0      0.5200    
   149.0      0.5317    
   150.0      0.5421    
   151.0      0.5511    
   152.0      0.5587    
   153.0      0.5648    
   154.0      0.5696    
   155.0      0.5731    
   156.0      0.5753    
   157.0      0.5764    
   158.0      0.5765    
   159.0      0.5757    
   160.0      0.5742    
   161.0      0.5720    
   162.0      0.5693    
   163.0      0.5662    
   164.0      0.5628    
   165.0      0.5592    
   166.0      0.5555    
   167.0      0.5518    
   168.0      0.5482    
   169.0      0.5447    
   170.0      0.5413    
   171.0      0.5382    
   172.0      0.5353    
   173.0      0.5327    
   174.0      0.5304    
   175.0      0.5284    
   176.0      0.5268    
   177.0      0.5255    
   178.0      0.5246    
   179.0      0.5240    
   180.0      0.5238    
 END
