# 181 angles,  1 tensor ranks for 0=projectile
@subtitle   "7Li(d,p) @ 7.5AMeV ADWA (d) + KD (p)"                                          
@legend ON
@legend x1 0.2
@legend y1 0.8
@g0 type LOGY
@yaxis ticklabel format power
@legend string   0 "Lab energy =   14.5311"
#legend string   0 "Partition=  2 Excit=  1 near/far= 1"
#  Theta       sigma       iT11        T20         T21         T22         Kyy for projectile
   0.000       29.52    
   1.000       29.52    
   2.000       29.52    
   3.000       29.53    
   4.000       29.52    
   5.000       29.50    
   6.000       29.44    
   7.000       29.34    
   8.000       29.19    
   9.000       28.97    
   10.00       28.67    
   11.00       28.28    
   12.00       27.80    
   13.00       27.23    
   14.00       26.55    
   15.00       25.78    
   16.00       24.92    
   17.00       23.97    
   18.00       22.95    
   19.00       21.87    
   20.00       20.73    
   21.00       19.56    
   22.00       18.35    
   23.00       17.14    
   24.00       15.93    
   25.00       14.73    
   26.00       13.55    
   27.00       12.41    
   28.00       11.31    
   29.00       10.26    
   30.00       9.266    
   31.00       8.333    
   32.00       7.464    
   33.00       6.660    
   34.00       5.924    
   35.00       5.255    
   36.00       4.652    
   37.00       4.113    
   38.00       3.637    
   39.00       3.221    
   40.00       2.861    
   41.00       2.555    
   42.00       2.299    
   43.00       2.088    
   44.00       1.919    
   45.00       1.788    
   46.00       1.690    
   47.00       1.621    
   48.00       1.578    
   49.00       1.556    
   50.00       1.552    
   51.00       1.563    
   52.00       1.585    
   53.00       1.615    
   54.00       1.652    
   55.00       1.692    
   56.00       1.734    
   57.00       1.776    
   58.00       1.816    
   59.00       1.854    
   60.00       1.887    
   61.00       1.916    
   62.00       1.940    
   63.00       1.958    
   64.00       1.969    
   65.00       1.974    
   66.00       1.973    
   67.00       1.964    
   68.00       1.950    
   69.00       1.929    
   70.00       1.902    
   71.00       1.870    
   72.00       1.834    
   73.00       1.792    
   74.00       1.747    
   75.00       1.699    
   76.00       1.648    
   77.00       1.595    
   78.00       1.540    
   79.00       1.485    
   80.00       1.429    
   81.00       1.372    
   82.00       1.317    
   83.00       1.262    
   84.00       1.208    
   85.00       1.155    
   86.00       1.105    
   87.00       1.056    
   88.00       1.010    
   89.00      0.9653    
   90.00      0.9236    
   91.00      0.8845    
   92.00      0.8480    
   93.00      0.8143    
   94.00      0.7833    
   95.00      0.7551    
   96.00      0.7295    
   97.00      0.7066    
   98.00      0.6862    
   99.00      0.6683    
   100.0      0.6526    
   101.0      0.6392    
   102.0      0.6278    
   103.0      0.6184    
   104.0      0.6107    
   105.0      0.6045    
   106.0      0.5998    
   107.0      0.5964    
   108.0      0.5941    
   109.0      0.5928    
   110.0      0.5923    
   111.0      0.5926    
   112.0      0.5935    
   113.0      0.5949    
   114.0      0.5967    
   115.0      0.5988    
   116.0      0.6012    
   117.0      0.6037    
   118.0      0.6063    
   119.0      0.6091    
   120.0      0.6119    
   121.0      0.6146    
   122.0      0.6174    
   123.0      0.6202    
   124.0      0.6230    
   125.0      0.6257    
   126.0      0.6285    
   127.0      0.6313    
   128.0      0.6341    
   129.0      0.6370    
   130.0      0.6400    
   131.0      0.6431    
   132.0      0.6465    
   133.0      0.6500    
   134.0      0.6538    
   135.0      0.6578    
   136.0      0.6622    
   137.0      0.6669    
   138.0      0.6720    
   139.0      0.6776    
   140.0      0.6835    
   141.0      0.6899    
   142.0      0.6968    
   143.0      0.7041    
   144.0      0.7119    
   145.0      0.7201    
   146.0      0.7288    
   147.0      0.7380    
   148.0      0.7476    
   149.0      0.7576    
   150.0      0.7680    
   151.0      0.7787    
   152.0      0.7897    
   153.0      0.8010    
   154.0      0.8126    
   155.0      0.8243    
   156.0      0.8362    
   157.0      0.8481    
   158.0      0.8600    
   159.0      0.8720    
   160.0      0.8838    
   161.0      0.8955    
   162.0      0.9070    
   163.0      0.9183    
   164.0      0.9293    
   165.0      0.9399    
   166.0      0.9500    
   167.0      0.9598    
   168.0      0.9690    
   169.0      0.9776    
   170.0      0.9857    
   171.0      0.9931    
   172.0      0.9998    
   173.0       1.006    
   174.0       1.011    
   175.0       1.016    
   176.0       1.019    
   177.0       1.022    
   178.0       1.024    
   179.0       1.026    
   180.0       1.026    
 END
