# 181 angles,  1 tensor ranks for 0=projectile
@subtitle   "7Li(d,p) @ 7.5AMeV ADWA (d) + KD (p)"                                          
@legend ON
@legend x1 0.2
@legend y1 0.8
@g0 type LOGY
@yaxis ticklabel format power
@legend string   0 "Lab energy =   14.5311"
#legend string   0 "Partition=  2 Excit=  3 near/far= 1"
#  Theta       sigma       iT11        T20         T21         T22         Kyy for projectile
   0.000       61.80    
   1.000       61.69    
   2.000       61.34    
   3.000       60.77    
   4.000       59.96    
   5.000       58.92    
   6.000       57.65    
   7.000       56.14    
   8.000       54.39    
   9.000       52.42    
   10.00       50.24    
   11.00       47.86    
   12.00       45.31    
   13.00       42.62    
   14.00       39.83    
   15.00       36.98    
   16.00       34.12    
   17.00       31.30    
   18.00       28.56    
   19.00       25.96    
   20.00       23.52    
   21.00       21.28    
   22.00       19.26    
   23.00       17.45    
   24.00       15.86    
   25.00       14.48    
   26.00       13.27    
   27.00       12.23    
   28.00       11.32    
   29.00       10.51    
   30.00       9.792    
   31.00       9.130    
   32.00       8.508    
   33.00       7.914    
   34.00       7.338    
   35.00       6.777    
   36.00       6.231    
   37.00       5.706    
   38.00       5.211    
   39.00       4.758    
   40.00       4.358    
   41.00       4.019    
   42.00       3.747    
   43.00       3.541    
   44.00       3.396    
   45.00       3.302    
   46.00       3.244    
   47.00       3.209    
   48.00       3.181    
   49.00       3.148    
   50.00       3.102    
   51.00       3.040    
   52.00       2.960    
   53.00       2.865    
   54.00       2.763    
   55.00       2.658    
   56.00       2.559    
   57.00       2.470    
   58.00       2.396    
   59.00       2.341    
   60.00       2.306    
   61.00       2.291    
   62.00       2.294    
   63.00       2.311    
   64.00       2.338    
   65.00       2.370    
   66.00       2.399    
   67.00       2.421    
   68.00       2.429    
   69.00       2.419    
   70.00       2.389    
   71.00       2.337    
   72.00       2.265    
   73.00       2.176    
   74.00       2.073    
   75.00       1.962    
   76.00       1.847    
   77.00       1.732    
   78.00       1.622    
   79.00       1.520    
   80.00       1.427    
   81.00       1.343    
   82.00       1.270    
   83.00       1.205    
   84.00       1.149    
   85.00       1.099    
   86.00       1.054    
   87.00       1.012    
   88.00      0.9720    
   89.00      0.9332    
   90.00      0.8946    
   91.00      0.8555    
   92.00      0.8159    
   93.00      0.7756    
   94.00      0.7349    
   95.00      0.6945    
   96.00      0.6548    
   97.00      0.6167    
   98.00      0.5810    
   99.00      0.5484    
   100.0      0.5193    
   101.0      0.4941    
   102.0      0.4731    
   103.0      0.4561    
   104.0      0.4429    
   105.0      0.4330    
   106.0      0.4257    
   107.0      0.4206    
   108.0      0.4169    
   109.0      0.4141    
   110.0      0.4115    
   111.0      0.4090    
   112.0      0.4060    
   113.0      0.4027    
   114.0      0.3988    
   115.0      0.3945    
   116.0      0.3899    
   117.0      0.3853    
   118.0      0.3808    
   119.0      0.3768    
   120.0      0.3733    
   121.0      0.3706    
   122.0      0.3688    
   123.0      0.3680    
   124.0      0.3683    
   125.0      0.3696    
   126.0      0.3720    
   127.0      0.3753    
   128.0      0.3795    
   129.0      0.3844    
   130.0      0.3899    
   131.0      0.3959    
   132.0      0.4022    
   133.0      0.4088    
   134.0      0.4154    
   135.0      0.4221    
   136.0      0.4288    
   137.0      0.4353    
   138.0      0.4416    
   139.0      0.4477    
   140.0      0.4535    
   141.0      0.4592    
   142.0      0.4646    
   143.0      0.4699    
   144.0      0.4751    
   145.0      0.4801    
   146.0      0.4851    
   147.0      0.4902    
   148.0      0.4953    
   149.0      0.5005    
   150.0      0.5058    
   151.0      0.5114    
   152.0      0.5171    
   153.0      0.5231    
   154.0      0.5294    
   155.0      0.5360    
   156.0      0.5428    
   157.0      0.5499    
   158.0      0.5572    
   159.0      0.5647    
   160.0      0.5723    
   161.0      0.5801    
   162.0      0.5880    
   163.0      0.5959    
   164.0      0.6038    
   165.0      0.6116    
   166.0      0.6192    
   167.0      0.6267    
   168.0      0.6338    
   169.0      0.6407    
   170.0      0.6472    
   171.0      0.6532    
   172.0      0.6588    
   173.0      0.6638    
   174.0      0.6682    
   175.0      0.6720    
   176.0      0.6752    
   177.0      0.6777    
   178.0      0.6795    
   179.0      0.6806    
   180.0      0.6810    
 END
