# 181 angles,  1 tensor ranks for 0=projectile
@subtitle   "7Li(d,p) @ 7.5AMeV ADWA (d) + KD (p)"                                          
@legend ON
@legend x1 0.2
@legend y1 0.8
@g0 type LOGY
@yaxis ticklabel format power
@legend string   0 "Lab energy =   14.5311"
#legend string   0 "Partition=  2 Excit=  4 near/far= 1"
#  Theta       sigma       iT11        T20         T21         T22         Kyy for projectile
   0.000       64.45    
   1.000       64.33    
   2.000       63.94    
   3.000       63.30    
   4.000       62.39    
   5.000       61.21    
   6.000       59.75    
   7.000       58.01    
   8.000       55.98    
   9.000       53.68    
   10.00       51.11    
   11.00       48.31    
   12.00       45.30    
   13.00       42.13    
   14.00       38.87    
   15.00       35.56    
   16.00       32.29    
   17.00       29.11    
   18.00       26.10    
   19.00       23.31    
   20.00       20.78    
   21.00       18.54    
   22.00       16.59    
   23.00       14.93    
   24.00       13.54    
   25.00       12.40    
   26.00       11.46    
   27.00       10.68    
   28.00       10.04    
   29.00       9.490    
   30.00       9.003    
   31.00       8.552    
   32.00       8.113    
   33.00       7.666    
   34.00       7.201    
   35.00       6.712    
   36.00       6.202    
   37.00       5.681    
   38.00       5.169    
   39.00       4.685    
   40.00       4.253    
   41.00       3.893    
   42.00       3.616    
   43.00       3.425    
   44.00       3.314    
   45.00       3.267    
   46.00       3.260    
   47.00       3.271    
   48.00       3.275    
   49.00       3.256    
   50.00       3.203    
   51.00       3.112    
   52.00       2.988    
   53.00       2.840    
   54.00       2.679    
   55.00       2.518    
   56.00       2.368    
   57.00       2.238    
   58.00       2.134    
   59.00       2.061    
   60.00       2.019    
   61.00       2.009    
   62.00       2.029    
   63.00       2.073    
   64.00       2.136    
   65.00       2.209    
   66.00       2.284    
   67.00       2.350    
   68.00       2.397    
   69.00       2.419    
   70.00       2.409    
   71.00       2.366    
   72.00       2.291    
   73.00       2.188    
   74.00       2.064    
   75.00       1.927    
   76.00       1.785    
   77.00       1.645    
   78.00       1.514    
   79.00       1.395    
   80.00       1.291    
   81.00       1.204    
   82.00       1.131    
   83.00       1.071    
   84.00       1.023    
   85.00      0.9833    
   86.00      0.9501    
   87.00      0.9211    
   88.00      0.8943    
   89.00      0.8681    
   90.00      0.8411    
   91.00      0.8123    
   92.00      0.7810    
   93.00      0.7470    
   94.00      0.7104    
   95.00      0.6719    
   96.00      0.6322    
   97.00      0.5925    
   98.00      0.5541    
   99.00      0.5183    
   100.0      0.4862    
   101.0      0.4587    
   102.0      0.4363    
   103.0      0.4191    
   104.0      0.4068    
   105.0      0.3990    
   106.0      0.3946    
   107.0      0.3928    
   108.0      0.3925    
   109.0      0.3928    
   110.0      0.3928    
   111.0      0.3918    
   112.0      0.3895    
   113.0      0.3857    
   114.0      0.3804    
   115.0      0.3738    
   116.0      0.3662    
   117.0      0.3580    
   118.0      0.3498    
   119.0      0.3419    
   120.0      0.3347    
   121.0      0.3285    
   122.0      0.3237    
   123.0      0.3203    
   124.0      0.3184    
   125.0      0.3182    
   126.0      0.3195    
   127.0      0.3221    
   128.0      0.3261    
   129.0      0.3311    
   130.0      0.3371    
   131.0      0.3437    
   132.0      0.3508    
   133.0      0.3583    
   134.0      0.3659    
   135.0      0.3735    
   136.0      0.3810    
   137.0      0.3883    
   138.0      0.3952    
   139.0      0.4017    
   140.0      0.4078    
   141.0      0.4135    
   142.0      0.4187    
   143.0      0.4236    
   144.0      0.4280    
   145.0      0.4322    
   146.0      0.4360    
   147.0      0.4397    
   148.0      0.4433    
   149.0      0.4468    
   150.0      0.4503    
   151.0      0.4539    
   152.0      0.4576    
   153.0      0.4615    
   154.0      0.4656    
   155.0      0.4700    
   156.0      0.4746    
   157.0      0.4794    
   158.0      0.4846    
   159.0      0.4900    
   160.0      0.4956    
   161.0      0.5014    
   162.0      0.5074    
   163.0      0.5136    
   164.0      0.5197    
   165.0      0.5259    
   166.0      0.5321    
   167.0      0.5382    
   168.0      0.5441    
   169.0      0.5497    
   170.0      0.5552    
   171.0      0.5602    
   172.0      0.5649    
   173.0      0.5692    
   174.0      0.5730    
   175.0      0.5763    
   176.0      0.5790    
   177.0      0.5812    
   178.0      0.5828    
   179.0      0.5837    
   180.0      0.5840    
 END
