# Fusion cross sections for ELAB=  14.531, ECM=  11.290
     0.5   34.53       35.15      0.6123    
     1.5   108.6       112.3       3.729    
     2.5   170.4       180.6       10.11    
     3.5   165.2       187.3       22.03    
     4.5   114.3       151.9       37.56    
     5.5   44.60       91.35       46.76    
     6.5  -9.144       38.37       47.51    
     7.5  -14.17       7.432       21.60    
     8.5  -6.562       1.319       7.882    
     9.5  -3.089      0.2506       3.339    
    10.5  -1.555      0.4887E-01   1.603    
    11.5  -1.074      0.9612E-02   1.084    
    12.5 -0.9315      0.1899E-02  0.9334    
    13.5 -0.6653      0.3774E-03  0.6656    
    14.5 -0.5562      0.7566E-04  0.5562    
    15.5 -0.5380      0.1534E-04  0.5380    
    16.5 -0.3394      0.3144E-05  0.3394    
    17.5 -0.1630      0.6489E-06  0.1630    
    18.5 -0.2018      0.1334E-06  0.2018    
    19.5 -0.1376      0.2688E-07  0.1376    
    20.5 -0.3195E-01  0.5218E-08  0.3195E-01
    21.5 -0.2386E-02  0.9613E-09  0.2386E-02
    22.5 -0.1838E-02  0.1663E-09  0.1838E-02
    23.5 -0.1233E-02  0.2681E-10  0.1233E-02
    24.5 -0.3619E-03  0.4746E-11  0.3619E-03
    25.5 -0.6264E-04  0.8227E-12  0.6264E-04
    26.5 -0.7303E-05  0.7429E-12  0.7303E-05
    27.5 -0.6157E-06  0.4622E-12  0.6157E-06
    28.5 -0.3924E-07  0.5186E-12  0.3924E-07
    29.5 -0.1950E-08  0.8254E-12  0.1951E-08
    30.5 -0.7684E-10  0.5971E-12  0.7743E-10
    31.5 -0.1926E-11  0.5723E-12  0.2498E-11
    32.5  0.3421E-12  0.4086E-12  0.6649E-13
    33.5  0.9207E-13  0.9355E-13  0.1478E-14
    34.5  0.9627E-13  0.9630E-13  0.2773E-16
    35.5  0.4953E-12  0.4953E-12  0.4432E-18
    36.5  0.5090E-13  0.5090E-13  0.6081E-20
    37.5  0.3137E-12  0.3137E-12  0.7215E-22
    38.5  0.2146E-12  0.2146E-12  0.7449E-24
    39.5  0.1101E-12  0.1101E-12  0.6727E-26
    40.5  0.2820E-12  0.2820E-12   0.000    
 &
