Adiabatic KD 8Li Real volume (1st block tran)
303 0.100000001 0.100000001
-0.8809164E+02 -0.8775736E+02 -0.8720904E+02 -0.8648748E+02 -0.8561053E+02
-0.8455197E+02 -0.8328286E+02 -0.8179258E+02 -0.8008406E+02 -0.7816611E+02
-0.7604943E+02 -0.7374555E+02 -0.7126682E+02 -0.6862688E+02 -0.6584106E+02
-0.6292669E+02 -0.5990315E+02 -0.5679187E+02 -0.5361606E+02 -0.5040036E+02
-0.4717031E+02 -0.4395179E+02 -0.4077037E+02 -0.3765065E+02 -0.3461561E+02
-0.3168604E+02 -0.2888003E+02 -0.2621263E+02 -0.2369560E+02 -0.2133731E+02
-0.1914281E+02 -0.1711401E+02 -0.1524998E+02 -0.1354728E+02 -0.1200040E+02
-0.1060220E+02 -0.9344284E+01 -0.8217449E+01 -0.7212002E+01 -0.6318079E+01
-0.5525886E+01 -0.4825903E+01 -0.4209026E+01 -0.3666670E+01 -0.3190839E+01
-0.2774159E+01 -0.2409886E+01 -0.2091902E+01 -0.1814690E+01 -0.1573303E+01
-0.1363327E+01 -0.1180841E+01 -0.1022373E+01 -0.8848593E+00 -0.7656026E+00
-0.6622359E+00 -0.5726854E+00 -0.4951373E+00 -0.4280081E+00 -0.3699173E+00
-0.3196626E+00 -0.2761981E+00 -0.2386150E+00 -0.2061240E+00 -0.1780402E+00
-0.1537695E+00 -0.1327974E+00 -0.1146776E+00 -0.9902411E-01 -0.8550252E-01
-0.7382353E-01 -0.6373685E-01 -0.5502604E-01 -0.4750389E-01 -0.4100860E-01
-0.3540027E-01 -0.3055804E-01 -0.2637743E-01 -0.2276818E-01 -0.1965233E-01
-0.1696252E-01 -0.1464056E-01 -0.1263621E-01 -0.1090607E-01 -0.9412661E-02
-0.8123621E-02 -0.7011008E-02 -0.6050693E-02 -0.5221845E-02 -0.4506479E-02
-0.3889068E-02 -0.3356207E-02 -0.2896324E-02 -0.2499430E-02 -0.2156903E-02
-0.1861299E-02 -0.1606192E-02 -0.1386038E-02 -0.1196050E-02 -0.1032095E-02
-0.8906085E-03 -0.7685121E-03 -0.6631494E-03 -0.5722280E-03 -0.4937690E-03
-0.4260649E-03 -0.3676419E-03 -0.3172280E-03 -0.2737257E-03 -0.2361876E-03
-0.2037963E-03 -0.1758462E-03 -0.1517287E-03 -0.1309182E-03 -0.1129615E-03
-0.9746721E-04 -0.8409783E-04 -0.7256198E-04 -0.6260825E-04 -0.5401970E-04
-0.4660913E-04 -0.4021500E-04 -0.3469793E-04 -0.2993763E-04 -0.2583031E-04
-0.2228642E-04 -0.1922868E-04 -0.1659041E-04 -0.1431408E-04 -0.1235004E-04
-0.1065545E-04 -0.9193358E-05 -0.7931862E-05 -0.6843446E-05 -0.5904367E-05
-0.5094137E-05 -0.4395080E-05 -0.3791943E-05 -0.3271566E-05 -0.2822594E-05
-0.2435231E-05 -0.2101024E-05 -0.1812678E-05 -0.1563902E-05 -0.1349265E-05
-0.1164083E-05 -0.1004315E-05 -0.8664732E-06 -0.7475484E-06 -0.6449449E-06
-0.5564231E-06 -0.4800504E-06 -0.4141595E-06 -0.3573121E-06 -0.3082671E-06
-0.2659535E-06 -0.2294476E-06 -0.1979524E-06 -0.1707800E-06 -0.1473374E-06
-0.1271124E-06 -0.1096636E-06 -0.9460981E-07 -0.8162239E-07 -0.7041770E-07
-0.6075105E-07 -0.5241132E-07 -0.4521639E-07 -0.3900911E-07 -0.3365392E-07
-0.2903386E-07 -0.2504801E-07 -0.2160933E-07 -0.1864270E-07 -0.1608332E-07
-0.1387530E-07 -0.1197039E-07 -0.1032699E-07 -0.8909202E-08 -0.7686054E-08
 0.0000000E+00 0.0000000E+00 0.0000000E+00 0.0000000E+00 0.0000000E+00
 0.0000000E+00 0.0000000E+00 0.0000000E+00 0.0000000E+00 0.0000000E+00
 0.0000000E+00 0.0000000E+00 0.0000000E+00 0.0000000E+00 0.0000000E+00
 0.0000000E+00 0.0000000E+00 0.0000000E+00 0.0000000E+00 0.0000000E+00
 0.0000000E+00 0.0000000E+00 0.0000000E+00 0.0000000E+00 0.0000000E+00
 0.0000000E+00 0.0000000E+00 0.0000000E+00 0.0000000E+00 0.0000000E+00
 0.0000000E+00 0.0000000E+00 0.0000000E+00 0.0000000E+00 0.0000000E+00
 0.0000000E+00 0.0000000E+00 0.0000000E+00 0.0000000E+00 0.0000000E+00
 0.0000000E+00 0.0000000E+00 0.0000000E+00 0.0000000E+00 0.0000000E+00
 0.0000000E+00 0.0000000E+00 0.0000000E+00 0.0000000E+00 0.0000000E+00
 0.0000000E+00 0.0000000E+00 0.0000000E+00 0.0000000E+00 0.0000000E+00
 0.0000000E+00 0.0000000E+00 0.0000000E+00 0.0000000E+00 0.0000000E+00
 0.0000000E+00 0.0000000E+00 0.0000000E+00 0.0000000E+00 0.0000000E+00
 0.0000000E+00 0.0000000E+00 0.0000000E+00 0.0000000E+00 0.0000000E+00
 0.0000000E+00 0.0000000E+00 0.0000000E+00 0.0000000E+00 0.0000000E+00
 0.0000000E+00 0.0000000E+00 0.0000000E+00 0.0000000E+00 0.0000000E+00
 0.0000000E+00 0.0000000E+00 0.0000000E+00 0.0000000E+00 0.0000000E+00
 0.0000000E+00 0.0000000E+00 0.0000000E+00 0.0000000E+00 0.0000000E+00
 0.0000000E+00 0.0000000E+00 0.0000000E+00 0.0000000E+00 0.0000000E+00
 0.0000000E+00 0.0000000E+00 0.0000000E+00 0.0000000E+00 0.0000000E+00
 0.0000000E+00 0.0000000E+00 0.0000000E+00 0.0000000E+00 0.0000000E+00
 0.0000000E+00 0.0000000E+00 0.0000000E+00 0.0000000E+00 0.0000000E+00
 0.0000000E+00 0.0000000E+00 0.0000000E+00 0.0000000E+00 0.0000000E+00
 0.0000000E+00 0.0000000E+00 0.0000000E+00 0.0000000E+00 0.0000000E+00
 0.0000000E+00 0.0000000E+00 0.0000000E+00 
Adiabatic KD 8Li Imaginary volume (2nd block tran)
303 0.100000001 0.100000001
-0.3173056E+01 -0.3242444E+01 -0.3359588E+01 -0.3526748E+01 -0.3746556E+01
-0.4021396E+01 -0.4353287E+01 -0.4743976E+01 -0.5194801E+01 -0.5706279E+01
-0.6277517E+01 -0.6905555E+01 -0.7584728E+01 -0.8306117E+01 -0.9057194E+01
-0.9821727E+01 -0.1058005E+02 -0.1130972E+02 -0.1198658E+02 -0.1258611E+02
-0.1308496E+02 -0.1346255E+02 -0.1370241E+02 -0.1379329E+02 -0.1372986E+02
-0.1351297E+02 -0.1314957E+02 -0.1265215E+02 -0.1203800E+02 -0.1132806E+02
-0.1054568E+02 -0.9715191E+01 -0.8860549E+01 -0.8004039E+01 -0.7165270E+01
-0.6360471E+01 -0.5602146E+01 -0.4899051E+01 -0.4256454E+01 -0.3676580E+01
-0.3159161E+01 -0.2702019E+01 -0.2301624E+01 -0.1953575E+01 -0.1653015E+01
-0.1394938E+01 -0.1174425E+01 -0.9868034E+00 -0.8277432E+00 -0.6933134E+00
-0.5799990E+00 -0.4846974E+00 -0.4046977E+00 -0.3376510E+00 -0.2815366E+00
-0.2346258E+00 -0.1954471E+00 -0.1627525E+00 -0.1354875E+00 -0.1127632E+00
-0.9383242E-01 -0.7806804E-01 -0.6494466E-01 -0.5402271E-01 -0.4493484E-01
-0.3737434E-01 -0.3108537E-01 -0.2585460E-01 -0.2150430E-01 -0.1788646E-01
-0.1487785E-01 -0.1237592E-01 -0.1029532E-01 -0.8565084E-02 -0.7126169E-02
-0.5929481E-02 -0.4934196E-02 -0.4106371E-02 -0.3417786E-02 -0.2844979E-02
-0.2368446E-02 -0.1971972E-02 -0.1642076E-02 -0.1367550E-02 -0.1139078E-02
-0.9489128E-03 -0.7906131E-03 -0.6588235E-03 -0.5490903E-03 -0.4577102E-03
-0.3816030E-03 -0.3182071E-03 -0.2653916E-03 -0.2213840E-03 -0.1847096E-03
-0.1541413E-03 -0.1286583E-03 -0.1074108E-03 -0.8969163E-04 -0.7491218E-04
-0.6258235E-04 -0.5229411E-04 -0.4370767E-04 -0.3654003E-04 -0.3055549E-04
-0.2555766E-04 -0.2138291E-04 -0.1789489E-04 -0.1497995E-04 -0.1254334E-04
-0.1050606E-04 -0.8802232E-05 -0.7376910E-05 -0.6184253E-05 -0.5186011E-05
-0.4350260E-05 -0.3650354E-05 -0.3064042E-05 -0.2572745E-05 -0.2160941E-05
-0.1815664E-05 -0.1526076E-05 -0.1283118E-05 -0.1079218E-05 -0.9080400E-06
-0.7642858E-06 -0.6435217E-06 -0.5420364E-06 -0.4567230E-06 -0.3849796E-06
-0.3246266E-06 -0.2738374E-06 -0.2310813E-06 -0.1950747E-06 -0.1647409E-06
-0.1391769E-06 -0.1176247E-06 -0.9944789E-07 -0.8411209E-07 -0.7116840E-07
-0.6023954E-07 -0.5100840E-07 -0.4320826E-07 -0.3661479E-07 -0.3103918E-07
-0.2632251E-07 -0.2233093E-07 -0.1895168E-07 -0.1608974E-07 -0.1366500E-07
-0.1160989E-07 -0.9867405E-08 -0.8389439E-08 -0.7135368E-08 -0.6070880E-08
-0.5166981E-08 -0.4399166E-08 -0.3746710E-08 -0.3192082E-08 -0.2720448E-08
-0.2319246E-08 -0.1977840E-08 -0.1687218E-08 -0.1439743E-08 -0.1228937E-08
-0.1049309E-08 -0.8961971E-09 -0.7656455E-09 -0.6542950E-09 -0.5592921E-09
-0.4782120E-09 -0.4089937E-09 -0.3498844E-09 -0.2993932E-09 -0.2562513E-09
-0.2193788E-09 -0.1878561E-09 -0.1608997E-09 -0.1378423E-09 -0.1181148E-09
 0.0000000E+00 0.0000000E+00 0.0000000E+00 0.0000000E+00 0.0000000E+00
 0.0000000E+00 0.0000000E+00 0.0000000E+00 0.0000000E+00 0.0000000E+00
 0.0000000E+00 0.0000000E+00 0.0000000E+00 0.0000000E+00 0.0000000E+00
 0.0000000E+00 0.0000000E+00 0.0000000E+00 0.0000000E+00 0.0000000E+00
 0.0000000E+00 0.0000000E+00 0.0000000E+00 0.0000000E+00 0.0000000E+00
 0.0000000E+00 0.0000000E+00 0.0000000E+00 0.0000000E+00 0.0000000E+00
 0.0000000E+00 0.0000000E+00 0.0000000E+00 0.0000000E+00 0.0000000E+00
 0.0000000E+00 0.0000000E+00 0.0000000E+00 0.0000000E+00 0.0000000E+00
 0.0000000E+00 0.0000000E+00 0.0000000E+00 0.0000000E+00 0.0000000E+00
 0.0000000E+00 0.0000000E+00 0.0000000E+00 0.0000000E+00 0.0000000E+00
 0.0000000E+00 0.0000000E+00 0.0000000E+00 0.0000000E+00 0.0000000E+00
 0.0000000E+00 0.0000000E+00 0.0000000E+00 0.0000000E+00 0.0000000E+00
 0.0000000E+00 0.0000000E+00 0.0000000E+00 0.0000000E+00 0.0000000E+00
 0.0000000E+00 0.0000000E+00 0.0000000E+00 0.0000000E+00 0.0000000E+00
 0.0000000E+00 0.0000000E+00 0.0000000E+00 0.0000000E+00 0.0000000E+00
 0.0000000E+00 0.0000000E+00 0.0000000E+00 0.0000000E+00 0.0000000E+00
 0.0000000E+00 0.0000000E+00 0.0000000E+00 0.0000000E+00 0.0000000E+00
 0.0000000E+00 0.0000000E+00 0.0000000E+00 0.0000000E+00 0.0000000E+00
 0.0000000E+00 0.0000000E+00 0.0000000E+00 0.0000000E+00 0.0000000E+00
 0.0000000E+00 0.0000000E+00 0.0000000E+00 0.0000000E+00 0.0000000E+00
 0.0000000E+00 0.0000000E+00 0.0000000E+00 0.0000000E+00 0.0000000E+00
 0.0000000E+00 0.0000000E+00 0.0000000E+00 0.0000000E+00 0.0000000E+00
 0.0000000E+00 0.0000000E+00 0.0000000E+00 0.0000000E+00 0.0000000E+00
 0.0000000E+00 0.0000000E+00 0.0000000E+00 0.0000000E+00 0.0000000E+00
 0.0000000E+00 0.0000000E+00 0.0000000E+00