# 181 angles,  1 tensor ranks for 0=projectile
@subtitle   "7Li(d,p) @ 7.5AMeV ADWA (d) + KD (p)"                                          
@legend ON
@legend x1 0.2
@legend y1 0.8
@g0 type LOGY
@yaxis ticklabel format power
@legend string   0 "Lab energy =   14.5311"
#legend string   0 "Partition=  1 Excit=  1 near/far= 1"
#  Theta       sigma       iT11        T20         T21         T22         Kyy for projectile
  0.1000E-01  0.1578E+16
   1.000      0.1553E+08
   2.000      0.9315E+06
   3.000      0.1736E+06
   4.000      0.5136E+05
   5.000      0.1969E+05
   6.000       9018.    
   7.000       4769.    
   8.000       2868.    
   9.000       1939.    
   10.00       1452.    
   11.00       1179.    
   12.00       1015.    
   13.00       907.8    
   14.00       831.9    
   15.00       773.0    
   16.00       723.6    
   17.00       679.4    
   18.00       638.2    
   19.00       598.7    
   20.00       560.4    
   21.00       522.9    
   22.00       486.1    
   23.00       450.2    
   24.00       415.3    
   25.00       381.3    
   26.00       348.6    
   27.00       317.2    
   28.00       287.2    
   29.00       258.8    
   30.00       232.0    
   31.00       206.8    
   32.00       183.3    
   33.00       161.5    
   34.00       141.4    
   35.00       123.0    
   36.00       106.2    
   37.00       91.01    
   38.00       77.36    
   39.00       65.18    
   40.00       54.39    
   41.00       44.90    
   42.00       36.63    
   43.00       29.49    
   44.00       23.38    
   45.00       18.22    
   46.00       13.91    
   47.00       10.37    
   48.00       7.512    
   49.00       5.252    
   50.00       3.514    
   51.00       2.224    
   52.00       1.316    
   53.00      0.7262    
   54.00      0.3983    
   55.00      0.2805    
   56.00      0.3268    
   57.00      0.4964    
   58.00      0.7536    
   59.00       1.068    
   60.00       1.413    
   61.00       1.766    
   62.00       2.112    
   63.00       2.434    
   64.00       2.723    
   65.00       2.971    
   66.00       3.173    
   67.00       3.325    
   68.00       3.427    
   69.00       3.480    
   70.00       3.485    
   71.00       3.445    
   72.00       3.365    
   73.00       3.249    
   74.00       3.102    
   75.00       2.930    
   76.00       2.736    
   77.00       2.527    
   78.00       2.307    
   79.00       2.081    
   80.00       1.854    
   81.00       1.629    
   82.00       1.411    
   83.00       1.202    
   84.00       1.006    
   85.00      0.8242    
   86.00      0.6595    
   87.00      0.5133    
   88.00      0.3868    
   89.00      0.2809    
   90.00      0.1961    
   91.00      0.1327    
   92.00      0.9073E-01
   93.00      0.6999E-01
   94.00      0.7003E-01
   95.00      0.9022E-01
   96.00      0.1298    
   97.00      0.1878    
   98.00      0.2632    
   99.00      0.3549    
   100.0      0.4615    
   101.0      0.5819    
   102.0      0.7145    
   103.0      0.8579    
   104.0       1.011    
   105.0       1.171    
   106.0       1.338    
   107.0       1.509    
   108.0       1.683    
   109.0       1.858    
   110.0       2.032    
   111.0       2.204    
   112.0       2.372    
   113.0       2.534    
   114.0       2.688    
   115.0       2.833    
   116.0       2.968    
   117.0       3.090    
   118.0       3.199    
   119.0       3.292    
   120.0       3.370    
   121.0       3.430    
   122.0       3.472    
   123.0       3.495    
   124.0       3.499    
   125.0       3.483    
   126.0       3.448    
   127.0       3.393    
   128.0       3.320    
   129.0       3.228    
   130.0       3.118    
   131.0       2.993    
   132.0       2.852    
   133.0       2.699    
   134.0       2.534    
   135.0       2.361    
   136.0       2.181    
   137.0       1.996    
   138.0       1.810    
   139.0       1.624    
   140.0       1.443    
   141.0       1.268    
   142.0       1.102    
   143.0      0.9478    
   144.0      0.8087    
   145.0      0.6867    
   146.0      0.5844    
   147.0      0.5038    
   148.0      0.4468    
   149.0      0.4153    
   150.0      0.4105    
   151.0      0.4336    
   152.0      0.4852    
   153.0      0.5657    
   154.0      0.6750    
   155.0      0.8128    
   156.0      0.9784    
   157.0       1.170    
   158.0       1.387    
   159.0       1.628    
   160.0       1.888    
   161.0       2.168    
   162.0       2.462    
   163.0       2.770    
   164.0       3.086    
   165.0       3.407    
   166.0       3.731    
   167.0       4.053    
   168.0       4.370    
   169.0       4.678    
   170.0       4.973    
   171.0       5.252    
   172.0       5.512    
   173.0       5.749    
   174.0       5.961    
   175.0       6.144    
   176.0       6.298    
   177.0       6.419    
   178.0       6.507    
   179.0       6.560    
   180.0       6.577    
 END
