# Fusion cross sections for ELAB=  14.531, ECM=  11.290
     0.5   16.54      1
     0.5   34.53     -1
     1.5   54.12      1
     1.5   108.6     -1
     2.5   80.24      1
     2.5   170.4     -1
     3.5   83.54      1
     3.5   165.2     -1
     4.5   48.98      1
     4.5   114.3     -1
     5.5   27.07      1
     5.5   44.60     -1
     6.5  -5.699      1
     6.5  -9.144     -1
     7.5  -10.46      1
     7.5  -14.17     -1
     8.5  -1.907      1
     8.5  -6.562     -1
     9.5  -2.166      1
     9.5  -3.089     -1
    10.5 -0.5174      1
    10.5  -1.555     -1
    11.5 -0.6097      1
    11.5  -1.074     -1
    12.5 -0.3893      1
    12.5 -0.9315     -1
    13.5 -0.4120      1
    13.5 -0.6653     -1
    14.5 -0.2630      1
    14.5 -0.5562     -1
    15.5 -0.2546      1
    15.5 -0.5380     -1
    16.5 -0.5097E-01  1
    16.5 -0.3394     -1
    17.5 -0.7621E-01  1
    17.5 -0.1630     -1
    18.5 -0.1073      1
    18.5 -0.2018     -1
    19.5 -0.1069      1
    19.5 -0.1376     -1
    20.5 -0.1317E-02  1
    20.5 -0.3195E-01 -1
    21.5 -0.1546E-02  1
    21.5 -0.2386E-02 -1
    22.5 -0.9197E-03  1
    22.5 -0.1838E-02 -1
    23.5 -0.9253E-03  1
    23.5 -0.1233E-02 -1
    24.5 -0.5656E-04  1
    24.5 -0.3619E-03 -1
    25.5 -0.5582E-04  1
    25.5 -0.6264E-04 -1
    26.5 -0.5890E-06  1
    26.5 -0.7303E-05 -1
    27.5 -0.5775E-06  1
    27.5 -0.6157E-06 -1
    28.5 -0.1920E-08  1
    28.5 -0.3924E-07 -1
    29.5 -0.1874E-08  1
    29.5 -0.1950E-08 -1
    30.5 -0.2415E-11  1
    30.5 -0.7684E-10 -1
    31.5 -0.2299E-11  1
    31.5 -0.1926E-11 -1
    32.5  0.2255E-12  1
    32.5  0.3421E-12 -1
    33.5 -0.1450E-14  1
    33.5  0.9207E-13 -1
    34.5 -0.1926E-12  1
    34.5  0.9627E-13 -1
    35.5  0.1981E-12  1
    35.5  0.4953E-12 -1
    36.5 -0.1018E-12  1
    36.5  0.5090E-13 -1
    37.5  0.1046E-12  1
    37.5  0.3137E-12 -1
    38.5  0.5365E-13  1
    38.5  0.2146E-12 -1
    39.5  0.1101E-12  1
    39.5  0.1101E-12 -1
    40.5  0.2256E-12  1
    40.5  0.2820E-12 -1
 &
