# Fusion cross sections for ELAB=  14.531, ECM=  11.290
     0.5   34.90       35.79      0.8811    
     1.5   110.4       115.0       4.635    
     2.5   175.1       187.3       12.21    
     3.5   175.2       199.6       24.33    
     4.5   129.2       168.6       39.42    
     5.5   58.39       109.2       50.79    
     6.5   6.574       52.17       45.60    
     7.5  -6.909       14.72       21.63    
     8.5  -4.645       3.602       8.247    
     9.5  -2.629      0.9089       3.538    
    10.5  -1.472      0.2323       1.704    
    11.5  -1.093      0.5942E-01   1.153    
    12.5 -0.9776      0.1515E-01  0.9928    
    13.5 -0.7041      0.3848E-02  0.7080    
    14.5 -0.5907      0.9718E-03  0.5916    
    15.5 -0.5720      0.2436E-03  0.5723    
    16.5 -0.3610      0.6032E-04  0.3610    
    17.5 -0.1733      0.1461E-04  0.1733    
    18.5 -0.2146      0.3420E-05  0.2146    
    19.5 -0.1463      0.7622E-06  0.1463    
    20.5 -0.3398E-01  0.1596E-06  0.3398E-01
    21.5 -0.2537E-02  0.3110E-07  0.2537E-02
    22.5 -0.1954E-02  0.5597E-08  0.1954E-02
    23.5 -0.1311E-02  0.9270E-09  0.1311E-02
    24.5 -0.3849E-03  0.1414E-09  0.3849E-03
    25.5 -0.6662E-04  0.1971E-10  0.6662E-04
    26.5 -0.7766E-05  0.2563E-11  0.7766E-05
    27.5 -0.6547E-06  0.1117E-11  0.6547E-06
    28.5 -0.4173E-07  0.1596E-12  0.4173E-07
    29.5 -0.2075E-08 -0.4127E-12  0.2075E-08
    30.5 -0.8200E-10  0.3412E-12  0.8234E-10
 &
