# 181 angles,  1 tensor ranks for 0=projectile
@subtitle   "7Li(d,p) @ 7.5AMeV ADWA (d) + Watson (p)"                                      
@legend ON
@legend x1 0.2
@legend y1 0.8
@g0 type LOGY
@yaxis ticklabel format power
@legend string   0 "Lab energy =   14.5311"
#legend string   0 "Partition=  2 Excit=  4 near/far= 1"
#  Theta       sigma       iT11        T20         T21         T22         Kyy for projectile
   0.000       68.90    
   1.000       68.76    
   2.000       68.34    
   3.000       67.63    
   4.000       66.63    
   5.000       65.34    
   6.000       63.74    
   7.000       61.83    
   8.000       59.62    
   9.000       57.11    
   10.00       54.32    
   11.00       51.27    
   12.00       48.01    
   13.00       44.59    
   14.00       41.06    
   15.00       37.50    
   16.00       33.98    
   17.00       30.57    
   18.00       27.33    
   19.00       24.34    
   20.00       21.63    
   21.00       19.22    
   22.00       17.13    
   23.00       15.36    
   24.00       13.87    
   25.00       12.64    
   26.00       11.63    
   27.00       10.80    
   28.00       10.10    
   29.00       9.512    
   30.00       8.990    
   31.00       8.508    
   32.00       8.041    
   33.00       7.571    
   34.00       7.083    
   35.00       6.573    
   36.00       6.043    
   37.00       5.504    
   38.00       4.973    
   39.00       4.472    
   40.00       4.026    
   41.00       3.653    
   42.00       3.366    
   43.00       3.169    
   44.00       3.054    
   45.00       3.005    
   46.00       2.999    
   47.00       3.012    
   48.00       3.020    
   49.00       3.005    
   50.00       2.956    
   51.00       2.871    
   52.00       2.755    
   53.00       2.615    
   54.00       2.464    
   55.00       2.315    
   56.00       2.178    
   57.00       2.060    
   58.00       1.969    
   59.00       1.908    
   60.00       1.878    
   61.00       1.879    
   62.00       1.907    
   63.00       1.960    
   64.00       2.031    
   65.00       2.112    
   66.00       2.194    
   67.00       2.267    
   68.00       2.323    
   69.00       2.354    
   70.00       2.354    
   71.00       2.321    
   72.00       2.257    
   73.00       2.165    
   74.00       2.052    
   75.00       1.927    
   76.00       1.796    
   77.00       1.667    
   78.00       1.546    
   79.00       1.437    
   80.00       1.343    
   81.00       1.263    
   82.00       1.197    
   83.00       1.143    
   84.00       1.100    
   85.00       1.064    
   86.00       1.034    
   87.00       1.008    
   88.00      0.9830    
   89.00      0.9586    
   90.00      0.9331    
   91.00      0.9054    
   92.00      0.8750    
   93.00      0.8414    
   94.00      0.8049    
   95.00      0.7658    
   96.00      0.7250    
   97.00      0.6836    
   98.00      0.6430    
   99.00      0.6044    
   100.0      0.5690    
   101.0      0.5378    
   102.0      0.5113    
   103.0      0.4900    
   104.0      0.4735    
   105.0      0.4614    
   106.0      0.4530    
   107.0      0.4474    
   108.0      0.4437    
   109.0      0.4409    
   110.0      0.4383    
   111.0      0.4353    
   112.0      0.4316    
   113.0      0.4269    
   114.0      0.4213    
   115.0      0.4152    
   116.0      0.4088    
   117.0      0.4025    
   118.0      0.3968    
   119.0      0.3922    
   120.0      0.3890    
   121.0      0.3877    
   122.0      0.3884    
   123.0      0.3914    
   124.0      0.3967    
   125.0      0.4044    
   126.0      0.4144    
   127.0      0.4267    
   128.0      0.4410    
   129.0      0.4573    
   130.0      0.4753    
   131.0      0.4948    
   132.0      0.5157    
   133.0      0.5376    
   134.0      0.5605    
   135.0      0.5841    
   136.0      0.6082    
   137.0      0.6329    
   138.0      0.6578    
   139.0      0.6828    
   140.0      0.7080    
   141.0      0.7333    
   142.0      0.7585    
   143.0      0.7837    
   144.0      0.8089    
   145.0      0.8339    
   146.0      0.8590    
   147.0      0.8839    
   148.0      0.9089    
   149.0      0.9338    
   150.0      0.9588    
   151.0      0.9838    
   152.0       1.009    
   153.0       1.034    
   154.0       1.059    
   155.0       1.084    
   156.0       1.109    
   157.0       1.134    
   158.0       1.158    
   159.0       1.183    
   160.0       1.207    
   161.0       1.231    
   162.0       1.255    
   163.0       1.278    
   164.0       1.300    
   165.0       1.322    
   166.0       1.343    
   167.0       1.363    
   168.0       1.382    
   169.0       1.399    
   170.0       1.416    
   171.0       1.431    
   172.0       1.445    
   173.0       1.458    
   174.0       1.469    
   175.0       1.478    
   176.0       1.486    
   177.0       1.492    
   178.0       1.497    
   179.0       1.499    
   180.0       1.500    
 END
