# 181 angles,  1 tensor ranks for 0=projectile
@subtitle   "7Li(d,p) @ 7.5AMeV ADWA (d) + Watson (p)"                                      
@legend ON
@legend x1 0.2
@legend y1 0.8
@g0 type LOGY
@yaxis ticklabel format power
@xaxis label "Scattering angle (degrees)"
@yaxis label "Cross section (mb/sr)"
@legend string   0 "Partition=  1 Excit=  1 near/far= 1"
#legend string   0 "Lab energy =   14.5311"
@s0 linestyle   1
#  Theta       sigma       iT11        T20         T21         T22         Kyy for projectile
  0.1000E-01  0.1578E+16
   1.000      0.1552E+08
   2.000      0.9318E+06
   3.000      0.1742E+06
   4.000      0.5191E+05
   5.000      0.2015E+05
   6.000       9409.    
   7.000       5101.    
   8.000       3154.    
   9.000       2188.    
   10.00       1670.    
   11.00       1371.    
   12.00       1184.    
   13.00       1057.    
   14.00       963.0    
   15.00       888.3    
   16.00       824.5    
   17.00       767.3    
   18.00       714.2    
   19.00       663.8    
   20.00       615.5    
   21.00       568.9    
   22.00       523.9    
   23.00       480.5    
   24.00       438.8    
   25.00       398.9    
   26.00       360.8    
   27.00       324.7    
   28.00       290.6    
   29.00       258.7    
   30.00       228.9    
   31.00       201.3    
   32.00       175.8    
   33.00       152.5    
   34.00       131.3    
   35.00       112.1    
   36.00       94.95    
   37.00       79.64    
   38.00       66.11    
   39.00       54.26    
   40.00       43.97    
   41.00       35.13    
   42.00       27.62    
   43.00       21.32    
   44.00       16.11    
   45.00       11.87    
   46.00       8.498    
   47.00       5.880    
   48.00       3.915    
   49.00       2.508    
   50.00       1.569    
   51.00       1.017    
   52.00      0.7773    
   53.00      0.7832    
   54.00      0.9750    
   55.00       1.300    
   56.00       1.714    
   57.00       2.177    
   58.00       2.658    
   59.00       3.129    
   60.00       3.570    
   61.00       3.965    
   62.00       4.301    
   63.00       4.571    
   64.00       4.771    
   65.00       4.899    
   66.00       4.956    
   67.00       4.946    
   68.00       4.872    
   69.00       4.741    
   70.00       4.559    
   71.00       4.334    
   72.00       4.074    
   73.00       3.786    
   74.00       3.478    
   75.00       3.157    
   76.00       2.831    
   77.00       2.505    
   78.00       2.186    
   79.00       1.878    
   80.00       1.586    
   81.00       1.314    
   82.00       1.065    
   83.00      0.8406    
   84.00      0.6428    
   85.00      0.4726    
   86.00      0.3307    
   87.00      0.2169    
   88.00      0.1309    
   89.00      0.7162E-01
   90.00      0.3800E-01
   91.00      0.2855E-01
   92.00      0.4158E-01
   93.00      0.7523E-01
   94.00      0.1275    
   95.00      0.1964    
   96.00      0.2799    
   97.00      0.3757    
   98.00      0.4820    
   99.00      0.5966    
   100.0      0.7176    
   101.0      0.8432    
   102.0      0.9717    
   103.0       1.101    
   104.0       1.231    
   105.0       1.359    
   106.0       1.483    
   107.0       1.604    
   108.0       1.719    
   109.0       1.829    
   110.0       1.931    
   111.0       2.025    
   112.0       2.111    
   113.0       2.188    
   114.0       2.255    
   115.0       2.312    
   116.0       2.359    
   117.0       2.395    
   118.0       2.420    
   119.0       2.434    
   120.0       2.437    
   121.0       2.429    
   122.0       2.409    
   123.0       2.379    
   124.0       2.338    
   125.0       2.287    
   126.0       2.226    
   127.0       2.155    
   128.0       2.076    
   129.0       1.988    
   130.0       1.893    
   131.0       1.791    
   132.0       1.684    
   133.0       1.572    
   134.0       1.457    
   135.0       1.339    
   136.0       1.221    
   137.0       1.102    
   138.0      0.9854    
   139.0      0.8713    
   140.0      0.7615    
   141.0      0.6573    
   142.0      0.5601    
   143.0      0.4710    
   144.0      0.3914    
   145.0      0.3224    
   146.0      0.2652    
   147.0      0.2205    
   148.0      0.1894    
   149.0      0.1725    
   150.0      0.1704    
   151.0      0.1834    
   152.0      0.2118    
   153.0      0.2557    
   154.0      0.3149    
   155.0      0.3891    
   156.0      0.4777    
   157.0      0.5801    
   158.0      0.6954    
   159.0      0.8225    
   160.0      0.9603    
   161.0       1.107    
   162.0       1.262    
   163.0       1.423    
   164.0       1.588    
   165.0       1.756    
   166.0       1.925    
   167.0       2.093    
   168.0       2.258    
   169.0       2.417    
   170.0       2.571    
   171.0       2.715    
   172.0       2.850    
   173.0       2.972    
   174.0       3.082    
   175.0       3.176    
   176.0       3.256    
   177.0       3.318    
   178.0       3.364    
   179.0       3.391    
   180.0       3.400    
 END
@legend string   1 "Partition=  2 Excit=  1 near/far= 1"
#legend string   0 "Lab energy =   14.5311"
@s1 linestyle   2
#  Theta       sigma       iT11        T20         T21         T22         Kyy for projectile
   0.000       32.62    
   1.000       32.61    
   2.000       32.60    
   3.000       32.56    
   4.000       32.51    
   5.000       32.41    
   6.000       32.28    
   7.000       32.09    
   8.000       31.83    
   9.000       31.50    
   10.00       31.08    
   11.00       30.56    
   12.00       29.94    
   13.00       29.23    
   14.00       28.41    
   15.00       27.49    
   16.00       26.48    
   17.00       25.40    
   18.00       24.23    
   19.00       23.01    
   20.00       21.74    
   21.00       20.44    
   22.00       19.12    
   23.00       17.79    
   24.00       16.47    
   25.00       15.17    
   26.00       13.90    
   27.00       12.68    
   28.00       11.50    
   29.00       10.39    
   30.00       9.333    
   31.00       8.348    
   32.00       7.433    
   33.00       6.590    
   34.00       5.819    
   35.00       5.121    
   36.00       4.493    
   37.00       3.934    
   38.00       3.441    
   39.00       3.011    
   40.00       2.641    
   41.00       2.326    
   42.00       2.063    
   43.00       1.847    
   44.00       1.674    
   45.00       1.540    
   46.00       1.440    
   47.00       1.369    
   48.00       1.325    
   49.00       1.302    
   50.00       1.297    
   51.00       1.306    
   52.00       1.327    
   53.00       1.356    
   54.00       1.392    
   55.00       1.430    
   56.00       1.471    
   57.00       1.511    
   58.00       1.550    
   59.00       1.586    
   60.00       1.618    
   61.00       1.646    
   62.00       1.669    
   63.00       1.686    
   64.00       1.697    
   65.00       1.701    
   66.00       1.700    
   67.00       1.692    
   68.00       1.679    
   69.00       1.660    
   70.00       1.635    
   71.00       1.606    
   72.00       1.572    
   73.00       1.534    
   74.00       1.492    
   75.00       1.448    
   76.00       1.402    
   77.00       1.354    
   78.00       1.304    
   79.00       1.254    
   80.00       1.204    
   81.00       1.153    
   82.00       1.104    
   83.00       1.055    
   84.00       1.007    
   85.00      0.9607    
   86.00      0.9161    
   87.00      0.8734    
   88.00      0.8327    
   89.00      0.7942    
   90.00      0.7580    
   91.00      0.7243    
   92.00      0.6930    
   93.00      0.6642    
   94.00      0.6379    
   95.00      0.6140    
   96.00      0.5927    
   97.00      0.5737    
   98.00      0.5570    
   99.00      0.5425    
   100.0      0.5301    
   101.0      0.5197    
   102.0      0.5111    
   103.0      0.5043    
   104.0      0.4990    
   105.0      0.4952    
   106.0      0.4927    
   107.0      0.4913    
   108.0      0.4910    
   109.0      0.4916    
   110.0      0.4930    
   111.0      0.4951    
   112.0      0.4978    
   113.0      0.5009    
   114.0      0.5045    
   115.0      0.5084    
   116.0      0.5126    
   117.0      0.5170    
   118.0      0.5216    
   119.0      0.5262    
   120.0      0.5310    
   121.0      0.5358    
   122.0      0.5406    
   123.0      0.5455    
   124.0      0.5505    
   125.0      0.5554    
   126.0      0.5604    
   127.0      0.5655    
   128.0      0.5707    
   129.0      0.5760    
   130.0      0.5814    
   131.0      0.5871    
   132.0      0.5929    
   133.0      0.5990    
   134.0      0.6054    
   135.0      0.6121    
   136.0      0.6192    
   137.0      0.6266    
   138.0      0.6345    
   139.0      0.6429    
   140.0      0.6518    
   141.0      0.6612    
   142.0      0.6711    
   143.0      0.6816    
   144.0      0.6926    
   145.0      0.7042    
   146.0      0.7164    
   147.0      0.7291    
   148.0      0.7423    
   149.0      0.7561    
   150.0      0.7704    
   151.0      0.7851    
   152.0      0.8002    
   153.0      0.8157    
   154.0      0.8315    
   155.0      0.8476    
   156.0      0.8639    
   157.0      0.8804    
   158.0      0.8969    
   159.0      0.9134    
   160.0      0.9299    
   161.0      0.9462    
   162.0      0.9623    
   163.0      0.9781    
   164.0      0.9935    
   165.0       1.008    
   166.0       1.023    
   167.0       1.037    
   168.0       1.050    
   169.0       1.062    
   170.0       1.074    
   171.0       1.084    
   172.0       1.094    
   173.0       1.103    
   174.0       1.110    
   175.0       1.117    
   176.0       1.122    
   177.0       1.126    
   178.0       1.129    
   179.0       1.131    
   180.0       1.132    
 END
@legend string   2 "Partition=  2 Excit=  2 near/far= 1"
#legend string   0 "Lab energy =   14.5311"
@s2 linestyle   3
#  Theta       sigma       iT11        T20         T21         T22         Kyy for projectile
   0.000       24.72    
   1.000       24.69    
   2.000       24.59    
   3.000       24.44    
   4.000       24.22    
   5.000       23.93    
   6.000       23.59    
   7.000       23.17    
   8.000       22.69    
   9.000       22.15    
   10.00       21.55    
   11.00       20.88    
   12.00       20.16    
   13.00       19.39    
   14.00       18.57    
   15.00       17.71    
   16.00       16.82    
   17.00       15.90    
   18.00       14.97    
   19.00       14.03    
   20.00       13.09    
   21.00       12.16    
   22.00       11.26    
   23.00       10.38    
   24.00       9.526    
   25.00       8.714    
   26.00       7.944    
   27.00       7.219    
   28.00       6.539    
   29.00       5.907    
   30.00       5.321    
   31.00       4.782    
   32.00       4.288    
   33.00       3.837    
   34.00       3.429    
   35.00       3.060    
   36.00       2.729    
   37.00       2.435    
   38.00       2.175    
   39.00       1.948    
   40.00       1.752    
   41.00       1.585    
   42.00       1.445    
   43.00       1.329    
   44.00       1.235    
   45.00       1.161    
   46.00       1.104    
   47.00       1.063    
   48.00       1.033    
   49.00       1.014    
   50.00       1.002    
   51.00      0.9973    
   52.00      0.9968    
   53.00      0.9997    
   54.00       1.005    
   55.00       1.011    
   56.00       1.019    
   57.00       1.026    
   58.00       1.033    
   59.00       1.040    
   60.00       1.045    
   61.00       1.050    
   62.00       1.052    
   63.00       1.053    
   64.00       1.052    
   65.00       1.048    
   66.00       1.041    
   67.00       1.031    
   68.00       1.018    
   69.00       1.003    
   70.00      0.9843    
   71.00      0.9631    
   72.00      0.9394    
   73.00      0.9137    
   74.00      0.8862    
   75.00      0.8573    
   76.00      0.8275    
   77.00      0.7969    
   78.00      0.7660    
   79.00      0.7351    
   80.00      0.7044    
   81.00      0.6741    
   82.00      0.6443    
   83.00      0.6153    
   84.00      0.5870    
   85.00      0.5595    
   86.00      0.5330    
   87.00      0.5074    
   88.00      0.4828    
   89.00      0.4592    
   90.00      0.4368    
   91.00      0.4155    
   92.00      0.3953    
   93.00      0.3764    
   94.00      0.3587    
   95.00      0.3423    
   96.00      0.3272    
   97.00      0.3135    
   98.00      0.3010    
   99.00      0.2898    
   100.0      0.2799    
   101.0      0.2711    
   102.0      0.2635    
   103.0      0.2570    
   104.0      0.2515    
   105.0      0.2469    
   106.0      0.2432    
   107.0      0.2402    
   108.0      0.2380    
   109.0      0.2364    
   110.0      0.2354    
   111.0      0.2349    
   112.0      0.2349    
   113.0      0.2354    
   114.0      0.2363    
   115.0      0.2375    
   116.0      0.2391    
   117.0      0.2411    
   118.0      0.2433    
   119.0      0.2459    
   120.0      0.2488    
   121.0      0.2519    
   122.0      0.2553    
   123.0      0.2589    
   124.0      0.2628    
   125.0      0.2670    
   126.0      0.2713    
   127.0      0.2759    
   128.0      0.2807    
   129.0      0.2858    
   130.0      0.2910    
   131.0      0.2965    
   132.0      0.3022    
   133.0      0.3082    
   134.0      0.3144    
   135.0      0.3208    
   136.0      0.3275    
   137.0      0.3345    
   138.0      0.3417    
   139.0      0.3492    
   140.0      0.3571    
   141.0      0.3652    
   142.0      0.3736    
   143.0      0.3823    
   144.0      0.3913    
   145.0      0.4007    
   146.0      0.4103    
   147.0      0.4202    
   148.0      0.4304    
   149.0      0.4408    
   150.0      0.4515    
   151.0      0.4624    
   152.0      0.4735    
   153.0      0.4848    
   154.0      0.4962    
   155.0      0.5077    
   156.0      0.5192    
   157.0      0.5308    
   158.0      0.5424    
   159.0      0.5539    
   160.0      0.5653    
   161.0      0.5765    
   162.0      0.5875    
   163.0      0.5983    
   164.0      0.6088    
   165.0      0.6189    
   166.0      0.6287    
   167.0      0.6380    
   168.0      0.6468    
   169.0      0.6551    
   170.0      0.6628    
   171.0      0.6699    
   172.0      0.6763    
   173.0      0.6821    
   174.0      0.6872    
   175.0      0.6915    
   176.0      0.6951    
   177.0      0.6979    
   178.0      0.6999    
   179.0      0.7011    
   180.0      0.7016    
 END
@legend string   3 "Partition=  2 Excit=  3 near/far= 1"
#legend string   0 "Lab energy =   14.5311"
@s3 linestyle   4
#  Theta       sigma       iT11        T20         T21         T22         Kyy for projectile
   0.000       65.98    
   1.000       65.85    
   2.000       65.48    
   3.000       64.84    
   4.000       63.95    
   5.000       62.81    
   6.000       61.40    
   7.000       59.75    
   8.000       57.84    
   9.000       55.68    
   10.00       53.30    
   11.00       50.71    
   12.00       47.94    
   13.00       45.03    
   14.00       42.00    
   15.00       38.93    
   16.00       35.84    
   17.00       32.80    
   18.00       29.86    
   19.00       27.07    
   20.00       24.46    
   21.00       22.06    
   22.00       19.89    
   23.00       17.96    
   24.00       16.26    
   25.00       14.78    
   26.00       13.50    
   27.00       12.38    
   28.00       11.41    
   29.00       10.56    
   30.00       9.788    
   31.00       9.086    
   32.00       8.429    
   33.00       7.805    
   34.00       7.201    
   35.00       6.615    
   36.00       6.047    
   37.00       5.503    
   38.00       4.991    
   39.00       4.524    
   40.00       4.111    
   41.00       3.762    
   42.00       3.482    
   43.00       3.270    
   44.00       3.122    
   45.00       3.027    
   46.00       2.969    
   47.00       2.936    
   48.00       2.911    
   49.00       2.882    
   50.00       2.841    
   51.00       2.784    
   52.00       2.711    
   53.00       2.625    
   54.00       2.532    
   55.00       2.437    
   56.00       2.349    
   57.00       2.271    
   58.00       2.209    
   59.00       2.165    
   60.00       2.141    
   61.00       2.136    
   62.00       2.148    
   63.00       2.175    
   64.00       2.211    
   65.00       2.251    
   66.00       2.289    
   67.00       2.320    
   68.00       2.337    
   69.00       2.337    
   70.00       2.317    
   71.00       2.276    
   72.00       2.215    
   73.00       2.137    
   74.00       2.046    
   75.00       1.946    
   76.00       1.842    
   77.00       1.738    
   78.00       1.639    
   79.00       1.547    
   80.00       1.462    
   81.00       1.387    
   82.00       1.321    
   83.00       1.264    
   84.00       1.213    
   85.00       1.167    
   86.00       1.126    
   87.00       1.087    
   88.00       1.050    
   89.00       1.014    
   90.00      0.9770    
   91.00      0.9394    
   92.00      0.9006    
   93.00      0.8608    
   94.00      0.8201    
   95.00      0.7792    
   96.00      0.7386    
   97.00      0.6992    
   98.00      0.6616    
   99.00      0.6266    
   100.0      0.5948    
   101.0      0.5666    
   102.0      0.5423    
   103.0      0.5219    
   104.0      0.5051    
   105.0      0.4916    
   106.0      0.4809    
   107.0      0.4724    
   108.0      0.4656    
   109.0      0.4600    
   110.0      0.4551    
   111.0      0.4506    
   112.0      0.4462    
   113.0      0.4419    
   114.0      0.4377    
   115.0      0.4337    
   116.0      0.4301    
   117.0      0.4272    
   118.0      0.4251    
   119.0      0.4241    
   120.0      0.4245    
   121.0      0.4265    
   122.0      0.4302    
   123.0      0.4357    
   124.0      0.4431    
   125.0      0.4524    
   126.0      0.4636    
   127.0      0.4766    
   128.0      0.4913    
   129.0      0.5075    
   130.0      0.5253    
   131.0      0.5443    
   132.0      0.5645    
   133.0      0.5858    
   134.0      0.6079    
   135.0      0.6308    
   136.0      0.6543    
   137.0      0.6783    
   138.0      0.7028    
   139.0      0.7277    
   140.0      0.7529    
   141.0      0.7784    
   142.0      0.8041    
   143.0      0.8300    
   144.0      0.8561    
   145.0      0.8824    
   146.0      0.9089    
   147.0      0.9356    
   148.0      0.9624    
   149.0      0.9895    
   150.0       1.017    
   151.0       1.044    
   152.0       1.072    
   153.0       1.099    
   154.0       1.127    
   155.0       1.155    
   156.0       1.182    
   157.0       1.210    
   158.0       1.237    
   159.0       1.264    
   160.0       1.291    
   161.0       1.317    
   162.0       1.343    
   163.0       1.368    
   164.0       1.393    
   165.0       1.417    
   166.0       1.439    
   167.0       1.461    
   168.0       1.481    
   169.0       1.501    
   170.0       1.519    
   171.0       1.535    
   172.0       1.550    
   173.0       1.564    
   174.0       1.575    
   175.0       1.586    
   176.0       1.594    
   177.0       1.600    
   178.0       1.605    
   179.0       1.608    
   180.0       1.609    
 END
@legend string   4 "Partition=  2 Excit=  4 near/far= 1"
#legend string   0 "Lab energy =   14.5311"
@s4 linestyle   5
#  Theta       sigma       iT11        T20         T21         T22         Kyy for projectile
   0.000       68.90    
   1.000       68.76    
   2.000       68.34    
   3.000       67.63    
   4.000       66.63    
   5.000       65.34    
   6.000       63.74    
   7.000       61.83    
   8.000       59.62    
   9.000       57.11    
   10.00       54.32    
   11.00       51.27    
   12.00       48.01    
   13.00       44.59    
   14.00       41.06    
   15.00       37.50    
   16.00       33.98    
   17.00       30.57    
   18.00       27.33    
   19.00       24.34    
   20.00       21.63    
   21.00       19.22    
   22.00       17.13    
   23.00       15.36    
   24.00       13.87    
   25.00       12.64    
   26.00       11.63    
   27.00       10.80    
   28.00       10.10    
   29.00       9.512    
   30.00       8.990    
   31.00       8.508    
   32.00       8.041    
   33.00       7.571    
   34.00       7.083    
   35.00       6.573    
   36.00       6.043    
   37.00       5.504    
   38.00       4.973    
   39.00       4.472    
   40.00       4.026    
   41.00       3.653    
   42.00       3.366    
   43.00       3.169    
   44.00       3.054    
   45.00       3.005    
   46.00       2.999    
   47.00       3.012    
   48.00       3.020    
   49.00       3.005    
   50.00       2.956    
   51.00       2.871    
   52.00       2.755    
   53.00       2.615    
   54.00       2.464    
   55.00       2.315    
   56.00       2.178    
   57.00       2.060    
   58.00       1.969    
   59.00       1.908    
   60.00       1.878    
   61.00       1.879    
   62.00       1.907    
   63.00       1.960    
   64.00       2.031    
   65.00       2.112    
   66.00       2.194    
   67.00       2.267    
   68.00       2.323    
   69.00       2.354    
   70.00       2.354    
   71.00       2.321    
   72.00       2.257    
   73.00       2.165    
   74.00       2.052    
   75.00       1.927    
   76.00       1.796    
   77.00       1.667    
   78.00       1.546    
   79.00       1.437    
   80.00       1.343    
   81.00       1.263    
   82.00       1.197    
   83.00       1.143    
   84.00       1.100    
   85.00       1.064    
   86.00       1.034    
   87.00       1.008    
   88.00      0.9830    
   89.00      0.9586    
   90.00      0.9331    
   91.00      0.9054    
   92.00      0.8750    
   93.00      0.8414    
   94.00      0.8049    
   95.00      0.7658    
   96.00      0.7250    
   97.00      0.6836    
   98.00      0.6430    
   99.00      0.6044    
   100.0      0.5690    
   101.0      0.5378    
   102.0      0.5113    
   103.0      0.4900    
   104.0      0.4735    
   105.0      0.4614    
   106.0      0.4530    
   107.0      0.4474    
   108.0      0.4437    
   109.0      0.4409    
   110.0      0.4383    
   111.0      0.4353    
   112.0      0.4316    
   113.0      0.4269    
   114.0      0.4213    
   115.0      0.4152    
   116.0      0.4088    
   117.0      0.4025    
   118.0      0.3968    
   119.0      0.3922    
   120.0      0.3890    
   121.0      0.3877    
   122.0      0.3884    
   123.0      0.3914    
   124.0      0.3967    
   125.0      0.4044    
   126.0      0.4144    
   127.0      0.4267    
   128.0      0.4410    
   129.0      0.4573    
   130.0      0.4753    
   131.0      0.4948    
   132.0      0.5157    
   133.0      0.5376    
   134.0      0.5605    
   135.0      0.5841    
   136.0      0.6082    
   137.0      0.6329    
   138.0      0.6578    
   139.0      0.6828    
   140.0      0.7080    
   141.0      0.7333    
   142.0      0.7585    
   143.0      0.7837    
   144.0      0.8089    
   145.0      0.8339    
   146.0      0.8590    
   147.0      0.8839    
   148.0      0.9089    
   149.0      0.9338    
   150.0      0.9588    
   151.0      0.9838    
   152.0       1.009    
   153.0       1.034    
   154.0       1.059    
   155.0       1.084    
   156.0       1.109    
   157.0       1.134    
   158.0       1.158    
   159.0       1.183    
   160.0       1.207    
   161.0       1.231    
   162.0       1.255    
   163.0       1.278    
   164.0       1.300    
   165.0       1.322    
   166.0       1.343    
   167.0       1.363    
   168.0       1.382    
   169.0       1.399    
   170.0       1.416    
   171.0       1.431    
   172.0       1.445    
   173.0       1.458    
   174.0       1.469    
   175.0       1.478    
   176.0       1.486    
   177.0       1.492    
   178.0       1.497    
   179.0       1.499    
   180.0       1.500    
 END
@legend string   5 "Partition=  2 Excit=  5 near/far= 1"
#legend string   0 "Lab energy =   14.5311"
@s5 linestyle   1
#  Theta       sigma       iT11        T20         T21         T22         Kyy for projectile
   0.000       200.4    
   1.000       199.8    
   2.000       197.9    
   3.000       194.8    
   4.000       190.4    
   5.000       184.6    
   6.000       177.6    
   7.000       169.2    
   8.000       159.6    
   9.000       148.8    
   10.00       137.0    
   11.00       124.3    
   12.00       111.2    
   13.00       97.86    
   14.00       84.70    
   15.00       72.09    
   16.00       60.40    
   17.00       49.92    
   18.00       40.87    
   19.00       33.39    
   20.00       27.46    
   21.00       23.00    
   22.00       19.80    
   23.00       17.64    
   24.00       16.25    
   25.00       15.40    
   26.00       14.88    
   27.00       14.58    
   28.00       14.40    
   29.00       14.31    
   30.00       14.28    
   31.00       14.27    
   32.00       14.25    
   33.00       14.13    
   34.00       13.85    
   35.00       13.34    
   36.00       12.59    
   37.00       11.63    
   38.00       10.55    
   39.00       9.507    
   40.00       8.655    
   41.00       8.139    
   42.00       8.047    
   43.00       8.392    
   44.00       9.101    
   45.00       10.03    
   46.00       10.99    
   47.00       11.80    
   48.00       12.29    
   49.00       12.37    
   50.00       12.02    
   51.00       11.29    
   52.00       10.28    
   53.00       9.109    
   54.00       7.914    
   55.00       6.797    
   56.00       5.828    
   57.00       5.044    
   58.00       4.452    
   59.00       4.044    
   60.00       3.805    
   61.00       3.724    
   62.00       3.793    
   63.00       4.004    
   64.00       4.342    
   65.00       4.783    
   66.00       5.284    
   67.00       5.792    
   68.00       6.245    
   69.00       6.580    
   70.00       6.750    
   71.00       6.724    
   72.00       6.498    
   73.00       6.091    
   74.00       5.544    
   75.00       4.910    
   76.00       4.246    
   77.00       3.604    
   78.00       3.025    
   79.00       2.534    
   80.00       2.141    
   81.00       1.845    
   82.00       1.634    
   83.00       1.494    
   84.00       1.410    
   85.00       1.367    
   86.00       1.357    
   87.00       1.372    
   88.00       1.407    
   89.00       1.458    
   90.00       1.518    
   91.00       1.581    
   92.00       1.636    
   93.00       1.676    
   94.00       1.692    
   95.00       1.678    
   96.00       1.632    
   97.00       1.554    
   98.00       1.449    
   99.00       1.326    
   100.0       1.193    
   101.0       1.062    
   102.0      0.9414    
   103.0      0.8396    
   104.0      0.7614    
   105.0      0.7086    
   106.0      0.6804    
   107.0      0.6734    
   108.0      0.6824    
   109.0      0.7016    
   110.0      0.7249    
   111.0      0.7471    
   112.0      0.7641    
   113.0      0.7730    
   114.0      0.7725    
   115.0      0.7629    
   116.0      0.7452    
   117.0      0.7213    
   118.0      0.6937    
   119.0      0.6648    
   120.0      0.6369    
   121.0      0.6120    
   122.0      0.5916    
   123.0      0.5767    
   124.0      0.5680    
   125.0      0.5657    
   126.0      0.5699    
   127.0      0.5802    
   128.0      0.5965    
   129.0      0.6183    
   130.0      0.6454    
   131.0      0.6774    
   132.0      0.7142    
   133.0      0.7555    
   134.0      0.8012    
   135.0      0.8511    
   136.0      0.9050    
   137.0      0.9628    
   138.0       1.024    
   139.0       1.089    
   140.0       1.156    
   141.0       1.226    
   142.0       1.298    
   143.0       1.371    
   144.0       1.446    
   145.0       1.521    
   146.0       1.595    
   147.0       1.670    
   148.0       1.743    
   149.0       1.815    
   150.0       1.886    
   151.0       1.955    
   152.0       2.021    
   153.0       2.086    
   154.0       2.148    
   155.0       2.208    
   156.0       2.265    
   157.0       2.320    
   158.0       2.373    
   159.0       2.423    
   160.0       2.471    
   161.0       2.516    
   162.0       2.559    
   163.0       2.600    
   164.0       2.639    
   165.0       2.676    
   166.0       2.710    
   167.0       2.742    
   168.0       2.772    
   169.0       2.799    
   170.0       2.825    
   171.0       2.848    
   172.0       2.869    
   173.0       2.887    
   174.0       2.903    
   175.0       2.917    
   176.0       2.928    
   177.0       2.937    
   178.0       2.943    
   179.0       2.947    
   180.0       2.948    
 END
