# 181 angles,  1 tensor ranks for 0=projectile
@subtitle   "7Li(d,p) @ 7.5AMeV ADWA (d) + Watson (p)"                                      
@legend ON
@legend x1 0.2
@legend y1 0.8
@g0 type LOGY
@yaxis ticklabel format power
@legend string   0 "Lab energy =   14.5311"
#legend string   0 "Partition=  2 Excit=  2 near/far= 1"
#  Theta       sigma       iT11        T20         T21         T22         Kyy for projectile
   0.000       24.72    
   1.000       24.69    
   2.000       24.59    
   3.000       24.44    
   4.000       24.22    
   5.000       23.93    
   6.000       23.59    
   7.000       23.17    
   8.000       22.69    
   9.000       22.15    
   10.00       21.55    
   11.00       20.88    
   12.00       20.16    
   13.00       19.39    
   14.00       18.57    
   15.00       17.71    
   16.00       16.82    
   17.00       15.90    
   18.00       14.97    
   19.00       14.03    
   20.00       13.09    
   21.00       12.16    
   22.00       11.26    
   23.00       10.38    
   24.00       9.526    
   25.00       8.714    
   26.00       7.944    
   27.00       7.219    
   28.00       6.539    
   29.00       5.907    
   30.00       5.321    
   31.00       4.782    
   32.00       4.288    
   33.00       3.837    
   34.00       3.429    
   35.00       3.060    
   36.00       2.729    
   37.00       2.435    
   38.00       2.175    
   39.00       1.948    
   40.00       1.752    
   41.00       1.585    
   42.00       1.445    
   43.00       1.329    
   44.00       1.235    
   45.00       1.161    
   46.00       1.104    
   47.00       1.063    
   48.00       1.033    
   49.00       1.014    
   50.00       1.002    
   51.00      0.9973    
   52.00      0.9968    
   53.00      0.9997    
   54.00       1.005    
   55.00       1.011    
   56.00       1.019    
   57.00       1.026    
   58.00       1.033    
   59.00       1.040    
   60.00       1.045    
   61.00       1.050    
   62.00       1.052    
   63.00       1.053    
   64.00       1.052    
   65.00       1.048    
   66.00       1.041    
   67.00       1.031    
   68.00       1.018    
   69.00       1.003    
   70.00      0.9843    
   71.00      0.9631    
   72.00      0.9394    
   73.00      0.9137    
   74.00      0.8862    
   75.00      0.8573    
   76.00      0.8275    
   77.00      0.7969    
   78.00      0.7660    
   79.00      0.7351    
   80.00      0.7044    
   81.00      0.6741    
   82.00      0.6443    
   83.00      0.6153    
   84.00      0.5870    
   85.00      0.5595    
   86.00      0.5330    
   87.00      0.5074    
   88.00      0.4828    
   89.00      0.4592    
   90.00      0.4368    
   91.00      0.4155    
   92.00      0.3953    
   93.00      0.3764    
   94.00      0.3587    
   95.00      0.3423    
   96.00      0.3272    
   97.00      0.3135    
   98.00      0.3010    
   99.00      0.2898    
   100.0      0.2799    
   101.0      0.2711    
   102.0      0.2635    
   103.0      0.2570    
   104.0      0.2515    
   105.0      0.2469    
   106.0      0.2432    
   107.0      0.2402    
   108.0      0.2380    
   109.0      0.2364    
   110.0      0.2354    
   111.0      0.2349    
   112.0      0.2349    
   113.0      0.2354    
   114.0      0.2363    
   115.0      0.2375    
   116.0      0.2391    
   117.0      0.2411    
   118.0      0.2433    
   119.0      0.2459    
   120.0      0.2488    
   121.0      0.2519    
   122.0      0.2553    
   123.0      0.2589    
   124.0      0.2628    
   125.0      0.2670    
   126.0      0.2713    
   127.0      0.2759    
   128.0      0.2807    
   129.0      0.2858    
   130.0      0.2910    
   131.0      0.2965    
   132.0      0.3022    
   133.0      0.3082    
   134.0      0.3144    
   135.0      0.3208    
   136.0      0.3275    
   137.0      0.3345    
   138.0      0.3417    
   139.0      0.3492    
   140.0      0.3571    
   141.0      0.3652    
   142.0      0.3736    
   143.0      0.3823    
   144.0      0.3913    
   145.0      0.4007    
   146.0      0.4103    
   147.0      0.4202    
   148.0      0.4304    
   149.0      0.4408    
   150.0      0.4515    
   151.0      0.4624    
   152.0      0.4735    
   153.0      0.4848    
   154.0      0.4962    
   155.0      0.5077    
   156.0      0.5192    
   157.0      0.5308    
   158.0      0.5424    
   159.0      0.5539    
   160.0      0.5653    
   161.0      0.5765    
   162.0      0.5875    
   163.0      0.5983    
   164.0      0.6088    
   165.0      0.6189    
   166.0      0.6287    
   167.0      0.6380    
   168.0      0.6468    
   169.0      0.6551    
   170.0      0.6628    
   171.0      0.6699    
   172.0      0.6763    
   173.0      0.6821    
   174.0      0.6872    
   175.0      0.6915    
   176.0      0.6951    
   177.0      0.6979    
   178.0      0.6999    
   179.0      0.7011    
   180.0      0.7016    
 END
