# 181 angles,  1 tensor ranks for 0=projectile
@subtitle   "7Li(d,p) @ 7.5AMeV ADWA (d) + KD (p)"                                          
@legend ON
@legend x1 0.2
@legend y1 0.8
@g0 type LOGY
@yaxis ticklabel format power
@legend string   0 "Lab energy =   14.5311"
#legend string   0 "Partition=  2 Excit=  4 near/far= 1"
#  Theta       sigma       iT11        T20         T21         T22         Kyy for projectile
   0.000       66.26    
   1.000       66.13    
   2.000       65.73    
   3.000       65.05    
   4.000       64.10    
   5.000       62.86    
   6.000       61.33    
   7.000       59.51    
   8.000       57.39    
   9.000       54.98    
   10.00       52.30    
   11.00       49.38    
   12.00       46.25    
   13.00       42.96    
   14.00       39.56    
   15.00       36.14    
   16.00       32.75    
   17.00       29.47    
   18.00       26.37    
   19.00       23.50    
   20.00       20.91    
   21.00       18.62    
   22.00       16.64    
   23.00       14.96    
   24.00       13.56    
   25.00       12.41    
   26.00       11.46    
   27.00       10.69    
   28.00       10.04    
   29.00       9.493    
   30.00       9.004    
   31.00       8.550    
   32.00       8.107    
   33.00       7.658    
   34.00       7.190    
   35.00       6.699    
   36.00       6.189    
   37.00       5.671    
   38.00       5.164    
   39.00       4.689    
   40.00       4.269    
   41.00       3.924    
   42.00       3.665    
   43.00       3.495    
   44.00       3.404    
   45.00       3.376    
   46.00       3.387    
   47.00       3.410    
   48.00       3.422    
   49.00       3.405    
   50.00       3.347    
   51.00       3.248    
   52.00       3.112    
   53.00       2.949    
   54.00       2.772    
   55.00       2.595    
   56.00       2.429    
   57.00       2.285    
   58.00       2.169    
   59.00       2.084    
   60.00       2.034    
   61.00       2.018    
   62.00       2.032    
   63.00       2.073    
   64.00       2.133    
   65.00       2.205    
   66.00       2.279    
   67.00       2.343    
   68.00       2.388    
   69.00       2.406    
   70.00       2.391    
   71.00       2.342    
   72.00       2.258    
   73.00       2.145    
   74.00       2.010    
   75.00       1.860    
   76.00       1.705    
   77.00       1.552    
   78.00       1.408    
   79.00       1.278    
   80.00       1.164    
   81.00       1.067    
   82.00      0.9868    
   83.00      0.9216    
   84.00      0.8694    
   85.00      0.8276    
   86.00      0.7940    
   87.00      0.7660    
   88.00      0.7415    
   89.00      0.7185    
   90.00      0.6955    
   91.00      0.6709    
   92.00      0.6438    
   93.00      0.6135    
   94.00      0.5800    
   95.00      0.5436    
   96.00      0.5050    
   97.00      0.4653    
   98.00      0.4258    
   99.00      0.3880    
   100.0      0.3532    
   101.0      0.3224    
   102.0      0.2964    
   103.0      0.2756    
   104.0      0.2599    
   105.0      0.2490    
   106.0      0.2423    
   107.0      0.2389    
   108.0      0.2377    
   109.0      0.2380    
   110.0      0.2389    
   111.0      0.2396    
   112.0      0.2397    
   113.0      0.2390    
   114.0      0.2372    
   115.0      0.2346    
   116.0      0.2312    
   117.0      0.2273    
   118.0      0.2233    
   119.0      0.2195    
   120.0      0.2161    
   121.0      0.2135    
   122.0      0.2118    
   123.0      0.2111    
   124.0      0.2116    
   125.0      0.2132    
   126.0      0.2160    
   127.0      0.2198    
   128.0      0.2246    
   129.0      0.2302    
   130.0      0.2365    
   131.0      0.2433    
   132.0      0.2505    
   133.0      0.2581    
   134.0      0.2657    
   135.0      0.2734    
   136.0      0.2809    
   137.0      0.2882    
   138.0      0.2953    
   139.0      0.3019    
   140.0      0.3082    
   141.0      0.3140    
   142.0      0.3193    
   143.0      0.3241    
   144.0      0.3284    
   145.0      0.3322    
   146.0      0.3357    
   147.0      0.3386    
   148.0      0.3413    
   149.0      0.3436    
   150.0      0.3456    
   151.0      0.3474    
   152.0      0.3491    
   153.0      0.3506    
   154.0      0.3521    
   155.0      0.3535    
   156.0      0.3549    
   157.0      0.3564    
   158.0      0.3579    
   159.0      0.3594    
   160.0      0.3611    
   161.0      0.3628    
   162.0      0.3646    
   163.0      0.3665    
   164.0      0.3684    
   165.0      0.3703    
   166.0      0.3723    
   167.0      0.3743    
   168.0      0.3763    
   169.0      0.3782    
   170.0      0.3801    
   171.0      0.3819    
   172.0      0.3835    
   173.0      0.3851    
   174.0      0.3864    
   175.0      0.3876    
   176.0      0.3886    
   177.0      0.3894    
   178.0      0.3900    
   179.0      0.3903    
   180.0      0.3904    
 END
