# 181 angles,  1 tensor ranks for 0=projectile
@subtitle   "7Li(d,p) @ 7.5AMeV ADWA (d) + KD (p)"                                          
@legend ON
@legend x1 0.2
@legend y1 0.8
@g0 type LOGY
@yaxis ticklabel format power
@legend string   0 "Lab energy =   14.5311"
#legend string   0 "Partition=  2 Excit=  1 near/far= 1"
#  Theta       sigma       iT11        T20         T21         T22         Kyy for projectile
   0.000       29.33    
   1.000       29.33    
   2.000       29.34    
   3.000       29.34    
   4.000       29.34    
   5.000       29.31    
   6.000       29.26    
   7.000       29.16    
   8.000       29.00    
   9.000       28.78    
   10.00       28.47    
   11.00       28.08    
   12.00       27.59    
   13.00       27.01    
   14.00       26.33    
   15.00       25.55    
   16.00       24.68    
   17.00       23.73    
   18.00       22.70    
   19.00       21.61    
   20.00       20.47    
   21.00       19.29    
   22.00       18.09    
   23.00       16.88    
   24.00       15.67    
   25.00       14.48    
   26.00       13.31    
   27.00       12.18    
   28.00       11.10    
   29.00       10.06    
   30.00       9.086    
   31.00       8.171    
   32.00       7.322    
   33.00       6.539    
   34.00       5.823    
   35.00       5.174    
   36.00       4.592    
   37.00       4.073    
   38.00       3.616    
   39.00       3.218    
   40.00       2.876    
   41.00       2.585    
   42.00       2.343    
   43.00       2.144    
   44.00       1.986    
   45.00       1.863    
   46.00       1.771    
   47.00       1.707    
   48.00       1.666    
   49.00       1.644    
   50.00       1.638    
   51.00       1.645    
   52.00       1.662    
   53.00       1.686    
   54.00       1.713    
   55.00       1.744    
   56.00       1.775    
   57.00       1.805    
   58.00       1.832    
   59.00       1.856    
   60.00       1.875    
   61.00       1.890    
   62.00       1.899    
   63.00       1.902    
   64.00       1.898    
   65.00       1.888    
   66.00       1.872    
   67.00       1.850    
   68.00       1.821    
   69.00       1.787    
   70.00       1.748    
   71.00       1.704    
   72.00       1.655    
   73.00       1.603    
   74.00       1.548    
   75.00       1.490    
   76.00       1.431    
   77.00       1.370    
   78.00       1.308    
   79.00       1.246    
   80.00       1.184    
   81.00       1.122    
   82.00       1.062    
   83.00       1.003    
   84.00      0.9461    
   85.00      0.8908    
   86.00      0.8378    
   87.00      0.7871    
   88.00      0.7390    
   89.00      0.6936    
   90.00      0.6511    
   91.00      0.6114    
   92.00      0.5747    
   93.00      0.5409    
   94.00      0.5101    
   95.00      0.4822    
   96.00      0.4572    
   97.00      0.4350    
   98.00      0.4154    
   99.00      0.3984    
   100.0      0.3838    
   101.0      0.3716    
   102.0      0.3614    
   103.0      0.3533    
   104.0      0.3470    
   105.0      0.3423    
   106.0      0.3391    
   107.0      0.3373    
   108.0      0.3366    
   109.0      0.3369    
   110.0      0.3381    
   111.0      0.3400    
   112.0      0.3425    
   113.0      0.3455    
   114.0      0.3489    
   115.0      0.3525    
   116.0      0.3563    
   117.0      0.3601    
   118.0      0.3639    
   119.0      0.3677    
   120.0      0.3714    
   121.0      0.3748    
   122.0      0.3781    
   123.0      0.3811    
   124.0      0.3838    
   125.0      0.3862    
   126.0      0.3883    
   127.0      0.3901    
   128.0      0.3916    
   129.0      0.3928    
   130.0      0.3937    
   131.0      0.3944    
   132.0      0.3948    
   133.0      0.3950    
   134.0      0.3949    
   135.0      0.3948    
   136.0      0.3944    
   137.0      0.3940    
   138.0      0.3935    
   139.0      0.3930    
   140.0      0.3924    
   141.0      0.3919    
   142.0      0.3914    
   143.0      0.3910    
   144.0      0.3907    
   145.0      0.3905    
   146.0      0.3904    
   147.0      0.3905    
   148.0      0.3907    
   149.0      0.3911    
   150.0      0.3917    
   151.0      0.3924    
   152.0      0.3934    
   153.0      0.3945    
   154.0      0.3958    
   155.0      0.3972    
   156.0      0.3989    
   157.0      0.4006    
   158.0      0.4025    
   159.0      0.4045    
   160.0      0.4066    
   161.0      0.4088    
   162.0      0.4110    
   163.0      0.4133    
   164.0      0.4156    
   165.0      0.4179    
   166.0      0.4201    
   167.0      0.4224    
   168.0      0.4245    
   169.0      0.4266    
   170.0      0.4285    
   171.0      0.4304    
   172.0      0.4320    
   173.0      0.4336    
   174.0      0.4349    
   175.0      0.4361    
   176.0      0.4371    
   177.0      0.4378    
   178.0      0.4384    
   179.0      0.4387    
   180.0      0.4388    
 END
