# 181 angles,  1 tensor ranks for 0=projectile
@subtitle   "7Li(d,p) @ 7.5AMeV ADWA (d) + KD (p)"                                          
@legend ON
@legend x1 0.2
@legend y1 0.8
@g0 type LOGY
@yaxis ticklabel format power
@legend string   0 "Lab energy =   14.5311"
#legend string   0 "Partition=  2 Excit=  3 near/far= 1"
#  Theta       sigma       iT11        T20         T21         T22         Kyy for projectile
   0.000       63.29    
   1.000       63.17    
   2.000       62.81    
   3.000       62.21    
   4.000       61.37    
   5.000       60.28    
   6.000       58.95    
   7.000       57.37    
   8.000       55.55    
   9.000       53.50    
   10.00       51.23    
   11.00       48.76    
   12.00       46.11    
   13.00       43.32    
   14.00       40.43    
   15.00       37.48    
   16.00       34.53    
   17.00       31.62    
   18.00       28.81    
   19.00       26.14    
   20.00       23.65    
   21.00       21.37    
   22.00       19.31    
   23.00       17.48    
   24.00       15.87    
   25.00       14.47    
   26.00       13.27    
   27.00       12.22    
   28.00       11.31    
   29.00       10.50    
   30.00       9.783    
   31.00       9.121    
   32.00       8.500    
   33.00       7.907    
   34.00       7.333    
   35.00       6.774    
   36.00       6.232    
   37.00       5.713    
   38.00       5.226    
   39.00       4.784    
   40.00       4.396    
   41.00       4.071    
   42.00       3.814    
   43.00       3.624    
   44.00       3.495    
   45.00       3.415    
   46.00       3.370    
   47.00       3.343    
   48.00       3.321    
   49.00       3.290    
   50.00       3.242    
   51.00       3.173    
   52.00       3.085    
   53.00       2.980    
   54.00       2.865    
   55.00       2.747    
   56.00       2.634    
   57.00       2.533    
   58.00       2.447    
   59.00       2.382    
   60.00       2.337    
   61.00       2.313    
   62.00       2.308    
   63.00       2.319    
   64.00       2.340    
   65.00       2.366    
   66.00       2.390    
   67.00       2.406    
   68.00       2.408    
   69.00       2.392    
   70.00       2.354    
   71.00       2.294    
   72.00       2.213    
   73.00       2.114    
   74.00       2.000    
   75.00       1.878    
   76.00       1.751    
   77.00       1.626    
   78.00       1.505    
   79.00       1.393    
   80.00       1.291    
   81.00       1.199    
   82.00       1.119    
   83.00       1.049    
   84.00      0.9886    
   85.00      0.9357    
   86.00      0.8888    
   87.00      0.8465    
   88.00      0.8071    
   89.00      0.7695    
   90.00      0.7326    
   91.00      0.6955    
   92.00      0.6578    
   93.00      0.6193    
   94.00      0.5802    
   95.00      0.5407    
   96.00      0.5015    
   97.00      0.4634    
   98.00      0.4270    
   99.00      0.3931    
   100.0      0.3625    
   101.0      0.3355    
   102.0      0.3126    
   103.0      0.2938    
   104.0      0.2788    
   105.0      0.2675    
   106.0      0.2594    
   107.0      0.2538    
   108.0      0.2503    
   109.0      0.2481    
   110.0      0.2469    
   111.0      0.2461    
   112.0      0.2455    
   113.0      0.2449    
   114.0      0.2441    
   115.0      0.2431    
   116.0      0.2420    
   117.0      0.2409    
   118.0      0.2399    
   119.0      0.2391    
   120.0      0.2388    
   121.0      0.2391    
   122.0      0.2400    
   123.0      0.2416    
   124.0      0.2440    
   125.0      0.2471    
   126.0      0.2509    
   127.0      0.2554    
   128.0      0.2606    
   129.0      0.2662    
   130.0      0.2722    
   131.0      0.2786    
   132.0      0.2851    
   133.0      0.2918    
   134.0      0.2985    
   135.0      0.3050    
   136.0      0.3114    
   137.0      0.3176    
   138.0      0.3234    
   139.0      0.3290    
   140.0      0.3341    
   141.0      0.3389    
   142.0      0.3433    
   143.0      0.3474    
   144.0      0.3511    
   145.0      0.3544    
   146.0      0.3575    
   147.0      0.3602    
   148.0      0.3628    
   149.0      0.3652    
   150.0      0.3674    
   151.0      0.3695    
   152.0      0.3716    
   153.0      0.3736    
   154.0      0.3756    
   155.0      0.3777    
   156.0      0.3798    
   157.0      0.3819    
   158.0      0.3841    
   159.0      0.3864    
   160.0      0.3888    
   161.0      0.3912    
   162.0      0.3936    
   163.0      0.3961    
   164.0      0.3987    
   165.0      0.4012    
   166.0      0.4037    
   167.0      0.4062    
   168.0      0.4086    
   169.0      0.4109    
   170.0      0.4132    
   171.0      0.4153    
   172.0      0.4172    
   173.0      0.4190    
   174.0      0.4205    
   175.0      0.4219    
   176.0      0.4230    
   177.0      0.4239    
   178.0      0.4246    
   179.0      0.4250    
   180.0      0.4251    
 END
