1Inelastic  7Li(d,p)8Li(v1+) 7.266 AMeV ADKD-KD LEA                     
9.5808E+00    9.5754E+00    9.5588E+00    9.5301E+00    9.4882E+00    9.4313E+00
    9.3575E+00    9.2649E+00    9.1513E+00    9.0152E+00    8.8552E+00
    8.6704E+00    8.4603E+00    8.2252E+00    7.9659E+00    7.6838E+00
    7.3806E+00    7.0589E+00    6.7212E+00    6.3705E+00    6.0101E+00
    5.6433E+00    5.2733E+00    4.9033E+00    4.5365E+00    4.1757E+00
    3.8236E+00    3.4826E+00    3.1547E+00    2.8416E+00    2.5449E+00
    2.2656E+00    2.0045E+00    1.7622E+00    1.5389E+00    1.3346E+00
    1.1491E+00    9.8194E-01    8.3262E-01    7.0041E-01    5.8449E-01
    4.8395E-01    3.9782E-01    3.2506E-01    2.6463E-01    2.1545E-01
    1.7646E-01    1.4660E-01    1.2485E-01    1.1021E-01    1.0174E-01
    9.8543E-02    9.9775E-02    1.0466E-01    1.1247E-01    1.2254E-01
    1.3429E-01    1.4718E-01    1.6073E-01    1.7451E-01    1.8818E-01
    2.0142E-01    2.1398E-01    2.2565E-01    2.3625E-01    2.4568E-01
    2.5384E-01    2.6068E-01    2.6618E-01    2.7034E-01    2.7318E-01
    2.7476E-01    2.7514E-01    2.7438E-01    2.7257E-01    2.6981E-01
    2.6620E-01    2.6183E-01    2.5681E-01    2.5125E-01    2.4525E-01
    2.3892E-01    2.3234E-01    2.2563E-01    2.1885E-01    2.1210E-01
    2.0545E-01    1.9897E-01    1.9272E-01    1.8675E-01    1.8112E-01
    1.7587E-01    1.7102E-01    1.6662E-01    1.6269E-01    1.5924E-01
    1.5629E-01    1.5385E-01    1.5194E-01    1.5054E-01    1.4966E-01
    1.4931E-01    1.4947E-01    1.5014E-01    1.5131E-01    1.5298E-01
    1.5514E-01    1.5778E-01    1.6089E-01    1.6445E-01    1.6848E-01
    1.7294E-01    1.7784E-01    1.8316E-01    1.8891E-01    1.9506E-01
    2.0161E-01    2.0856E-01    2.1589E-01    2.2359E-01    2.3166E-01
    2.4007E-01    2.4883E-01    2.5791E-01    2.6731E-01    2.7700E-01
    2.8696E-01    2.9719E-01    3.0765E-01    3.1833E-01    3.2920E-01
    3.4024E-01    3.5142E-01    3.6271E-01    3.7408E-01    3.8550E-01
    3.9694E-01    4.0837E-01    4.1975E-01    4.3105E-01    4.4223E-01
    4.5327E-01    4.6413E-01    4.7477E-01    4.8517E-01    4.9530E-01
    5.0513E-01    5.1464E-01    5.2379E-01    5.3258E-01    5.4098E-01
    5.4897E-01    5.5655E-01    5.6370E-01    5.7042E-01    5.7671E-01
    5.8255E-01    5.8797E-01    5.9295E-01    5.9752E-01    6.0168E-01
    6.0544E-01    6.0883E-01    6.1185E-01    6.1454E-01    6.1691E-01
    6.1897E-01    6.2077E-01    6.2231E-01    6.2362E-01    6.2473E-01
    6.2566E-01    6.2642E-01    6.2704E-01    6.2754E-01    6.2794E-01
    6.2824E-01    6.2846E-01    6.2861E-01    6.2870E-01
