    0.00   9.580800E+00
    1.00   9.575400E+00
    2.00   9.558800E+00
    3.00   9.530100E+00
    4.00   9.488200E+00
    5.00   9.431300E+00
    6.00   9.357500E+00
    7.00   9.264900E+00
    8.00   9.151300E+00
    9.00   9.015200E+00
   10.00   8.855200E+00
   11.00   8.670400E+00
   12.00   8.460300E+00
   13.00   8.225200E+00
   14.00   7.965900E+00
   15.00   7.683800E+00
   16.00   7.380600E+00
   17.00   7.058900E+00
   18.00   6.721200E+00
   19.00   6.370500E+00
   20.00   6.010100E+00
   21.00   5.643300E+00
   22.00   5.273300E+00
   23.00   4.903300E+00
   24.00   4.536500E+00
   25.00   4.175700E+00
   26.00   3.823600E+00
   27.00   3.482600E+00
   28.00   3.154700E+00
   29.00   2.841600E+00
   30.00   2.544900E+00
   31.00   2.265600E+00
   32.00   2.004500E+00
   33.00   1.762200E+00
   34.00   1.538900E+00
   35.00   1.334600E+00
   36.00   1.149100E+00
   37.00   9.819400E-01
   38.00   8.326200E-01
   39.00   7.004100E-01
   40.00   5.844900E-01
   41.00   4.839500E-01
   42.00   3.978200E-01
   43.00   3.250600E-01
   44.00   2.646300E-01
   45.00   2.154500E-01
   46.00   1.764600E-01
   47.00   1.466000E-01
   48.00   1.248500E-01
   49.00   1.102100E-01
   50.00   1.017400E-01
   51.00   9.854300E-02
   52.00   9.977500E-02
   53.00   1.046600E-01
   54.00   1.124700E-01
   55.00   1.225400E-01
   56.00   1.342900E-01
   57.00   1.471800E-01
   58.00   1.607300E-01
   59.00   1.745100E-01
   60.00   1.881800E-01
   61.00   2.014200E-01
   62.00   2.139800E-01
   63.00   2.256500E-01
   64.00   2.362500E-01
   65.00   2.456800E-01
   66.00   2.538400E-01
   67.00   2.606800E-01
   68.00   2.661800E-01
   69.00   2.703400E-01
   70.00   2.731800E-01
   71.00   2.747600E-01
   72.00   2.751400E-01
   73.00   2.743800E-01
   74.00   2.725700E-01
   75.00   2.698100E-01
   76.00   2.662000E-01
   77.00   2.618300E-01
   78.00   2.568100E-01
   79.00   2.512500E-01
   80.00   2.452500E-01
   81.00   2.389200E-01
   82.00   2.323400E-01
   83.00   2.256300E-01
   84.00   2.188500E-01
   85.00   2.121000E-01
   86.00   2.054500E-01
   87.00   1.989700E-01
   88.00   1.927200E-01
   89.00   1.867500E-01
   90.00   1.811200E-01
   91.00   1.758700E-01
   92.00   1.710200E-01
   93.00   1.666200E-01
   94.00   1.626900E-01
   95.00   1.592400E-01
   96.00   1.562900E-01
   97.00   1.538500E-01
   98.00   1.519400E-01
   99.00   1.505400E-01
  100.00   1.496600E-01
  101.00   1.493100E-01
  102.00   1.494700E-01
  103.00   1.501400E-01
  104.00   1.513100E-01
  105.00   1.529800E-01
  106.00   1.551400E-01
  107.00   1.577800E-01
  108.00   1.608900E-01
  109.00   1.644500E-01
  110.00   1.684800E-01
  111.00   1.729400E-01
  112.00   1.778400E-01
  113.00   1.831600E-01
  114.00   1.889100E-01
  115.00   1.950600E-01
  116.00   2.016100E-01
  117.00   2.085600E-01
  118.00   2.158900E-01
  119.00   2.235900E-01
  120.00   2.316600E-01
  121.00   2.400700E-01
  122.00   2.488300E-01
  123.00   2.579100E-01
  124.00   2.673100E-01
  125.00   2.770000E-01
  126.00   2.869600E-01
  127.00   2.971900E-01
  128.00   3.076500E-01
  129.00   3.183300E-01
  130.00   3.292000E-01
  131.00   3.402400E-01
  132.00   3.514200E-01
  133.00   3.627100E-01
  134.00   3.740800E-01
  135.00   3.855000E-01
  136.00   3.969400E-01
  137.00   4.083700E-01
  138.00   4.197500E-01
  139.00   4.310500E-01
  140.00   4.422300E-01
  141.00   4.532700E-01
  142.00   4.641300E-01
  143.00   4.747700E-01
  144.00   4.851700E-01
  145.00   4.953000E-01
  146.00   5.051300E-01
  147.00   5.146400E-01
  148.00   5.237900E-01
  149.00   5.325800E-01
  150.00   5.409800E-01
  151.00   5.489700E-01
  152.00   5.565500E-01
  153.00   5.637000E-01
  154.00   5.704200E-01
  155.00   5.767100E-01
  156.00   5.825500E-01
  157.00   5.879700E-01
  158.00   5.929500E-01
  159.00   5.975200E-01
  160.00   6.016800E-01
  161.00   6.054400E-01
  162.00   6.088300E-01
  163.00   6.118500E-01
  164.00   6.145400E-01
  165.00   6.169100E-01
  166.00   6.189700E-01
  167.00   6.207700E-01
  168.00   6.223100E-01
  169.00   6.236200E-01
  170.00   6.247300E-01
  171.00   6.256600E-01
  172.00   6.264200E-01
  173.00   6.270400E-01
  174.00   6.275400E-01
  175.00   6.279400E-01
  176.00   6.282400E-01
  177.00   6.284600E-01
  178.00   6.286100E-01
  179.00   6.287000E-01
