NOM=Li7_dp_v_1+_6MeV_ADKDKD_LEA
dwuck4 <<EOF >${NOM}.res
20010100300021      7Li(d,p)8Li(v1+) 7.266 AMeV ADKD-KD LEA
   180.0     0.0     1.0
 30  1  1  3
     0.1     0.0    40.0          0.7457
  14.532  2.0136      1.  7.0144      3.    1.300             0.      2.
     +8.    -1.0
    300.      0.
  -0.8809136E+02  -0.8775708E+02  -0.8720876E+02  -0.8648720E+02  -0.8561025E+02
  -0.8455169E+02  -0.8328259E+02  -0.8179231E+02  -0.8008380E+02  -0.7816586E+02
  -0.7604919E+02  -0.7374531E+02  -0.7126659E+02  -0.6862665E+02  -0.6584085E+02
  -0.6292648E+02  -0.5990295E+02  -0.5679168E+02  -0.5361589E+02  -0.5040019E+02
  -0.4717015E+02  -0.4395165E+02  -0.4077024E+02  -0.3765053E+02  -0.3461550E+02
  -0.3168593E+02  -0.2887994E+02  -0.2621255E+02  -0.2369552E+02  -0.2133724E+02
  -0.1914275E+02  -0.1711396E+02  -0.1524993E+02  -0.1354724E+02  -0.1200036E+02
  -0.1060216E+02  -0.9344255E+01  -0.8217423E+01  -0.7211979E+01  -0.6318058E+01
  -0.5525869E+01  -0.4825888E+01  -0.4209012E+01  -0.3666658E+01  -0.3190829E+01
  -0.2774150E+01  -0.2409878E+01  -0.2091895E+01  -0.1814684E+01  -0.1573298E+01
  -0.1363323E+01  -0.1180838E+01  -0.1022370E+01  -0.8848565E+00  -0.7656001E+00
  -0.6622338E+00  -0.5726835E+00  -0.4951357E+00  -0.4280068E+00  -0.3699161E+00
  -0.3196616E+00  -0.2761972E+00  -0.2386143E+00  -0.2061233E+00  -0.1780396E+00
  -0.1537691E+00  -0.1327969E+00  -0.1146773E+00  -0.9902380E-01  -0.8550225E-01
  -0.7382329E-01  -0.6373665E-01  -0.5502586E-01  -0.4750374E-01  -0.4100847E-01
  -0.3540016E-01  -0.3055794E-01  -0.2637734E-01  -0.2276811E-01  -0.1965227E-01
  -0.1696247E-01  -0.1464052E-01  -0.1263617E-01  -0.1090604E-01  -0.9412631E-02
  -0.8123596E-02  -0.7010985E-02  -0.6050674E-02  -0.5221828E-02  -0.4506465E-02
  -0.3889055E-02  -0.3356196E-02  -0.2896315E-02  -0.2499422E-02  -0.2156896E-02
  -0.1861293E-02  -0.1606187E-02  -0.1386034E-02  -0.1196046E-02  -0.1032092E-02
  -0.8906057E-03  -0.7685096E-03  -0.6631473E-03  -0.5722261E-03  -0.4937674E-03
  -0.4260635E-03  -0.3676407E-03  -0.3172270E-03  -0.2737248E-03  -0.2361868E-03
  -0.2037956E-03  -0.1758457E-03  -0.1517282E-03  -0.1309178E-03  -0.1129611E-03
  -0.9746690E-04  -0.8409756E-04  -0.7256175E-04  -0.6260805E-04  -0.5401953E-04
  -0.4660898E-04  -0.4021488E-04  -0.3469782E-04  -0.2993753E-04  -0.2583023E-04
  -0.2228635E-04  -0.1922862E-04  -0.1659036E-04  -0.1431404E-04  -0.1235000E-04
  -0.1065542E-04  -0.9193329E-05  -0.7931837E-05  -0.6843424E-05  -0.5904348E-05
  -0.5094121E-05  -0.4395066E-05  -0.3791931E-05  -0.3271555E-05  -0.2822585E-05
  -0.2435224E-05  -0.2101017E-05  -0.1812672E-05  -0.1563897E-05  -0.1349261E-05
  -0.1164080E-05  -0.1004312E-05  -0.8664704E-06  -0.7475460E-06  -0.6449429E-06
  -0.5564213E-06  -0.4800488E-06  -0.4141582E-06  -0.3573110E-06  -0.3082661E-06
  -0.2659527E-06  -0.2294469E-06  -0.1979517E-06  -0.1707795E-06  -0.1473369E-06
  -0.1271120E-06  -0.1096632E-06  -0.9460951E-07  -0.8162213E-07  -0.7041748E-07
  -0.6075086E-07  -0.5241116E-07  -0.4521624E-07  -0.3900899E-07  -0.3365381E-07
  -0.2903377E-07  -0.2504793E-07  -0.2160926E-07  -0.1864264E-07  -0.1608327E-07
  -0.1387525E-07  -0.1197035E-07  -0.1032696E-07  -0.8909174E-08  -0.7686029E-08
   0.0000000E+00   0.0000000E+00   0.0000000E+00   0.0000000E+00   0.0000000E+00
   0.0000000E+00   0.0000000E+00   0.0000000E+00   0.0000000E+00   0.0000000E+00
   0.0000000E+00   0.0000000E+00   0.0000000E+00   0.0000000E+00   0.0000000E+00
   0.0000000E+00   0.0000000E+00   0.0000000E+00   0.0000000E+00   0.0000000E+00
   0.0000000E+00   0.0000000E+00   0.0000000E+00   0.0000000E+00   0.0000000E+00
   0.0000000E+00   0.0000000E+00   0.0000000E+00   0.0000000E+00   0.0000000E+00
   0.0000000E+00   0.0000000E+00   0.0000000E+00   0.0000000E+00   0.0000000E+00
   0.0000000E+00   0.0000000E+00   0.0000000E+00   0.0000000E+00   0.0000000E+00
   0.0000000E+00   0.0000000E+00   0.0000000E+00   0.0000000E+00   0.0000000E+00
   0.0000000E+00   0.0000000E+00   0.0000000E+00   0.0000000E+00   0.0000000E+00
   0.0000000E+00   0.0000000E+00   0.0000000E+00   0.0000000E+00   0.0000000E+00
   0.0000000E+00   0.0000000E+00   0.0000000E+00   0.0000000E+00   0.0000000E+00
   0.0000000E+00   0.0000000E+00   0.0000000E+00   0.0000000E+00   0.0000000E+00
   0.0000000E+00   0.0000000E+00   0.0000000E+00   0.0000000E+00   0.0000000E+00
   0.0000000E+00   0.0000000E+00   0.0000000E+00   0.0000000E+00   0.0000000E+00
   0.0000000E+00   0.0000000E+00   0.0000000E+00   0.0000000E+00   0.0000000E+00
   0.0000000E+00   0.0000000E+00   0.0000000E+00   0.0000000E+00   0.0000000E+00
   0.0000000E+00   0.0000000E+00   0.0000000E+00   0.0000000E+00   0.0000000E+00
   0.0000000E+00   0.0000000E+00   0.0000000E+00   0.0000000E+00   0.0000000E+00
   0.0000000E+00   0.0000000E+00   0.0000000E+00   0.0000000E+00   0.0000000E+00
   0.0000000E+00   0.0000000E+00   0.0000000E+00   0.0000000E+00   0.0000000E+00
   0.0000000E+00   0.0000000E+00   0.0000000E+00   0.0000000E+00   0.0000000E+00
   0.0000000E+00   0.0000000E+00   0.0000000E+00   0.0000000E+00   0.0000000E+00
   0.0000000E+00   0.0000000E+00   0.0000000E+00   0.0000000E+00   0.0000000E+00
     +8.                                    -1.0
    300.      1.
  -0.3173128E+01  -0.3242517E+01  -0.3359661E+01  -0.3526822E+01  -0.3746631E+01
  -0.4021472E+01  -0.4353365E+01  -0.4744056E+01  -0.5194884E+01  -0.5706365E+01
  -0.6277606E+01  -0.6905647E+01  -0.7584823E+01  -0.8306216E+01  -0.9057297E+01
  -0.9821834E+01  -0.1058016E+02  -0.1130984E+02  -0.1198670E+02  -0.1258623E+02
  -0.1308509E+02  -0.1346268E+02  -0.1370254E+02  -0.1379341E+02  -0.1372998E+02
  -0.1351309E+02  -0.1314968E+02  -0.1265226E+02  -0.1203810E+02  -0.1132816E+02
  -0.1054576E+02  -0.9715271E+01  -0.8860622E+01  -0.8004105E+01  -0.7165329E+01
  -0.6360523E+01  -0.5602191E+01  -0.4899091E+01  -0.4256489E+01  -0.3676610E+01
  -0.3159187E+01  -0.2702041E+01  -0.2301642E+01  -0.1953591E+01  -0.1653029E+01
  -0.1394949E+01  -0.1174435E+01  -0.9868115E+00  -0.8277501E+00  -0.6933191E+00
  -0.5800038E+00  -0.4847015E+00  -0.4047011E+00  -0.3376538E+00  -0.2815390E+00
  -0.2346278E+00  -0.1954488E+00  -0.1627539E+00  -0.1354886E+00  -0.1127642E+00
  -0.9383324E-01  -0.7806873E-01  -0.6494523E-01  -0.5402319E-01  -0.4493524E-01
  -0.3737468E-01  -0.3108565E-01  -0.2585483E-01  -0.2150450E-01  -0.1788663E-01
  -0.1487799E-01  -0.1237603E-01  -0.1029542E-01  -0.8565167E-02  -0.7126239E-02
  -0.5929540E-02  -0.4934246E-02  -0.4106413E-02  -0.3417821E-02  -0.2845009E-02
  -0.2368471E-02  -0.1971993E-02  -0.1642093E-02  -0.1367565E-02  -0.1139091E-02
  -0.9489235E-03  -0.7906221E-03  -0.6588310E-03  -0.5490967E-03  -0.4577156E-03
  -0.3816076E-03  -0.3182110E-03  -0.2653949E-03  -0.2213868E-03  -0.1847119E-03
  -0.1541433E-03  -0.1286600E-03  -0.1074122E-03  -0.8969285E-04  -0.7491322E-04
  -0.6258323E-04  -0.5229486E-04  -0.4370830E-04  -0.3654057E-04  -0.3055595E-04
  -0.2555805E-04  -0.2138324E-04  -0.1789518E-04  -0.1498019E-04  -0.1254354E-04
  -0.1050623E-04  -0.8802381E-05  -0.7377038E-05  -0.6184362E-05  -0.5186104E-05
  -0.4350340E-05  -0.3650422E-05  -0.3064100E-05  -0.2572795E-05  -0.2160984E-05
  -0.1815700E-05  -0.1526107E-05  -0.1283145E-05  -0.1079241E-05  -0.9080594E-06
  -0.7643025E-06  -0.6435359E-06  -0.5420486E-06  -0.4567335E-06  -0.3849886E-06
  -0.3246343E-06  -0.2738440E-06  -0.2310870E-06  -0.1950795E-06  -0.1647451E-06
  -0.1391805E-06  -0.1176278E-06  -0.9945052E-07  -0.8411436E-07  -0.7117034E-07
  -0.6024121E-07  -0.5100983E-07  -0.4320949E-07  -0.3661585E-07  -0.3104009E-07
  -0.2632329E-07  -0.2233160E-07  -0.1895226E-07  -0.1609024E-07  -0.1366542E-07
  -0.1161025E-07  -0.9867721E-08  -0.8389712E-08  -0.7135603E-08  -0.6071081E-08
  -0.5167155E-08  -0.4399315E-08  -0.3746838E-08  -0.3192193E-08  -0.2720543E-08
  -0.2319328E-08  -0.1977910E-08  -0.1687279E-08  -0.1439795E-08  -0.1228982E-08
  -0.1049348E-08  -0.8962305E-09  -0.7656743E-09  -0.6543198E-09  -0.5593134E-09
  -0.4782304E-09  -0.4090096E-09  -0.3498981E-09  -0.2994049E-09  -0.2562614E-09
  -0.2193875E-09  -0.1878636E-09  -0.1609062E-09  -0.1378479E-09  -0.1181196E-09
   0.0000000E+00   0.0000000E+00   0.0000000E+00   0.0000000E+00   0.0000000E+00
   0.0000000E+00   0.0000000E+00   0.0000000E+00   0.0000000E+00   0.0000000E+00
   0.0000000E+00   0.0000000E+00   0.0000000E+00   0.0000000E+00   0.0000000E+00
   0.0000000E+00   0.0000000E+00   0.0000000E+00   0.0000000E+00   0.0000000E+00
   0.0000000E+00   0.0000000E+00   0.0000000E+00   0.0000000E+00   0.0000000E+00
   0.0000000E+00   0.0000000E+00   0.0000000E+00   0.0000000E+00   0.0000000E+00
   0.0000000E+00   0.0000000E+00   0.0000000E+00   0.0000000E+00   0.0000000E+00
   0.0000000E+00   0.0000000E+00   0.0000000E+00   0.0000000E+00   0.0000000E+00
   0.0000000E+00   0.0000000E+00   0.0000000E+00   0.0000000E+00   0.0000000E+00
   0.0000000E+00   0.0000000E+00   0.0000000E+00   0.0000000E+00   0.0000000E+00
   0.0000000E+00   0.0000000E+00   0.0000000E+00   0.0000000E+00   0.0000000E+00
   0.0000000E+00   0.0000000E+00   0.0000000E+00   0.0000000E+00   0.0000000E+00
   0.0000000E+00   0.0000000E+00   0.0000000E+00   0.0000000E+00   0.0000000E+00
   0.0000000E+00   0.0000000E+00   0.0000000E+00   0.0000000E+00   0.0000000E+00
   0.0000000E+00   0.0000000E+00   0.0000000E+00   0.0000000E+00   0.0000000E+00
   0.0000000E+00   0.0000000E+00   0.0000000E+00   0.0000000E+00   0.0000000E+00
   0.0000000E+00   0.0000000E+00   0.0000000E+00   0.0000000E+00   0.0000000E+00
   0.0000000E+00   0.0000000E+00   0.0000000E+00   0.0000000E+00   0.0000000E+00
   0.0000000E+00   0.0000000E+00   0.0000000E+00   0.0000000E+00   0.0000000E+00
   0.0000000E+00   0.0000000E+00   0.0000000E+00   0.0000000E+00   0.0000000E+00
   0.0000000E+00   0.0000000E+00   0.0000000E+00   0.0000000E+00   0.0000000E+00
   0.0000000E+00   0.0000000E+00   0.0000000E+00   0.0000000E+00   0.0000000E+00
   0.0000000E+00   0.0000000E+00   0.0000000E+00   0.0000000E+00   0.0000000E+00
   0.0000000E+00   0.0000000E+00   0.0000000E+00   0.0000000E+00   0.0000000E+00
     +8.                           -1.0                                    
    300.      1.
  -0.1454401E+01  -0.1473772E+01  -0.1529519E+01  -0.1587676E+01  -0.1605382E+01
  -0.1582551E+01  -0.1538606E+01  -0.1488054E+01  -0.1437098E+01  -0.1387001E+01
  -0.1337030E+01  -0.1285975E+01  -0.1232787E+01  -0.1176779E+01  -0.1117650E+01
  -0.1055447E+01  -0.9905033E+00  -0.9233802E+00  -0.8548041E+00  -0.7856115E+00
  -0.7166954E+00  -0.6489544E+00  -0.5832452E+00  -0.5203410E+00  -0.4608964E+00
  -0.4054241E+00  -0.3542818E+00  -0.3076720E+00  -0.2656516E+00  -0.2281499E+00
  -0.1949918E+00  -0.1659228E+00  -0.1406344E+00  -0.1187867E+00  -0.1000275E+00
  -0.8400741E-01  -0.7039162E-01  -0.5886719E-01  -0.4914781E-01  -0.4097595E-01
  -0.3412323E-01  -0.2838946E-01  -0.2360089E-01  -0.1960793E-01  -0.1628267E-01
  -0.1351638E-01  -0.1121706E-01  -0.9307169E-02  -0.7721595E-02  -0.6405797E-02
  -0.5314199E-02  -0.4408784E-02  -0.3657895E-02  -0.3035200E-02  -0.2518820E-02
  -0.2090589E-02  -0.1735435E-02  -0.1440858E-02  -0.1196495E-02  -0.9937585E-03
  -0.8255299E-03  -0.6859118E-03  -0.5700172E-03  -0.4737971E-03  -0.3938959E-03
  -0.3275328E-03  -0.2724031E-03  -0.2265959E-03  -0.1885273E-03  -0.1568835E-03
  -0.1305751E-03  -0.1086980E-03  -0.9050245E-04  -0.7536589E-04  -0.6277169E-04
  -0.5229087E-04  -0.4356719E-04  -0.3630475E-04  -0.3025772E-04  -0.2522182E-04
  -0.2102725E-04  -0.1753288E-04  -0.1462134E-04  -0.1219504E-04  -0.1017278E-04
  -0.8487022E-05  -0.7081562E-05  -0.5909621E-05  -0.4932258E-05  -0.4117052E-05
  -0.3437005E-05  -0.2869632E-05  -0.2396201E-05  -0.2001107E-05  -0.1671345E-05
  -0.1396080E-05  -0.1166275E-05  -0.9744020E-06  -0.8141798E-06  -0.6803724E-06
  -0.5686125E-06  -0.4752572E-06  -0.3972672E-06  -0.3321066E-06  -0.2776595E-06
  -0.2321597E-06  -0.1941332E-06  -0.1623494E-06  -0.1357810E-06  -0.1135700E-06
  -0.9500010E-07  -0.7947304E-07  -0.6648906E-07  -0.5563071E-07  -0.4654922E-07
  -0.3895319E-07  -0.3259913E-07  -0.2728353E-07  -0.2283634E-07  -0.1911538E-07
  -0.1600183E-07  -0.1339633E-07  -0.1121583E-07  -0.9390864E-08  -0.7863357E-08
  -0.6584734E-08  -0.5514369E-08  -0.4618281E-08  -0.3868044E-08  -0.3239877E-08
  -0.2713884E-08  -0.2273419E-08  -0.1904551E-08  -0.1595622E-08  -0.1336878E-08
  -0.1120153E-08  -0.9386131E-09  -0.7865365E-09  -0.6591343E-09  -0.5523972E-09
  -0.4629682E-09  -0.3880366E-09  -0.3252488E-09  -0.2726340E-09  -0.2285416E-09
  -0.1915893E-09  -0.1606192E-09  -0.1346616E-09  -0.1129042E-09  -0.9466640E-10
  -0.7937814E-10  -0.6656180E-10  -0.5581719E-10  -0.4680901E-10  -0.3925629E-10
  -0.3292358E-10  -0.2761358E-10  -0.2316094E-10  -0.1942705E-10  -0.1629576E-10
  -0.1366972E-10  -0.1146730E-10  -0.9620096E-11  -0.8070751E-11  -0.6771184E-11
  -0.5681084E-11  -0.4766654E-11  -0.3999554E-11  -0.3356023E-11  -0.2816135E-11
  -0.2363181E-11  -0.1983149E-11  -0.1664288E-11  -0.1396742E-11  -0.1172244E-11
  -0.9838622E-12  -0.8257801E-12  -0.6931200E-12  -0.5817899E-12  -0.4883571E-12
   0.0000000E+00   0.0000000E+00   0.0000000E+00   0.0000000E+00   0.0000000E+00
   0.0000000E+00   0.0000000E+00   0.0000000E+00   0.0000000E+00   0.0000000E+00
   0.0000000E+00   0.0000000E+00   0.0000000E+00   0.0000000E+00   0.0000000E+00
   0.0000000E+00   0.0000000E+00   0.0000000E+00   0.0000000E+00   0.0000000E+00
   0.0000000E+00   0.0000000E+00   0.0000000E+00   0.0000000E+00   0.0000000E+00
   0.0000000E+00   0.0000000E+00   0.0000000E+00   0.0000000E+00   0.0000000E+00
   0.0000000E+00   0.0000000E+00   0.0000000E+00   0.0000000E+00   0.0000000E+00
   0.0000000E+00   0.0000000E+00   0.0000000E+00   0.0000000E+00   0.0000000E+00
   0.0000000E+00   0.0000000E+00   0.0000000E+00   0.0000000E+00   0.0000000E+00
   0.0000000E+00   0.0000000E+00   0.0000000E+00   0.0000000E+00   0.0000000E+00
   0.0000000E+00   0.0000000E+00   0.0000000E+00   0.0000000E+00   0.0000000E+00
   0.0000000E+00   0.0000000E+00   0.0000000E+00   0.0000000E+00   0.0000000E+00
   0.0000000E+00   0.0000000E+00   0.0000000E+00   0.0000000E+00   0.0000000E+00
   0.0000000E+00   0.0000000E+00   0.0000000E+00   0.0000000E+00   0.0000000E+00
   0.0000000E+00   0.0000000E+00   0.0000000E+00   0.0000000E+00   0.0000000E+00
   0.0000000E+00   0.0000000E+00   0.0000000E+00   0.0000000E+00   0.0000000E+00
   0.0000000E+00   0.0000000E+00   0.0000000E+00   0.0000000E+00   0.0000000E+00
   0.0000000E+00   0.0000000E+00   0.0000000E+00   0.0000000E+00   0.0000000E+00
   0.0000000E+00   0.0000000E+00   0.0000000E+00   0.0000000E+00   0.0000000E+00
   0.0000000E+00   0.0000000E+00   0.0000000E+00   0.0000000E+00   0.0000000E+00
   0.0000000E+00   0.0000000E+00   0.0000000E+00   0.0000000E+00   0.0000000E+00
   0.0000000E+00   0.0000000E+00   0.0000000E+00   0.0000000E+00   0.0000000E+00
   0.0000000E+00   0.0000000E+00   0.0000000E+00   0.0000000E+00   0.0000000E+00
   0.0000000E+00   0.0000000E+00   0.0000000E+00   0.0000000E+00   0.0000000E+00
     +8.                                                          -1.0
    300.      1.
   0.9088463E-02   0.9209511E-02   0.9557874E-02   0.9921292E-02   0.1003194E-01
   0.9889263E-02   0.9614654E-02   0.9298762E-02   0.8980337E-02   0.8667289E-02
   0.8355022E-02   0.8035981E-02   0.7703613E-02   0.7353622E-02   0.6984129E-02
   0.6595423E-02   0.6189595E-02   0.5770147E-02   0.5341619E-02   0.4909239E-02
   0.4478586E-02   0.4055277E-02   0.3644664E-02   0.3251580E-02   0.2880114E-02
   0.2533471E-02   0.2213886E-02   0.1922624E-02   0.1660041E-02   0.1425695E-02
   0.1218492E-02   0.1036841E-02   0.8788161E-03   0.7422912E-03   0.6250657E-03
   0.5249572E-03   0.4398730E-03   0.3678575E-03   0.3071217E-03   0.2560562E-03
   0.2132340E-03   0.1774040E-03   0.1474805E-03   0.1225288E-03   0.1017494E-03
   0.8446307E-04   0.7009473E-04   0.5815994E-04   0.4825178E-04   0.4002944E-04
   0.3320811E-04   0.2755023E-04   0.2285797E-04   0.1896678E-04   0.1573995E-04
   0.1306396E-04   0.1084463E-04   0.9003833E-05   0.7476827E-05   0.6209937E-05
   0.5158687E-05   0.4286221E-05   0.3562003E-05   0.2960729E-05   0.2461432E-05
   0.2046733E-05   0.1702230E-05   0.1415984E-05   0.1178096E-05   0.9803558E-06
   0.8159558E-06   0.6792475E-06   0.5655444E-06   0.4709569E-06   0.3922565E-06
   0.3267625E-06   0.2722488E-06   0.2268662E-06   0.1890787E-06   0.1576096E-06
   0.1313980E-06   0.1095619E-06   0.9136788E-07   0.7620605E-07   0.6356908E-07
   0.5303489E-07   0.4425226E-07   0.3692887E-07   0.3082138E-07   0.2572721E-07
   0.2147764E-07   0.1793216E-07   0.1497371E-07   0.1250479E-07   0.1044414E-07
   0.8724017E-08   0.7287985E-08   0.6088979E-08   0.5087760E-08   0.4251606E-08
   0.3553226E-08   0.2969854E-08   0.2482499E-08   0.2075314E-08   0.1735077E-08
   0.1450752E-08   0.1213127E-08   0.1014512E-08   0.8484870E-09   0.7096919E-09
   0.5936499E-09   0.4966222E-09   0.4154861E-09   0.3476330E-09   0.2908833E-09
   0.2434162E-09   0.2037100E-09   0.1704932E-09   0.1427029E-09   0.1194509E-09
   0.9999445E-10   0.8371287E-10   0.7008704E-10   0.5868295E-10   0.4913765E-10
   0.4114761E-10   0.3445896E-10   0.2885936E-10   0.2417117E-10   0.2024580E-10
   0.1695890E-10   0.1420646E-10   0.1190142E-10   0.9970948E-11   0.8354073E-11
   0.6999772E-11   0.5865337E-11   0.4915019E-11   0.4118891E-11   0.3451897E-11
   0.2893060E-11   0.2424817E-11   0.2032460E-11   0.1703674E-11   0.1428143E-11
   0.1197230E-11   0.1003700E-11   0.8414924E-12   0.7055315E-12   0.5915646E-12
   0.4960292E-12   0.4159407E-12   0.3487983E-12   0.2925067E-12   0.2453102E-12
   0.2057375E-12   0.1725556E-12   0.1447313E-12   0.1213985E-12   0.1018313E-12
   0.8542126E-13   0.7165848E-13   0.6011540E-13   0.5043364E-13   0.4231272E-13
   0.3550075E-13   0.2978653E-13   0.2499297E-13   0.2097158E-13   0.1759786E-13
   0.1476738E-13   0.1239258E-13   0.1040004E-13   0.8728156E-14   0.7325284E-14
   0.6148096E-14   0.5160250E-14   0.4331265E-14   0.3635570E-14   0.3051714E-14
   0.0000000E+00   0.0000000E+00   0.0000000E+00   0.0000000E+00   0.0000000E+00
   0.0000000E+00   0.0000000E+00   0.0000000E+00   0.0000000E+00   0.0000000E+00
   0.0000000E+00   0.0000000E+00   0.0000000E+00   0.0000000E+00   0.0000000E+00
   0.0000000E+00   0.0000000E+00   0.0000000E+00   0.0000000E+00   0.0000000E+00
   0.0000000E+00   0.0000000E+00   0.0000000E+00   0.0000000E+00   0.0000000E+00
   0.0000000E+00   0.0000000E+00   0.0000000E+00   0.0000000E+00   0.0000000E+00
   0.0000000E+00   0.0000000E+00   0.0000000E+00   0.0000000E+00   0.0000000E+00
   0.0000000E+00   0.0000000E+00   0.0000000E+00   0.0000000E+00   0.0000000E+00
   0.0000000E+00   0.0000000E+00   0.0000000E+00   0.0000000E+00   0.0000000E+00
   0.0000000E+00   0.0000000E+00   0.0000000E+00   0.0000000E+00   0.0000000E+00
   0.0000000E+00   0.0000000E+00   0.0000000E+00   0.0000000E+00   0.0000000E+00
   0.0000000E+00   0.0000000E+00   0.0000000E+00   0.0000000E+00   0.0000000E+00
   0.0000000E+00   0.0000000E+00   0.0000000E+00   0.0000000E+00   0.0000000E+00
   0.0000000E+00   0.0000000E+00   0.0000000E+00   0.0000000E+00   0.0000000E+00
   0.0000000E+00   0.0000000E+00   0.0000000E+00   0.0000000E+00   0.0000000E+00
   0.0000000E+00   0.0000000E+00   0.0000000E+00   0.0000000E+00   0.0000000E+00
   0.0000000E+00   0.0000000E+00   0.0000000E+00   0.0000000E+00   0.0000000E+00
   0.0000000E+00   0.0000000E+00   0.0000000E+00   0.0000000E+00   0.0000000E+00
   0.0000000E+00   0.0000000E+00   0.0000000E+00   0.0000000E+00   0.0000000E+00
   0.0000000E+00   0.0000000E+00   0.0000000E+00   0.0000000E+00   0.0000000E+00
   0.0000000E+00   0.0000000E+00   0.0000000E+00   0.0000000E+00   0.0000000E+00
   0.0000000E+00   0.0000000E+00   0.0000000E+00   0.0000000E+00   0.0000000E+00
   0.0000000E+00   0.0000000E+00   0.0000000E+00   0.0000000E+00   0.0000000E+00
   0.0000000E+00   0.0000000E+00   0.0000000E+00   0.0000000E+00   0.0000000E+00
     -4.     0.0     1.0     1.0
  -0.192  1.0073      1.  8.0208      3.   1.778            0.00      1.   -4
     +1. -58.787   1.101   0.677      0.  -0.509   1.101   0.677      0.
     +2.                                  35.239   1.131   0.523
     -4.  22.486   0.862   0.590          -0.094   0.862   0.590
  -2.033  1.0087      0.  7.0144      3.      0.              0.      1.   +4
     +1.     -1.    1.25    0.65      0.
     -4.                                   -24.0    1.25    0.65
      0.      1.      3.      1.     50.      0.
9
EOF

# --- NEW: change fort.7 (title + values with no angle and 5 in same row) to "angle xs" ---
A0=0.0      # angle first value
STEP=1.0    # angular step
tail -n +2 fort.7 | tr -s ' ' '\n' | \
  awk -v a0=$A0 -v s=$STEP 'NF{printf "%8.2f %14.6E\n", a0+(NR-1)*s, $1}' > fort7_2col.dat

  
normdw4 <<EOF
fort7_2col.dat
xs_dw4.n
2.93907
EOF
