# 181 angles,  1 tensor ranks for 0=projectile
@subtitle   "7Li(d,p) @ 7.5AMeV ADWA (d) + KD (p)"                                          
@legend ON
@legend x1 0.2
@legend y1 0.8
@g0 type LOGY
@yaxis ticklabel format power
@legend string   0 "Lab energy =   14.5311"
#legend string   0 "Partition=  2 Excit=  3 near/far= 1"
#  Theta       sigma       iT11        T20         T21         T22         Kyy for projectile
   0.000       61.88    
   1.000       61.76    
   2.000       61.42    
   3.000       60.85    
   4.000       60.05    
   5.000       59.01    
   6.000       57.74    
   7.000       56.24    
   8.000       54.50    
   9.000       52.54    
   10.00       50.36    
   11.00       47.99    
   12.00       45.44    
   13.00       42.76    
   14.00       39.97    
   15.00       37.12    
   16.00       34.26    
   17.00       31.44    
   18.00       28.71    
   19.00       26.11    
   20.00       23.67    
   21.00       21.43    
   22.00       19.40    
   23.00       17.59    
   24.00       16.00    
   25.00       14.61    
   26.00       13.40    
   27.00       12.36    
   28.00       11.44    
   29.00       10.64    
   30.00       9.912    
   31.00       9.246    
   32.00       8.621    
   33.00       8.024    
   34.00       7.444    
   35.00       6.878    
   36.00       6.327    
   37.00       5.796    
   38.00       5.296    
   39.00       4.836    
   40.00       4.429    
   41.00       4.083    
   42.00       3.804    
   43.00       3.592    
   44.00       3.440    
   45.00       3.340    
   46.00       3.278    
   47.00       3.238    
   48.00       3.207    
   49.00       3.171    
   50.00       3.124    
   51.00       3.059    
   52.00       2.978    
   53.00       2.883    
   54.00       2.780    
   55.00       2.675    
   56.00       2.575    
   57.00       2.486    
   58.00       2.412    
   59.00       2.357    
   60.00       2.322    
   61.00       2.307    
   62.00       2.310    
   63.00       2.328    
   64.00       2.356    
   65.00       2.388    
   66.00       2.419    
   67.00       2.442    
   68.00       2.452    
   69.00       2.443    
   70.00       2.415    
   71.00       2.364    
   72.00       2.294    
   73.00       2.205    
   74.00       2.102    
   75.00       1.991    
   76.00       1.875    
   77.00       1.760    
   78.00       1.649    
   79.00       1.545    
   80.00       1.451    
   81.00       1.366    
   82.00       1.292    
   83.00       1.226    
   84.00       1.168    
   85.00       1.117    
   86.00       1.071    
   87.00       1.029    
   88.00      0.9881    
   89.00      0.9485    
   90.00      0.9091    
   91.00      0.8690    
   92.00      0.8282    
   93.00      0.7864    
   94.00      0.7440    
   95.00      0.7015    
   96.00      0.6594    
   97.00      0.6187    
   98.00      0.5800    
   99.00      0.5441    
   100.0      0.5116    
   101.0      0.4830    
   102.0      0.4584    
   103.0      0.4378    
   104.0      0.4210    
   105.0      0.4077    
   106.0      0.3971    
   107.0      0.3889    
   108.0      0.3823    
   109.0      0.3767    
   110.0      0.3718    
   111.0      0.3669    
   112.0      0.3620    
   113.0      0.3568    
   114.0      0.3512    
   115.0      0.3454    
   116.0      0.3395    
   117.0      0.3336    
   118.0      0.3280    
   119.0      0.3229    
   120.0      0.3184    
   121.0      0.3147    
   122.0      0.3121    
   123.0      0.3104    
   124.0      0.3099    
   125.0      0.3105    
   126.0      0.3122    
   127.0      0.3148    
   128.0      0.3184    
   129.0      0.3229    
   130.0      0.3280    
   131.0      0.3337    
   132.0      0.3398    
   133.0      0.3462    
   134.0      0.3529    
   135.0      0.3596    
   136.0      0.3664    
   137.0      0.3731    
   138.0      0.3797    
   139.0      0.3862    
   140.0      0.3925    
   141.0      0.3986    
   142.0      0.4046    
   143.0      0.4104    
   144.0      0.4161    
   145.0      0.4217    
   146.0      0.4273    
   147.0      0.4329    
   148.0      0.4386    
   149.0      0.4443    
   150.0      0.4501    
   151.0      0.4561    
   152.0      0.4623    
   153.0      0.4687    
   154.0      0.4753    
   155.0      0.4821    
   156.0      0.4892    
   157.0      0.4964    
   158.0      0.5039    
   159.0      0.5115    
   160.0      0.5192    
   161.0      0.5270    
   162.0      0.5349    
   163.0      0.5427    
   164.0      0.5505    
   165.0      0.5582    
   166.0      0.5658    
   167.0      0.5731    
   168.0      0.5801    
   169.0      0.5868    
   170.0      0.5932    
   171.0      0.5990    
   172.0      0.6045    
   173.0      0.6093    
   174.0      0.6137    
   175.0      0.6174    
   176.0      0.6205    
   177.0      0.6229    
   178.0      0.6246    
   179.0      0.6257    
   180.0      0.6261    
 END
