# Fusion cross sections for ELAB=  14.531, ECM=  11.290
     0.5   34.56       35.15      0.5887    
     1.5   108.8       112.3       3.458    
     2.5   170.7       180.6       9.876    
     3.5   165.5       187.3       21.78    
     4.5   115.7       151.9       36.19    
     5.5   41.14       91.35       50.21    
     6.5  -8.362       38.37       46.73    
     7.5  -14.06       7.432       21.49    
     8.5  -6.555       1.319       7.874    
     9.5  -3.088      0.2506       3.339    
    10.5  -1.555      0.4887E-01   1.603    
    11.5  -1.074      0.9612E-02   1.084    
    12.5 -0.9315      0.1899E-02  0.9334    
    13.5 -0.6653      0.3774E-03  0.6656    
    14.5 -0.5562      0.7566E-04  0.5562    
    15.5 -0.5380      0.1534E-04  0.5380    
    16.5 -0.3394      0.3144E-05  0.3394    
    17.5 -0.1630      0.6489E-06  0.1630    
    18.5 -0.2018      0.1334E-06  0.2018    
    19.5 -0.1376      0.2688E-07  0.1376    
    20.5 -0.3195E-01  0.5219E-08  0.3195E-01
    21.5 -0.2386E-02  0.9612E-09  0.2386E-02
    22.5 -0.1838E-02  0.1660E-09  0.1838E-02
    23.5 -0.1233E-02  0.2625E-10  0.1233E-02
    24.5 -0.3619E-03  0.4437E-11  0.3619E-03
    25.5 -0.6264E-04  0.1216E-11  0.6264E-04
    26.5 -0.7303E-05  0.1226E-11  0.7303E-05
    27.5 -0.6157E-06  0.7704E-13  0.6157E-06
    28.5 -0.3924E-07  0.9176E-12  0.3924E-07
    29.5 -0.1951E-08  0.1651E-12  0.1951E-08
    30.5 -0.7671E-10  0.7250E-12  0.7743E-10
    31.5 -0.1970E-11  0.5283E-12  0.2498E-11
    32.5  0.1605E-12  0.2270E-12  0.6649E-13
    33.5  0.4195E-12  0.4210E-12  0.1478E-14
    34.5 -0.2773E-16  0.2524E-28  0.2773E-16
    35.5  0.2972E-12  0.2972E-12  0.4432E-18
    36.5  0.4072E-12  0.4072E-12  0.6081E-20
    37.5 -0.7215E-22   0.000      0.7215E-22
    38.5  0.1610E-12  0.1610E-12  0.7449E-24
    39.5  0.1101E-12  0.1101E-12  0.6727E-26
    40.5 -0.5640E-13 -0.5640E-13  0.5049E-28
 &
