# 181 angles,  1 tensor ranks for 0=projectile
@subtitle   "7Li(d,p) @ 7.5AMeV ADWA (d) + KD (p)"                                          
@legend ON
@legend x1 0.2
@legend y1 0.8
@g0 type LOGY
@yaxis ticklabel format power
@xaxis label "Scattering angle (degrees)"
@yaxis label "Cross section (mb/sr)"
@legend string   0 "Partition=  1 Excit=  1 near/far= 1"
#legend string   0 "Lab energy =   14.5311"
@s0 linestyle   1
#  Theta       sigma       iT11        T20         T21         T22         Kyy for projectile
  0.1000E-01  0.1578E+16
   1.000      0.1553E+08
   2.000      0.9315E+06
   3.000      0.1736E+06
   4.000      0.5136E+05
   5.000      0.1969E+05
   6.000       9018.    
   7.000       4769.    
   8.000       2868.    
   9.000       1939.    
   10.00       1452.    
   11.00       1179.    
   12.00       1015.    
   13.00       907.8    
   14.00       831.9    
   15.00       773.0    
   16.00       723.6    
   17.00       679.4    
   18.00       638.2    
   19.00       598.7    
   20.00       560.4    
   21.00       522.9    
   22.00       486.1    
   23.00       450.2    
   24.00       415.3    
   25.00       381.3    
   26.00       348.6    
   27.00       317.2    
   28.00       287.2    
   29.00       258.8    
   30.00       232.0    
   31.00       206.8    
   32.00       183.3    
   33.00       161.5    
   34.00       141.4    
   35.00       123.0    
   36.00       106.2    
   37.00       91.01    
   38.00       77.36    
   39.00       65.18    
   40.00       54.39    
   41.00       44.90    
   42.00       36.63    
   43.00       29.49    
   44.00       23.38    
   45.00       18.22    
   46.00       13.91    
   47.00       10.37    
   48.00       7.512    
   49.00       5.252    
   50.00       3.514    
   51.00       2.224    
   52.00       1.316    
   53.00      0.7262    
   54.00      0.3983    
   55.00      0.2805    
   56.00      0.3268    
   57.00      0.4964    
   58.00      0.7536    
   59.00       1.068    
   60.00       1.413    
   61.00       1.766    
   62.00       2.112    
   63.00       2.434    
   64.00       2.723    
   65.00       2.971    
   66.00       3.173    
   67.00       3.325    
   68.00       3.427    
   69.00       3.480    
   70.00       3.485    
   71.00       3.445    
   72.00       3.365    
   73.00       3.249    
   74.00       3.102    
   75.00       2.930    
   76.00       2.736    
   77.00       2.527    
   78.00       2.307    
   79.00       2.081    
   80.00       1.854    
   81.00       1.629    
   82.00       1.411    
   83.00       1.202    
   84.00       1.006    
   85.00      0.8242    
   86.00      0.6595    
   87.00      0.5133    
   88.00      0.3868    
   89.00      0.2809    
   90.00      0.1961    
   91.00      0.1327    
   92.00      0.9073E-01
   93.00      0.6999E-01
   94.00      0.7003E-01
   95.00      0.9022E-01
   96.00      0.1298    
   97.00      0.1878    
   98.00      0.2632    
   99.00      0.3549    
   100.0      0.4615    
   101.0      0.5819    
   102.0      0.7145    
   103.0      0.8579    
   104.0       1.011    
   105.0       1.171    
   106.0       1.338    
   107.0       1.509    
   108.0       1.683    
   109.0       1.858    
   110.0       2.032    
   111.0       2.204    
   112.0       2.372    
   113.0       2.534    
   114.0       2.688    
   115.0       2.833    
   116.0       2.968    
   117.0       3.090    
   118.0       3.199    
   119.0       3.292    
   120.0       3.370    
   121.0       3.430    
   122.0       3.472    
   123.0       3.495    
   124.0       3.499    
   125.0       3.483    
   126.0       3.448    
   127.0       3.393    
   128.0       3.320    
   129.0       3.228    
   130.0       3.118    
   131.0       2.993    
   132.0       2.852    
   133.0       2.699    
   134.0       2.534    
   135.0       2.361    
   136.0       2.181    
   137.0       1.996    
   138.0       1.810    
   139.0       1.624    
   140.0       1.443    
   141.0       1.268    
   142.0       1.102    
   143.0      0.9478    
   144.0      0.8087    
   145.0      0.6867    
   146.0      0.5844    
   147.0      0.5038    
   148.0      0.4468    
   149.0      0.4153    
   150.0      0.4105    
   151.0      0.4336    
   152.0      0.4852    
   153.0      0.5657    
   154.0      0.6750    
   155.0      0.8128    
   156.0      0.9784    
   157.0       1.170    
   158.0       1.387    
   159.0       1.628    
   160.0       1.888    
   161.0       2.168    
   162.0       2.462    
   163.0       2.770    
   164.0       3.086    
   165.0       3.407    
   166.0       3.731    
   167.0       4.053    
   168.0       4.370    
   169.0       4.678    
   170.0       4.973    
   171.0       5.252    
   172.0       5.512    
   173.0       5.749    
   174.0       5.961    
   175.0       6.144    
   176.0       6.298    
   177.0       6.419    
   178.0       6.507    
   179.0       6.560    
   180.0       6.577    
 END
@legend string   1 "Partition=  2 Excit=  1 near/far= 1"
#legend string   0 "Lab energy =   14.5311"
@s1 linestyle   2
#  Theta       sigma       iT11        T20         T21         T22         Kyy for projectile
   0.000       29.40    
   1.000       29.40    
   2.000       29.41    
   3.000       29.42    
   4.000       29.42    
   5.000       29.40    
   6.000       29.35    
   7.000       29.25    
   8.000       29.11    
   9.000       28.89    
   10.00       28.60    
   11.00       28.22    
   12.00       27.75    
   13.00       27.18    
   14.00       26.51    
   15.00       25.74    
   16.00       24.89    
   17.00       23.95    
   18.00       22.93    
   19.00       21.85    
   20.00       20.72    
   21.00       19.55    
   22.00       18.35    
   23.00       17.14    
   24.00       15.93    
   25.00       14.73    
   26.00       13.56    
   27.00       12.42    
   28.00       11.32    
   29.00       10.27    
   30.00       9.274    
   31.00       8.340    
   32.00       7.471    
   33.00       6.667    
   34.00       5.929    
   35.00       5.259    
   36.00       4.654    
   37.00       4.114    
   38.00       3.637    
   39.00       3.219    
   40.00       2.858    
   41.00       2.551    
   42.00       2.294    
   43.00       2.082    
   44.00       1.912    
   45.00       1.780    
   46.00       1.681    
   47.00       1.612    
   48.00       1.569    
   49.00       1.547    
   50.00       1.543    
   51.00       1.554    
   52.00       1.577    
   53.00       1.608    
   54.00       1.645    
   55.00       1.686    
   56.00       1.729    
   57.00       1.772    
   58.00       1.814    
   59.00       1.853    
   60.00       1.888    
   61.00       1.918    
   62.00       1.943    
   63.00       1.963    
   64.00       1.976    
   65.00       1.982    
   66.00       1.982    
   67.00       1.975    
   68.00       1.962    
   69.00       1.942    
   70.00       1.917    
   71.00       1.886    
   72.00       1.850    
   73.00       1.809    
   74.00       1.765    
   75.00       1.717    
   76.00       1.666    
   77.00       1.613    
   78.00       1.559    
   79.00       1.503    
   80.00       1.446    
   81.00       1.390    
   82.00       1.333    
   83.00       1.277    
   84.00       1.222    
   85.00       1.169    
   86.00       1.117    
   87.00       1.066    
   88.00       1.018    
   89.00      0.9720    
   90.00      0.9283    
   91.00      0.8871    
   92.00      0.8485    
   93.00      0.8125    
   94.00      0.7791    
   95.00      0.7485    
   96.00      0.7204    
   97.00      0.6950    
   98.00      0.6721    
   99.00      0.6516    
   100.0      0.6334    
   101.0      0.6174    
   102.0      0.6035    
   103.0      0.5915    
   104.0      0.5813    
   105.0      0.5727    
   106.0      0.5656    
   107.0      0.5599    
   108.0      0.5553    
   109.0      0.5518    
   110.0      0.5492    
   111.0      0.5474    
   112.0      0.5463    
   113.0      0.5458    
   114.0      0.5458    
   115.0      0.5462    
   116.0      0.5469    
   117.0      0.5478    
   118.0      0.5490    
   119.0      0.5503    
   120.0      0.5517    
   121.0      0.5532    
   122.0      0.5548    
   123.0      0.5565    
   124.0      0.5581    
   125.0      0.5599    
   126.0      0.5617    
   127.0      0.5635    
   128.0      0.5655    
   129.0      0.5675    
   130.0      0.5698    
   131.0      0.5722    
   132.0      0.5748    
   133.0      0.5776    
   134.0      0.5807    
   135.0      0.5841    
   136.0      0.5879    
   137.0      0.5920    
   138.0      0.5965    
   139.0      0.6015    
   140.0      0.6069    
   141.0      0.6127    
   142.0      0.6190    
   143.0      0.6258    
   144.0      0.6331    
   145.0      0.6408    
   146.0      0.6491    
   147.0      0.6577    
   148.0      0.6668    
   149.0      0.6764    
   150.0      0.6863    
   151.0      0.6966    
   152.0      0.7072    
   153.0      0.7181    
   154.0      0.7292    
   155.0      0.7405    
   156.0      0.7520    
   157.0      0.7635    
   158.0      0.7751    
   159.0      0.7867    
   160.0      0.7983    
   161.0      0.8097    
   162.0      0.8209    
   163.0      0.8319    
   164.0      0.8426    
   165.0      0.8530    
   166.0      0.8629    
   167.0      0.8724    
   168.0      0.8815    
   169.0      0.8899    
   170.0      0.8978    
   171.0      0.9051    
   172.0      0.9117    
   173.0      0.9176    
   174.0      0.9228    
   175.0      0.9273    
   176.0      0.9309    
   177.0      0.9338    
   178.0      0.9359    
   179.0      0.9371    
   180.0      0.9375    
 END
@legend string   2 "Partition=  2 Excit=  2 near/far= 1"
#legend string   0 "Lab energy =   14.5311"
@s2 linestyle   3
#  Theta       sigma       iT11        T20         T21         T22         Kyy for projectile
   0.000       22.87    
   1.000       22.84    
   2.000       22.77    
   3.000       22.64    
   4.000       22.45    
   5.000       22.22    
   6.000       21.92    
   7.000       21.57    
   8.000       21.17    
   9.000       20.70    
   10.00       20.18    
   11.00       19.60    
   12.00       18.97    
   13.00       18.29    
   14.00       17.56    
   15.00       16.79    
   16.00       15.99    
   17.00       15.16    
   18.00       14.32    
   19.00       13.46    
   20.00       12.60    
   21.00       11.75    
   22.00       10.92    
   23.00       10.10    
   24.00       9.309    
   25.00       8.551    
   26.00       7.830    
   27.00       7.148    
   28.00       6.507    
   29.00       5.909    
   30.00       5.353    
   31.00       4.839    
   32.00       4.367    
   33.00       3.935    
   34.00       3.541    
   35.00       3.185    
   36.00       2.864    
   37.00       2.577    
   38.00       2.324    
   39.00       2.101    
   40.00       1.907    
   41.00       1.742    
   42.00       1.602    
   43.00       1.486    
   44.00       1.392    
   45.00       1.317    
   46.00       1.259    
   47.00       1.215    
   48.00       1.184    
   49.00       1.163    
   50.00       1.149    
   51.00       1.142    
   52.00       1.140    
   53.00       1.141    
   54.00       1.144    
   55.00       1.149    
   56.00       1.155    
   57.00       1.161    
   58.00       1.167    
   59.00       1.172    
   60.00       1.176    
   61.00       1.179    
   62.00       1.180    
   63.00       1.180    
   64.00       1.177    
   65.00       1.171    
   66.00       1.162    
   67.00       1.151    
   68.00       1.136    
   69.00       1.118    
   70.00       1.097    
   71.00       1.073    
   72.00       1.047    
   73.00       1.018    
   74.00      0.9870    
   75.00      0.9547    
   76.00      0.9212    
   77.00      0.8869    
   78.00      0.8523    
   79.00      0.8175    
   80.00      0.7828    
   81.00      0.7486    
   82.00      0.7149    
   83.00      0.6818    
   84.00      0.6497    
   85.00      0.6184    
   86.00      0.5881    
   87.00      0.5588    
   88.00      0.5306    
   89.00      0.5035    
   90.00      0.4777    
   91.00      0.4530    
   92.00      0.4297    
   93.00      0.4077    
   94.00      0.3872    
   95.00      0.3680    
   96.00      0.3503    
   97.00      0.3340    
   98.00      0.3191    
   99.00      0.3057    
   100.0      0.2937    
   101.0      0.2830    
   102.0      0.2735    
   103.0      0.2652    
   104.0      0.2580    
   105.0      0.2519    
   106.0      0.2466    
   107.0      0.2422    
   108.0      0.2385    
   109.0      0.2355    
   110.0      0.2331    
   111.0      0.2312    
   112.0      0.2298    
   113.0      0.2288    
   114.0      0.2282    
   115.0      0.2278    
   116.0      0.2278    
   117.0      0.2279    
   118.0      0.2283    
   119.0      0.2289    
   120.0      0.2297    
   121.0      0.2306    
   122.0      0.2316    
   123.0      0.2327    
   124.0      0.2340    
   125.0      0.2353    
   126.0      0.2367    
   127.0      0.2381    
   128.0      0.2397    
   129.0      0.2413    
   130.0      0.2429    
   131.0      0.2447    
   132.0      0.2465    
   133.0      0.2483    
   134.0      0.2503    
   135.0      0.2524    
   136.0      0.2545    
   137.0      0.2568    
   138.0      0.2593    
   139.0      0.2619    
   140.0      0.2646    
   141.0      0.2676    
   142.0      0.2707    
   143.0      0.2740    
   144.0      0.2775    
   145.0      0.2813    
   146.0      0.2852    
   147.0      0.2894    
   148.0      0.2938    
   149.0      0.2984    
   150.0      0.3032    
   151.0      0.3082    
   152.0      0.3134    
   153.0      0.3188    
   154.0      0.3243    
   155.0      0.3300    
   156.0      0.3357    
   157.0      0.3416    
   158.0      0.3475    
   159.0      0.3534    
   160.0      0.3594    
   161.0      0.3653    
   162.0      0.3712    
   163.0      0.3769    
   164.0      0.3826    
   165.0      0.3881    
   166.0      0.3934    
   167.0      0.3985    
   168.0      0.4034    
   169.0      0.4080    
   170.0      0.4122    
   171.0      0.4162    
   172.0      0.4198    
   173.0      0.4231    
   174.0      0.4259    
   175.0      0.4284    
   176.0      0.4304    
   177.0      0.4320    
   178.0      0.4331    
   179.0      0.4338    
   180.0      0.4340    
 END
@legend string   3 "Partition=  2 Excit=  3 near/far= 1"
#legend string   0 "Lab energy =   14.5311"
@s3 linestyle   4
#  Theta       sigma       iT11        T20         T21         T22         Kyy for projectile
   0.000       61.88    
   1.000       61.76    
   2.000       61.42    
   3.000       60.85    
   4.000       60.05    
   5.000       59.01    
   6.000       57.74    
   7.000       56.24    
   8.000       54.50    
   9.000       52.54    
   10.00       50.36    
   11.00       47.99    
   12.00       45.44    
   13.00       42.76    
   14.00       39.97    
   15.00       37.12    
   16.00       34.26    
   17.00       31.44    
   18.00       28.71    
   19.00       26.11    
   20.00       23.67    
   21.00       21.43    
   22.00       19.40    
   23.00       17.59    
   24.00       16.00    
   25.00       14.61    
   26.00       13.40    
   27.00       12.36    
   28.00       11.44    
   29.00       10.64    
   30.00       9.912    
   31.00       9.246    
   32.00       8.621    
   33.00       8.024    
   34.00       7.444    
   35.00       6.878    
   36.00       6.327    
   37.00       5.796    
   38.00       5.296    
   39.00       4.836    
   40.00       4.429    
   41.00       4.083    
   42.00       3.804    
   43.00       3.592    
   44.00       3.440    
   45.00       3.340    
   46.00       3.278    
   47.00       3.238    
   48.00       3.207    
   49.00       3.171    
   50.00       3.124    
   51.00       3.059    
   52.00       2.978    
   53.00       2.883    
   54.00       2.780    
   55.00       2.675    
   56.00       2.575    
   57.00       2.486    
   58.00       2.412    
   59.00       2.357    
   60.00       2.322    
   61.00       2.307    
   62.00       2.310    
   63.00       2.328    
   64.00       2.356    
   65.00       2.388    
   66.00       2.419    
   67.00       2.442    
   68.00       2.452    
   69.00       2.443    
   70.00       2.415    
   71.00       2.364    
   72.00       2.294    
   73.00       2.205    
   74.00       2.102    
   75.00       1.991    
   76.00       1.875    
   77.00       1.760    
   78.00       1.649    
   79.00       1.545    
   80.00       1.451    
   81.00       1.366    
   82.00       1.292    
   83.00       1.226    
   84.00       1.168    
   85.00       1.117    
   86.00       1.071    
   87.00       1.029    
   88.00      0.9881    
   89.00      0.9485    
   90.00      0.9091    
   91.00      0.8690    
   92.00      0.8282    
   93.00      0.7864    
   94.00      0.7440    
   95.00      0.7015    
   96.00      0.6594    
   97.00      0.6187    
   98.00      0.5800    
   99.00      0.5441    
   100.0      0.5116    
   101.0      0.4830    
   102.0      0.4584    
   103.0      0.4378    
   104.0      0.4210    
   105.0      0.4077    
   106.0      0.3971    
   107.0      0.3889    
   108.0      0.3823    
   109.0      0.3767    
   110.0      0.3718    
   111.0      0.3669    
   112.0      0.3620    
   113.0      0.3568    
   114.0      0.3512    
   115.0      0.3454    
   116.0      0.3395    
   117.0      0.3336    
   118.0      0.3280    
   119.0      0.3229    
   120.0      0.3184    
   121.0      0.3147    
   122.0      0.3121    
   123.0      0.3104    
   124.0      0.3099    
   125.0      0.3105    
   126.0      0.3122    
   127.0      0.3148    
   128.0      0.3184    
   129.0      0.3229    
   130.0      0.3280    
   131.0      0.3337    
   132.0      0.3398    
   133.0      0.3462    
   134.0      0.3529    
   135.0      0.3596    
   136.0      0.3664    
   137.0      0.3731    
   138.0      0.3797    
   139.0      0.3862    
   140.0      0.3925    
   141.0      0.3986    
   142.0      0.4046    
   143.0      0.4104    
   144.0      0.4161    
   145.0      0.4217    
   146.0      0.4273    
   147.0      0.4329    
   148.0      0.4386    
   149.0      0.4443    
   150.0      0.4501    
   151.0      0.4561    
   152.0      0.4623    
   153.0      0.4687    
   154.0      0.4753    
   155.0      0.4821    
   156.0      0.4892    
   157.0      0.4964    
   158.0      0.5039    
   159.0      0.5115    
   160.0      0.5192    
   161.0      0.5270    
   162.0      0.5349    
   163.0      0.5427    
   164.0      0.5505    
   165.0      0.5582    
   166.0      0.5658    
   167.0      0.5731    
   168.0      0.5801    
   169.0      0.5868    
   170.0      0.5932    
   171.0      0.5990    
   172.0      0.6045    
   173.0      0.6093    
   174.0      0.6137    
   175.0      0.6174    
   176.0      0.6205    
   177.0      0.6229    
   178.0      0.6246    
   179.0      0.6257    
   180.0      0.6261    
 END
@legend string   4 "Partition=  2 Excit=  4 near/far= 1"
#legend string   0 "Lab energy =   14.5311"
@s4 linestyle   5
#  Theta       sigma       iT11        T20         T21         T22         Kyy for projectile
   0.000       64.55    
   1.000       64.43    
   2.000       64.04    
   3.000       63.40    
   4.000       62.50    
   5.000       61.32    
   6.000       59.87    
   7.000       58.13    
   8.000       56.11    
   9.000       53.81    
   10.00       51.25    
   11.00       48.45    
   12.00       45.45    
   13.00       42.28    
   14.00       39.02    
   15.00       35.72    
   16.00       32.44    
   17.00       29.27    
   18.00       26.26    
   19.00       23.46    
   20.00       20.93    
   21.00       18.68    
   22.00       16.73    
   23.00       15.07    
   24.00       13.68    
   25.00       12.53    
   26.00       11.58    
   27.00       10.81    
   28.00       10.16    
   29.00       9.610    
   30.00       9.123    
   31.00       8.670    
   32.00       8.229    
   33.00       7.781    
   34.00       7.313    
   35.00       6.820    
   36.00       6.305    
   37.00       5.780    
   38.00       5.260    
   39.00       4.769    
   40.00       4.330    
   41.00       3.961    
   42.00       3.676    
   43.00       3.478    
   44.00       3.360    
   45.00       3.306    
   46.00       3.294    
   47.00       3.300    
   48.00       3.301    
   49.00       3.279    
   50.00       3.224    
   51.00       3.132    
   52.00       3.007    
   53.00       2.859    
   54.00       2.698    
   55.00       2.536    
   56.00       2.386    
   57.00       2.255    
   58.00       2.151    
   59.00       2.077    
   60.00       2.035    
   61.00       2.025    
   62.00       2.044    
   63.00       2.089    
   64.00       2.153    
   65.00       2.227    
   66.00       2.303    
   67.00       2.371    
   68.00       2.420    
   69.00       2.443    
   70.00       2.435    
   71.00       2.393    
   72.00       2.319    
   73.00       2.217    
   74.00       2.093    
   75.00       1.956    
   76.00       1.812    
   77.00       1.671    
   78.00       1.538    
   79.00       1.418    
   80.00       1.312    
   81.00       1.223    
   82.00       1.148    
   83.00       1.088    
   84.00       1.038    
   85.00      0.9979    
   86.00      0.9643    
   87.00      0.9351    
   88.00      0.9083    
   89.00      0.8821    
   90.00      0.8550    
   91.00      0.8261    
   92.00      0.7944    
   93.00      0.7597    
   94.00      0.7220    
   95.00      0.6819    
   96.00      0.6402    
   97.00      0.5980    
   98.00      0.5568    
   99.00      0.5177    
   100.0      0.4821    
   101.0      0.4508    
   102.0      0.4245    
   103.0      0.4034    
   104.0      0.3873    
   105.0      0.3757    
   106.0      0.3678    
   107.0      0.3628    
   108.0      0.3595    
   109.0      0.3570    
   110.0      0.3546    
   111.0      0.3516    
   112.0      0.3475    
   113.0      0.3421    
   114.0      0.3355    
   115.0      0.3278    
   116.0      0.3192    
   117.0      0.3102    
   118.0      0.3012    
   119.0      0.2925    
   120.0      0.2847    
   121.0      0.2778    
   122.0      0.2723    
   123.0      0.2683    
   124.0      0.2658    
   125.0      0.2649    
   126.0      0.2655    
   127.0      0.2676    
   128.0      0.2710    
   129.0      0.2755    
   130.0      0.2810    
   131.0      0.2873    
   132.0      0.2942    
   133.0      0.3015    
   134.0      0.3091    
   135.0      0.3168    
   136.0      0.3244    
   137.0      0.3320    
   138.0      0.3392    
   139.0      0.3462    
   140.0      0.3529    
   141.0      0.3592    
   142.0      0.3651    
   143.0      0.3707    
   144.0      0.3759    
   145.0      0.3808    
   146.0      0.3855    
   147.0      0.3899    
   148.0      0.3942    
   149.0      0.3985    
   150.0      0.4027    
   151.0      0.4070    
   152.0      0.4113    
   153.0      0.4157    
   154.0      0.4204    
   155.0      0.4252    
   156.0      0.4302    
   157.0      0.4354    
   158.0      0.4408    
   159.0      0.4464    
   160.0      0.4522    
   161.0      0.4582    
   162.0      0.4642    
   163.0      0.4704    
   164.0      0.4766    
   165.0      0.4827    
   166.0      0.4889    
   167.0      0.4948    
   168.0      0.5006    
   169.0      0.5062    
   170.0      0.5115    
   171.0      0.5165    
   172.0      0.5211    
   173.0      0.5252    
   174.0      0.5289    
   175.0      0.5321    
   176.0      0.5348    
   177.0      0.5369    
   178.0      0.5384    
   179.0      0.5393    
   180.0      0.5396    
 END
@legend string   5 "Partition=  2 Excit=  5 near/far= 1"
#legend string   0 "Lab energy =   14.5311"
@s5 linestyle   1
#  Theta       sigma       iT11        T20         T21         T22         Kyy for projectile
   0.000       189.4    
   1.000       188.8    
   2.000       187.1    
   3.000       184.2    
   4.000       180.1    
   5.000       174.7    
   6.000       168.2    
   7.000       160.3    
   8.000       151.3    
   9.000       141.2    
   10.00       130.1    
   11.00       118.3    
   12.00       105.9    
   13.00       93.34    
   14.00       80.92    
   15.00       69.00    
   16.00       57.92    
   17.00       47.97    
   18.00       39.37    
   19.00       32.23    
   20.00       26.57    
   21.00       22.29    
   22.00       19.22    
   23.00       17.15    
   24.00       15.83    
   25.00       15.04    
   26.00       14.60    
   27.00       14.37    
   28.00       14.28    
   29.00       14.29    
   30.00       14.35    
   31.00       14.43    
   32.00       14.48    
   33.00       14.43    
   34.00       14.19    
   35.00       13.72    
   36.00       12.99    
   37.00       12.05    
   38.00       10.98    
   39.00       9.929    
   40.00       9.051    
   41.00       8.486    
   42.00       8.325    
   43.00       8.582    
   44.00       9.192    
   45.00       10.02    
   46.00       10.89    
   47.00       11.63    
   48.00       12.08    
   49.00       12.14    
   50.00       11.80    
   51.00       11.10    
   52.00       10.14    
   53.00       9.016    
   54.00       7.865    
   55.00       6.782    
   56.00       5.833    
   57.00       5.054    
   58.00       4.454    
   59.00       4.027    
   60.00       3.762    
   61.00       3.649    
   62.00       3.679    
   63.00       3.847    
   64.00       4.139    
   65.00       4.529    
   66.00       4.979    
   67.00       5.435    
   68.00       5.839    
   69.00       6.132    
   70.00       6.268    
   71.00       6.217    
   72.00       5.976    
   73.00       5.564    
   74.00       5.020    
   75.00       4.395    
   76.00       3.743    
   77.00       3.114    
   78.00       2.546    
   79.00       2.064    
   80.00       1.678    
   81.00       1.385    
   82.00       1.176    
   83.00       1.035    
   84.00      0.9484    
   85.00      0.9025    
   86.00      0.8879    
   87.00      0.8976    
   88.00      0.9267    
   89.00      0.9703    
   90.00       1.023    
   91.00       1.078    
   92.00       1.128    
   93.00       1.164    
   94.00       1.179    
   95.00       1.168    
   96.00       1.129    
   97.00       1.062    
   98.00      0.9722    
   99.00      0.8670    
   100.0      0.7552    
   101.0      0.6463    
   102.0      0.5489    
   103.0      0.4695    
   104.0      0.4125    
   105.0      0.3791    
   106.0      0.3679    
   107.0      0.3755    
   108.0      0.3967    
   109.0      0.4259    
   110.0      0.4571    
   111.0      0.4855    
   112.0      0.5071    
   113.0      0.5195    
   114.0      0.5215    
   115.0      0.5135    
   116.0      0.4965    
   117.0      0.4727    
   118.0      0.4442    
   119.0      0.4135    
   120.0      0.3828    
   121.0      0.3538    
   122.0      0.3279    
   123.0      0.3060    
   124.0      0.2886    
   125.0      0.2756    
   126.0      0.2670    
   127.0      0.2623    
   128.0      0.2611    
   129.0      0.2628    
   130.0      0.2671    
   131.0      0.2736    
   132.0      0.2820    
   133.0      0.2922    
   134.0      0.3039    
   135.0      0.3171    
   136.0      0.3317    
   137.0      0.3477    
   138.0      0.3649    
   139.0      0.3832    
   140.0      0.4025    
   141.0      0.4225    
   142.0      0.4429    
   143.0      0.4636    
   144.0      0.4842    
   145.0      0.5045    
   146.0      0.5242    
   147.0      0.5430    
   148.0      0.5608    
   149.0      0.5773    
   150.0      0.5924    
   151.0      0.6061    
   152.0      0.6181    
   153.0      0.6286    
   154.0      0.6375    
   155.0      0.6449    
   156.0      0.6509    
   157.0      0.6554    
   158.0      0.6587    
   159.0      0.6609    
   160.0      0.6620    
   161.0      0.6623    
   162.0      0.6618    
   163.0      0.6607    
   164.0      0.6591    
   165.0      0.6571    
   166.0      0.6548    
   167.0      0.6523    
   168.0      0.6497    
   169.0      0.6470    
   170.0      0.6444    
   171.0      0.6419    
   172.0      0.6395    
   173.0      0.6374    
   174.0      0.6354    
   175.0      0.6337    
   176.0      0.6323    
   177.0      0.6312    
   178.0      0.6304    
   179.0      0.6299    
   180.0      0.6297    
 END
