# 181 angles,  1 tensor ranks for 0=projectile
@subtitle   "7Li(d,p) @ 7.5AMeV ADWA (d) + KD (p)"                                          
@legend ON
@legend x1 0.2
@legend y1 0.8
@g0 type LOGY
@yaxis ticklabel format power
@legend string   0 "Lab energy =   14.5311"
#legend string   0 "Partition=  2 Excit=  5 near/far= 1"
#  Theta       sigma       iT11        T20         T21         T22         Kyy for projectile
   0.000       189.4    
   1.000       188.8    
   2.000       187.1    
   3.000       184.2    
   4.000       180.1    
   5.000       174.7    
   6.000       168.2    
   7.000       160.3    
   8.000       151.3    
   9.000       141.2    
   10.00       130.1    
   11.00       118.3    
   12.00       105.9    
   13.00       93.34    
   14.00       80.92    
   15.00       69.00    
   16.00       57.92    
   17.00       47.97    
   18.00       39.37    
   19.00       32.23    
   20.00       26.57    
   21.00       22.29    
   22.00       19.22    
   23.00       17.15    
   24.00       15.83    
   25.00       15.04    
   26.00       14.60    
   27.00       14.37    
   28.00       14.28    
   29.00       14.29    
   30.00       14.35    
   31.00       14.43    
   32.00       14.48    
   33.00       14.43    
   34.00       14.19    
   35.00       13.72    
   36.00       12.99    
   37.00       12.05    
   38.00       10.98    
   39.00       9.929    
   40.00       9.051    
   41.00       8.486    
   42.00       8.325    
   43.00       8.582    
   44.00       9.192    
   45.00       10.02    
   46.00       10.89    
   47.00       11.63    
   48.00       12.08    
   49.00       12.14    
   50.00       11.80    
   51.00       11.10    
   52.00       10.14    
   53.00       9.016    
   54.00       7.865    
   55.00       6.782    
   56.00       5.833    
   57.00       5.054    
   58.00       4.454    
   59.00       4.027    
   60.00       3.762    
   61.00       3.649    
   62.00       3.679    
   63.00       3.847    
   64.00       4.139    
   65.00       4.529    
   66.00       4.979    
   67.00       5.435    
   68.00       5.839    
   69.00       6.132    
   70.00       6.268    
   71.00       6.217    
   72.00       5.976    
   73.00       5.564    
   74.00       5.020    
   75.00       4.395    
   76.00       3.743    
   77.00       3.114    
   78.00       2.546    
   79.00       2.064    
   80.00       1.678    
   81.00       1.385    
   82.00       1.176    
   83.00       1.035    
   84.00      0.9484    
   85.00      0.9025    
   86.00      0.8879    
   87.00      0.8976    
   88.00      0.9267    
   89.00      0.9703    
   90.00       1.023    
   91.00       1.078    
   92.00       1.128    
   93.00       1.164    
   94.00       1.179    
   95.00       1.168    
   96.00       1.129    
   97.00       1.062    
   98.00      0.9722    
   99.00      0.8670    
   100.0      0.7552    
   101.0      0.6463    
   102.0      0.5489    
   103.0      0.4695    
   104.0      0.4125    
   105.0      0.3791    
   106.0      0.3679    
   107.0      0.3755    
   108.0      0.3967    
   109.0      0.4259    
   110.0      0.4571    
   111.0      0.4855    
   112.0      0.5071    
   113.0      0.5195    
   114.0      0.5215    
   115.0      0.5135    
   116.0      0.4965    
   117.0      0.4727    
   118.0      0.4442    
   119.0      0.4135    
   120.0      0.3828    
   121.0      0.3538    
   122.0      0.3279    
   123.0      0.3060    
   124.0      0.2886    
   125.0      0.2756    
   126.0      0.2670    
   127.0      0.2623    
   128.0      0.2611    
   129.0      0.2628    
   130.0      0.2671    
   131.0      0.2736    
   132.0      0.2820    
   133.0      0.2922    
   134.0      0.3039    
   135.0      0.3171    
   136.0      0.3317    
   137.0      0.3477    
   138.0      0.3649    
   139.0      0.3832    
   140.0      0.4025    
   141.0      0.4225    
   142.0      0.4429    
   143.0      0.4636    
   144.0      0.4842    
   145.0      0.5045    
   146.0      0.5242    
   147.0      0.5430    
   148.0      0.5608    
   149.0      0.5773    
   150.0      0.5924    
   151.0      0.6061    
   152.0      0.6181    
   153.0      0.6286    
   154.0      0.6375    
   155.0      0.6449    
   156.0      0.6509    
   157.0      0.6554    
   158.0      0.6587    
   159.0      0.6609    
   160.0      0.6620    
   161.0      0.6623    
   162.0      0.6618    
   163.0      0.6607    
   164.0      0.6591    
   165.0      0.6571    
   166.0      0.6548    
   167.0      0.6523    
   168.0      0.6497    
   169.0      0.6470    
   170.0      0.6444    
   171.0      0.6419    
   172.0      0.6395    
   173.0      0.6374    
   174.0      0.6354    
   175.0      0.6337    
   176.0      0.6323    
   177.0      0.6312    
   178.0      0.6304    
   179.0      0.6299    
   180.0      0.6297    
 END
