# 181 angles,  1 tensor ranks for 0=projectile
@subtitle   "7Li(d,p) @ 7.5AMeV ADWA (d) + KD (p)"                                          
@legend ON
@legend x1 0.2
@legend y1 0.8
@g0 type LOGY
@yaxis ticklabel format power
@legend string   0 "Lab energy =   14.5311"
#legend string   0 "Partition=  2 Excit=  2 near/far= 1"
#  Theta       sigma       iT11        T20         T21         T22         Kyy for projectile
   0.000       22.87    
   1.000       22.84    
   2.000       22.77    
   3.000       22.64    
   4.000       22.45    
   5.000       22.22    
   6.000       21.92    
   7.000       21.57    
   8.000       21.17    
   9.000       20.70    
   10.00       20.18    
   11.00       19.60    
   12.00       18.97    
   13.00       18.29    
   14.00       17.56    
   15.00       16.79    
   16.00       15.99    
   17.00       15.16    
   18.00       14.32    
   19.00       13.46    
   20.00       12.60    
   21.00       11.75    
   22.00       10.92    
   23.00       10.10    
   24.00       9.309    
   25.00       8.551    
   26.00       7.830    
   27.00       7.148    
   28.00       6.507    
   29.00       5.909    
   30.00       5.353    
   31.00       4.839    
   32.00       4.367    
   33.00       3.935    
   34.00       3.541    
   35.00       3.185    
   36.00       2.864    
   37.00       2.577    
   38.00       2.324    
   39.00       2.101    
   40.00       1.907    
   41.00       1.742    
   42.00       1.602    
   43.00       1.486    
   44.00       1.392    
   45.00       1.317    
   46.00       1.259    
   47.00       1.215    
   48.00       1.184    
   49.00       1.163    
   50.00       1.149    
   51.00       1.142    
   52.00       1.140    
   53.00       1.141    
   54.00       1.144    
   55.00       1.149    
   56.00       1.155    
   57.00       1.161    
   58.00       1.167    
   59.00       1.172    
   60.00       1.176    
   61.00       1.179    
   62.00       1.180    
   63.00       1.180    
   64.00       1.177    
   65.00       1.171    
   66.00       1.162    
   67.00       1.151    
   68.00       1.136    
   69.00       1.118    
   70.00       1.097    
   71.00       1.073    
   72.00       1.047    
   73.00       1.018    
   74.00      0.9870    
   75.00      0.9547    
   76.00      0.9212    
   77.00      0.8869    
   78.00      0.8523    
   79.00      0.8175    
   80.00      0.7828    
   81.00      0.7486    
   82.00      0.7149    
   83.00      0.6818    
   84.00      0.6497    
   85.00      0.6184    
   86.00      0.5881    
   87.00      0.5588    
   88.00      0.5306    
   89.00      0.5035    
   90.00      0.4777    
   91.00      0.4530    
   92.00      0.4297    
   93.00      0.4077    
   94.00      0.3872    
   95.00      0.3680    
   96.00      0.3503    
   97.00      0.3340    
   98.00      0.3191    
   99.00      0.3057    
   100.0      0.2937    
   101.0      0.2830    
   102.0      0.2735    
   103.0      0.2652    
   104.0      0.2580    
   105.0      0.2519    
   106.0      0.2466    
   107.0      0.2422    
   108.0      0.2385    
   109.0      0.2355    
   110.0      0.2331    
   111.0      0.2312    
   112.0      0.2298    
   113.0      0.2288    
   114.0      0.2282    
   115.0      0.2278    
   116.0      0.2278    
   117.0      0.2279    
   118.0      0.2283    
   119.0      0.2289    
   120.0      0.2297    
   121.0      0.2306    
   122.0      0.2316    
   123.0      0.2327    
   124.0      0.2340    
   125.0      0.2353    
   126.0      0.2367    
   127.0      0.2381    
   128.0      0.2397    
   129.0      0.2413    
   130.0      0.2429    
   131.0      0.2447    
   132.0      0.2465    
   133.0      0.2483    
   134.0      0.2503    
   135.0      0.2524    
   136.0      0.2545    
   137.0      0.2568    
   138.0      0.2593    
   139.0      0.2619    
   140.0      0.2646    
   141.0      0.2676    
   142.0      0.2707    
   143.0      0.2740    
   144.0      0.2775    
   145.0      0.2813    
   146.0      0.2852    
   147.0      0.2894    
   148.0      0.2938    
   149.0      0.2984    
   150.0      0.3032    
   151.0      0.3082    
   152.0      0.3134    
   153.0      0.3188    
   154.0      0.3243    
   155.0      0.3300    
   156.0      0.3357    
   157.0      0.3416    
   158.0      0.3475    
   159.0      0.3534    
   160.0      0.3594    
   161.0      0.3653    
   162.0      0.3712    
   163.0      0.3769    
   164.0      0.3826    
   165.0      0.3881    
   166.0      0.3934    
   167.0      0.3985    
   168.0      0.4034    
   169.0      0.4080    
   170.0      0.4122    
   171.0      0.4162    
   172.0      0.4198    
   173.0      0.4231    
   174.0      0.4259    
   175.0      0.4284    
   176.0      0.4304    
   177.0      0.4320    
   178.0      0.4331    
   179.0      0.4338    
   180.0      0.4340    
 END
