# 181 angles,  1 tensor ranks for 0=projectile
@subtitle   "7Li(d,p) @ 7.5AMeV ADWA (d) + KD (p)"                                          
@legend ON
@legend x1 0.2
@legend y1 0.8
@g0 type LOGY
@yaxis ticklabel format power
@legend string   0 "Lab energy =   14.5311"
#legend string   0 "Partition=  2 Excit=  4 near/far= 1"
#  Theta       sigma       iT11        T20         T21         T22         Kyy for projectile
   0.000       64.55    
   1.000       64.43    
   2.000       64.04    
   3.000       63.40    
   4.000       62.50    
   5.000       61.32    
   6.000       59.87    
   7.000       58.13    
   8.000       56.11    
   9.000       53.81    
   10.00       51.25    
   11.00       48.45    
   12.00       45.45    
   13.00       42.28    
   14.00       39.02    
   15.00       35.72    
   16.00       32.44    
   17.00       29.27    
   18.00       26.26    
   19.00       23.46    
   20.00       20.93    
   21.00       18.68    
   22.00       16.73    
   23.00       15.07    
   24.00       13.68    
   25.00       12.53    
   26.00       11.58    
   27.00       10.81    
   28.00       10.16    
   29.00       9.610    
   30.00       9.123    
   31.00       8.670    
   32.00       8.229    
   33.00       7.781    
   34.00       7.313    
   35.00       6.820    
   36.00       6.305    
   37.00       5.780    
   38.00       5.260    
   39.00       4.769    
   40.00       4.330    
   41.00       3.961    
   42.00       3.676    
   43.00       3.478    
   44.00       3.360    
   45.00       3.306    
   46.00       3.294    
   47.00       3.300    
   48.00       3.301    
   49.00       3.279    
   50.00       3.224    
   51.00       3.132    
   52.00       3.007    
   53.00       2.859    
   54.00       2.698    
   55.00       2.536    
   56.00       2.386    
   57.00       2.255    
   58.00       2.151    
   59.00       2.077    
   60.00       2.035    
   61.00       2.025    
   62.00       2.044    
   63.00       2.089    
   64.00       2.153    
   65.00       2.227    
   66.00       2.303    
   67.00       2.371    
   68.00       2.420    
   69.00       2.443    
   70.00       2.435    
   71.00       2.393    
   72.00       2.319    
   73.00       2.217    
   74.00       2.093    
   75.00       1.956    
   76.00       1.812    
   77.00       1.671    
   78.00       1.538    
   79.00       1.418    
   80.00       1.312    
   81.00       1.223    
   82.00       1.148    
   83.00       1.088    
   84.00       1.038    
   85.00      0.9979    
   86.00      0.9643    
   87.00      0.9351    
   88.00      0.9083    
   89.00      0.8821    
   90.00      0.8550    
   91.00      0.8261    
   92.00      0.7944    
   93.00      0.7597    
   94.00      0.7220    
   95.00      0.6819    
   96.00      0.6402    
   97.00      0.5980    
   98.00      0.5568    
   99.00      0.5177    
   100.0      0.4821    
   101.0      0.4508    
   102.0      0.4245    
   103.0      0.4034    
   104.0      0.3873    
   105.0      0.3757    
   106.0      0.3678    
   107.0      0.3628    
   108.0      0.3595    
   109.0      0.3570    
   110.0      0.3546    
   111.0      0.3516    
   112.0      0.3475    
   113.0      0.3421    
   114.0      0.3355    
   115.0      0.3278    
   116.0      0.3192    
   117.0      0.3102    
   118.0      0.3012    
   119.0      0.2925    
   120.0      0.2847    
   121.0      0.2778    
   122.0      0.2723    
   123.0      0.2683    
   124.0      0.2658    
   125.0      0.2649    
   126.0      0.2655    
   127.0      0.2676    
   128.0      0.2710    
   129.0      0.2755    
   130.0      0.2810    
   131.0      0.2873    
   132.0      0.2942    
   133.0      0.3015    
   134.0      0.3091    
   135.0      0.3168    
   136.0      0.3244    
   137.0      0.3320    
   138.0      0.3392    
   139.0      0.3462    
   140.0      0.3529    
   141.0      0.3592    
   142.0      0.3651    
   143.0      0.3707    
   144.0      0.3759    
   145.0      0.3808    
   146.0      0.3855    
   147.0      0.3899    
   148.0      0.3942    
   149.0      0.3985    
   150.0      0.4027    
   151.0      0.4070    
   152.0      0.4113    
   153.0      0.4157    
   154.0      0.4204    
   155.0      0.4252    
   156.0      0.4302    
   157.0      0.4354    
   158.0      0.4408    
   159.0      0.4464    
   160.0      0.4522    
   161.0      0.4582    
   162.0      0.4642    
   163.0      0.4704    
   164.0      0.4766    
   165.0      0.4827    
   166.0      0.4889    
   167.0      0.4948    
   168.0      0.5006    
   169.0      0.5062    
   170.0      0.5115    
   171.0      0.5165    
   172.0      0.5211    
   173.0      0.5252    
   174.0      0.5289    
   175.0      0.5321    
   176.0      0.5348    
   177.0      0.5369    
   178.0      0.5384    
   179.0      0.5393    
   180.0      0.5396    
 END
