# 181 angles,  1 tensor ranks for 0=projectile
@subtitle   "7Li(d,p) @ 7.5AMeV ADWA (d) + KD (p)"                                          
@legend ON
@legend x1 0.2
@legend y1 0.8
@g0 type LOGY
@yaxis ticklabel format power
@legend string   0 "Lab energy =   14.5311"
#legend string   0 "Partition=  2 Excit=  1 near/far= 1"
#  Theta       sigma       iT11        T20         T21         T22         Kyy for projectile
   0.000       29.40    
   1.000       29.40    
   2.000       29.41    
   3.000       29.42    
   4.000       29.42    
   5.000       29.40    
   6.000       29.35    
   7.000       29.25    
   8.000       29.11    
   9.000       28.89    
   10.00       28.60    
   11.00       28.22    
   12.00       27.75    
   13.00       27.18    
   14.00       26.51    
   15.00       25.74    
   16.00       24.89    
   17.00       23.95    
   18.00       22.93    
   19.00       21.85    
   20.00       20.72    
   21.00       19.55    
   22.00       18.35    
   23.00       17.14    
   24.00       15.93    
   25.00       14.73    
   26.00       13.56    
   27.00       12.42    
   28.00       11.32    
   29.00       10.27    
   30.00       9.274    
   31.00       8.340    
   32.00       7.471    
   33.00       6.667    
   34.00       5.929    
   35.00       5.259    
   36.00       4.654    
   37.00       4.114    
   38.00       3.637    
   39.00       3.219    
   40.00       2.858    
   41.00       2.551    
   42.00       2.294    
   43.00       2.082    
   44.00       1.912    
   45.00       1.780    
   46.00       1.681    
   47.00       1.612    
   48.00       1.569    
   49.00       1.547    
   50.00       1.543    
   51.00       1.554    
   52.00       1.577    
   53.00       1.608    
   54.00       1.645    
   55.00       1.686    
   56.00       1.729    
   57.00       1.772    
   58.00       1.814    
   59.00       1.853    
   60.00       1.888    
   61.00       1.918    
   62.00       1.943    
   63.00       1.963    
   64.00       1.976    
   65.00       1.982    
   66.00       1.982    
   67.00       1.975    
   68.00       1.962    
   69.00       1.942    
   70.00       1.917    
   71.00       1.886    
   72.00       1.850    
   73.00       1.809    
   74.00       1.765    
   75.00       1.717    
   76.00       1.666    
   77.00       1.613    
   78.00       1.559    
   79.00       1.503    
   80.00       1.446    
   81.00       1.390    
   82.00       1.333    
   83.00       1.277    
   84.00       1.222    
   85.00       1.169    
   86.00       1.117    
   87.00       1.066    
   88.00       1.018    
   89.00      0.9720    
   90.00      0.9283    
   91.00      0.8871    
   92.00      0.8485    
   93.00      0.8125    
   94.00      0.7791    
   95.00      0.7485    
   96.00      0.7204    
   97.00      0.6950    
   98.00      0.6721    
   99.00      0.6516    
   100.0      0.6334    
   101.0      0.6174    
   102.0      0.6035    
   103.0      0.5915    
   104.0      0.5813    
   105.0      0.5727    
   106.0      0.5656    
   107.0      0.5599    
   108.0      0.5553    
   109.0      0.5518    
   110.0      0.5492    
   111.0      0.5474    
   112.0      0.5463    
   113.0      0.5458    
   114.0      0.5458    
   115.0      0.5462    
   116.0      0.5469    
   117.0      0.5478    
   118.0      0.5490    
   119.0      0.5503    
   120.0      0.5517    
   121.0      0.5532    
   122.0      0.5548    
   123.0      0.5565    
   124.0      0.5581    
   125.0      0.5599    
   126.0      0.5617    
   127.0      0.5635    
   128.0      0.5655    
   129.0      0.5675    
   130.0      0.5698    
   131.0      0.5722    
   132.0      0.5748    
   133.0      0.5776    
   134.0      0.5807    
   135.0      0.5841    
   136.0      0.5879    
   137.0      0.5920    
   138.0      0.5965    
   139.0      0.6015    
   140.0      0.6069    
   141.0      0.6127    
   142.0      0.6190    
   143.0      0.6258    
   144.0      0.6331    
   145.0      0.6408    
   146.0      0.6491    
   147.0      0.6577    
   148.0      0.6668    
   149.0      0.6764    
   150.0      0.6863    
   151.0      0.6966    
   152.0      0.7072    
   153.0      0.7181    
   154.0      0.7292    
   155.0      0.7405    
   156.0      0.7520    
   157.0      0.7635    
   158.0      0.7751    
   159.0      0.7867    
   160.0      0.7983    
   161.0      0.8097    
   162.0      0.8209    
   163.0      0.8319    
   164.0      0.8426    
   165.0      0.8530    
   166.0      0.8629    
   167.0      0.8724    
   168.0      0.8815    
   169.0      0.8899    
   170.0      0.8978    
   171.0      0.9051    
   172.0      0.9117    
   173.0      0.9176    
   174.0      0.9228    
   175.0      0.9273    
   176.0      0.9309    
   177.0      0.9338    
   178.0      0.9359    
   179.0      0.9371    
   180.0      0.9375    
 END
