1Inelastic  7Li(d,p)8Li(g1) 7.266 AMeV ADKD-KD LEA no SO                
8.9098E+00    8.8990E+00    8.8668E+00    8.8131E+00    8.7375E+00    8.6399E+00
    8.5203E+00    8.3786E+00    8.2150E+00    8.0299E+00    7.8240E+00
    7.5983E+00    7.3542E+00    7.0932E+00    6.8172E+00    6.5282E+00
    6.2286E+00    5.9205E+00    5.6066E+00    5.2892E+00    4.9709E+00
    4.6540E+00    4.3408E+00    4.0336E+00    3.7344E+00    3.4449E+00
    3.1669E+00    2.9016E+00    2.6503E+00    2.4136E+00    2.1923E+00
    1.9865E+00    1.7963E+00    1.6217E+00    1.4623E+00    1.3176E+00
    1.1872E+00    1.0703E+00    9.6643E-01    8.7473E-01    7.9450E-01
    7.2496E-01    6.6532E-01    6.1475E-01    5.7242E-01    5.3752E-01
    5.0922E-01    4.8672E-01    4.6926E-01    4.5613E-01    4.4665E-01
    4.4023E-01    4.3632E-01    4.3441E-01    4.3406E-01    4.3486E-01
    4.3644E-01    4.3847E-01    4.4064E-01    4.4268E-01    4.4434E-01
    4.4543E-01    4.4578E-01    4.4527E-01    4.4382E-01    4.4136E-01
    4.3789E-01    4.3341E-01    4.2795E-01    4.2155E-01    4.1427E-01
    4.0615E-01    3.9726E-01    3.8765E-01    3.7740E-01    3.6656E-01
    3.5519E-01    3.4338E-01    3.3120E-01    3.1872E-01    3.0603E-01
    2.9322E-01    2.8035E-01    2.6752E-01    2.5480E-01    2.4226E-01
    2.2995E-01    2.1794E-01    2.0628E-01    1.9499E-01    1.8412E-01
    1.7368E-01    1.6371E-01    1.5422E-01    1.4521E-01    1.3671E-01
    1.2871E-01    1.2123E-01    1.1425E-01    1.0778E-01    1.0181E-01
    9.6328E-02    9.1325E-02    8.6786E-02    8.2691E-02    7.9022E-02
    7.5757E-02    7.2875E-02    7.0353E-02    6.8168E-02    6.6298E-02
    6.4721E-02    6.3417E-02    6.2364E-02    6.1545E-02    6.0941E-02
    6.0536E-02    6.0313E-02    6.0259E-02    6.0358E-02    6.0600E-02
    6.0973E-02    6.1465E-02    6.2070E-02    6.2778E-02    6.3583E-02
    6.4480E-02    6.5464E-02    6.6533E-02    6.7684E-02    6.8918E-02
    7.0233E-02    7.1631E-02    7.3113E-02    7.4681E-02    7.6336E-02
    7.8083E-02    7.9921E-02    8.1855E-02    8.3886E-02    8.6017E-02
    8.8247E-02    9.0579E-02    9.3011E-02    9.5545E-02    9.8177E-02
    1.0091E-01    1.0373E-01    1.0664E-01    1.0964E-01    1.1271E-01
    1.1586E-01    1.1907E-01    1.2233E-01    1.2564E-01    1.2898E-01
    1.3234E-01    1.3572E-01    1.3909E-01    1.4245E-01    1.4579E-01
    1.4908E-01    1.5231E-01    1.5547E-01    1.5855E-01    1.6153E-01
    1.6439E-01    1.6713E-01    1.6972E-01    1.7217E-01    1.7444E-01
    1.7653E-01    1.7844E-01    1.8015E-01    1.8165E-01    1.8293E-01
    1.8399E-01    1.8482E-01    1.8542E-01    1.8578E-01
