    0.00   8.909800E+00
    1.00   8.899000E+00
    2.00   8.866800E+00
    3.00   8.813100E+00
    4.00   8.737500E+00
    5.00   8.639900E+00
    6.00   8.520300E+00
    7.00   8.378600E+00
    8.00   8.215000E+00
    9.00   8.029900E+00
   10.00   7.824000E+00
   11.00   7.598300E+00
   12.00   7.354200E+00
   13.00   7.093200E+00
   14.00   6.817200E+00
   15.00   6.528200E+00
   16.00   6.228600E+00
   17.00   5.920500E+00
   18.00   5.606600E+00
   19.00   5.289200E+00
   20.00   4.970900E+00
   21.00   4.654000E+00
   22.00   4.340800E+00
   23.00   4.033600E+00
   24.00   3.734400E+00
   25.00   3.444900E+00
   26.00   3.166900E+00
   27.00   2.901600E+00
   28.00   2.650300E+00
   29.00   2.413600E+00
   30.00   2.192300E+00
   31.00   1.986500E+00
   32.00   1.796300E+00
   33.00   1.621700E+00
   34.00   1.462300E+00
   35.00   1.317600E+00
   36.00   1.187200E+00
   37.00   1.070300E+00
   38.00   9.664300E-01
   39.00   8.747300E-01
   40.00   7.945000E-01
   41.00   7.249600E-01
   42.00   6.653200E-01
   43.00   6.147500E-01
   44.00   5.724200E-01
   45.00   5.375200E-01
   46.00   5.092200E-01
   47.00   4.867200E-01
   48.00   4.692600E-01
   49.00   4.561300E-01
   50.00   4.466500E-01
   51.00   4.402300E-01
   52.00   4.363200E-01
   53.00   4.344100E-01
   54.00   4.340600E-01
   55.00   4.348600E-01
   56.00   4.364400E-01
   57.00   4.384700E-01
   58.00   4.406400E-01
   59.00   4.426800E-01
   60.00   4.443400E-01
   61.00   4.454300E-01
   62.00   4.457800E-01
   63.00   4.452700E-01
   64.00   4.438200E-01
   65.00   4.413600E-01
   66.00   4.378900E-01
   67.00   4.334100E-01
   68.00   4.279500E-01
   69.00   4.215500E-01
   70.00   4.142700E-01
   71.00   4.061500E-01
   72.00   3.972600E-01
   73.00   3.876500E-01
   74.00   3.774000E-01
   75.00   3.665600E-01
   76.00   3.551900E-01
   77.00   3.433800E-01
   78.00   3.312000E-01
   79.00   3.187200E-01
   80.00   3.060300E-01
   81.00   2.932200E-01
   82.00   2.803500E-01
   83.00   2.675200E-01
   84.00   2.548000E-01
   85.00   2.422600E-01
   86.00   2.299500E-01
   87.00   2.179400E-01
   88.00   2.062800E-01
   89.00   1.949900E-01
   90.00   1.841200E-01
   91.00   1.736800E-01
   92.00   1.637100E-01
   93.00   1.542200E-01
   94.00   1.452100E-01
   95.00   1.367100E-01
   96.00   1.287100E-01
   97.00   1.212300E-01
   98.00   1.142500E-01
   99.00   1.077800E-01
  100.00   1.018100E-01
  101.00   9.632800E-02
  102.00   9.132500E-02
  103.00   8.678600E-02
  104.00   8.269100E-02
  105.00   7.902200E-02
  106.00   7.575700E-02
  107.00   7.287500E-02
  108.00   7.035300E-02
  109.00   6.816800E-02
  110.00   6.629800E-02
  111.00   6.472100E-02
  112.00   6.341700E-02
  113.00   6.236400E-02
  114.00   6.154500E-02
  115.00   6.094100E-02
  116.00   6.053600E-02
  117.00   6.031300E-02
  118.00   6.025900E-02
  119.00   6.035800E-02
  120.00   6.060000E-02
  121.00   6.097300E-02
  122.00   6.146500E-02
  123.00   6.207000E-02
  124.00   6.277800E-02
  125.00   6.358300E-02
  126.00   6.448000E-02
  127.00   6.546400E-02
  128.00   6.653300E-02
  129.00   6.768400E-02
  130.00   6.891800E-02
  131.00   7.023300E-02
  132.00   7.163100E-02
  133.00   7.311300E-02
  134.00   7.468100E-02
  135.00   7.633600E-02
  136.00   7.808300E-02
  137.00   7.992100E-02
  138.00   8.185500E-02
  139.00   8.388600E-02
  140.00   8.601700E-02
  141.00   8.824700E-02
  142.00   9.057900E-02
  143.00   9.301100E-02
  144.00   9.554500E-02
  145.00   9.817700E-02
  146.00   1.009100E-01
  147.00   1.037300E-01
  148.00   1.066400E-01
  149.00   1.096400E-01
  150.00   1.127100E-01
  151.00   1.158600E-01
  152.00   1.190700E-01
  153.00   1.223300E-01
  154.00   1.256400E-01
  155.00   1.289800E-01
  156.00   1.323400E-01
  157.00   1.357200E-01
  158.00   1.390900E-01
  159.00   1.424500E-01
  160.00   1.457900E-01
  161.00   1.490800E-01
  162.00   1.523100E-01
  163.00   1.554700E-01
  164.00   1.585500E-01
  165.00   1.615300E-01
  166.00   1.643900E-01
  167.00   1.671300E-01
  168.00   1.697200E-01
  169.00   1.721700E-01
  170.00   1.744400E-01
  171.00   1.765300E-01
  172.00   1.784400E-01
  173.00   1.801500E-01
  174.00   1.816500E-01
  175.00   1.829300E-01
  176.00   1.839900E-01
  177.00   1.848200E-01
  178.00   1.854200E-01
  179.00   1.857800E-01
