29 81578
29 81659
29 81683
29 84225
29 85117
29 87652
29 95787
29 96619
29 99293
29 100722
29 101142
29 102190
29 102360
29 106606
29 107980
29 109124
29 111904
29 113968
66 1899
66 2228
66 5076
66 6987
29 125295
66 9735
29 125919
66 9798
29 126778
66 11348
29 127202
66 12868
66 14154
66 15727
66 15842
29 129716
66 17907
66 18155
66 18212
66 20448
66 20853
66 21059
66 21142
29 137932
29 138292
66 22553
66 23487
29 139894
66 25734
66 25928
66 26525
66 27037
29 144155
66 28430
29 145684
66 29037
29 151606
66 31259
66 31287
29 153918
66 33166
29 154182
66 33850
66 33961
66 35494
29 154468
66 35579
66 36196
29 156318
66 36315
66 37211
118 4966
118 6613
118 8212
118 13588
43 11060
118 14200
43 11107
34 2772
34 4524
118 15864
34 8125
43 18565
118 16529
118 16897
34 10352
118 18247
43 20363
34 12325
34 15372
34 15640
34 17357
43 22864
34 18465
118 20216
43 23976
34 21250
43 25405
118 21413
118 21633
34 23073
118 22227
34 27336
118 22288
34 29982
43 33507
118 23006
34 34975
43 34410
43 37141
118 23359
43 37728
43 40376
34 37788
34 37970
118 24788
34 44201
118 25243
34 45407
43 43732
118 26227
34 46040
43 44073
34 46647
43 46621
118 29715
34 47266
118 29987
43 48602
43 48740
34 48318
34 49000
43 49461
43 50539
43 51896
118 37773
43 52283
118 38346
43 52902
118 39100
34 56620
118 39702
34 59810
43 56334
43 56490
118 39995
43 56519
34 65068
118 40066
43 56872
34 65162
43 59723
34 67632
43 60050
118 41783
118 42141
43 62854
43 63230
118 42336
34 71384
118 42417
43 63945
118 43883
43 64378
43 64921
34 73624
34 76151
34 78263
118 49943
34 80362
118 50360
34 80853
95 813
34 82364
95 1912
34 87141
118 54664
95 3510
34 88782
118 55487
118 56454
95 7317
34 94180
95 8397
95 11378
95 11623
34 96896
34 97883
95 12028
95 15569
95 17312
34 101208
34 101243
95 17888
57 1111
95 18116
95 18301
57 1380
34 103507
95 18347
34 104709
57 1821
95 19318
34 105166
57 4966
57 5446
95 20550
34 107226
95 21028
95 21326
34 108223
95 21859
95 22161
34 579458
 8651
95 23777
57 13160
34 113921
34 114115
95 27047
34 114164
95 28965
95 31710
95 32097
34 116935
95 32636
95 32681
57 16384
34 121622
95 33006
95 35170
34 129936
57 19913
95 36953
95 37041
57 20226
34 130501
95 40417
34 133025
34 133730
34 134513
95 41798
34 136213
34 137028
34 137038
34 137961
95 42373
95 44753
57 24202
95 47940
34 141722
34 141949
95 49228
57 27729
34 144037
57 27784
95 50196
95 52402
34 150780
34 152434
95 55111
34 152867
34 153169
95 56324
34 157295
95 59193
95 59390
57 40392
95 60643
34 167589
95 61412
95 63365
95 63459
57 41630
34 171779
95 63941
95 65024
95 65524
34 176549
95 66069
57 46236
95 68032
95 68409
34 180087
34 180316
95 70250
57 50013
57 50980
34 182653
95 74162
34 183469
95 75136
34 187093
34 187129
57 52079
95 76700
95 77493
57 53965
34 191493
95 79052
34 192798
57 54688
95 79452
95 79835
95 80902
95 81186
95 81361
95 83154
57 59101
57 59979
57 60373
57 61168
57 62805
57 63419
57 65598
57 65998
48 4725
48 4872
57 68308
57 70506
48 8304
48 9821
57 75712
48 11829
57 77516
48 16237
57 78406
48 18344
57 80918
48 18636
57 81042
57 81413
57 81853
48 24277
48 25828
48 26263
48 26713
48 28448
48 29033
48 30663
48 31565
57 88758
57 90516
48 35462
57 93370
48 36402
57 95520
57 95648
48 41253
48 41926
48 43928
48 45998
48 47442
48 50661
60 2152
48 52507
60 3507
48 53474
48 55330
60 5873
60 7961
60 8279
48 60286
60 9411
48 65478
60 9521
60 10749
60 12053
48 67737
48 68926
60 15459
60 15741
48 70133
48 71463
48 71646
48 76944
48 79637
60 22981
60 24442
48 80932
48 82861
60 26492
48 83182
48 84368
60 27542
60 31826
60 32597
60 33583
48 87114
60 39605
60 40528
60 41122
60 42202
60 44056
80 1044
80 2162
60 47022
80 7451
60 48927
80 8230
80 9322
60 50513
80 10280
80 10292
60 53176
60 53665
80 11768
80 11984
80 12103
80 12259
80 12612
80 12689
60 59579
80 15058
60 62214
80 15489
60 62387
80 18484
80 19074
80 19225
60 66592
80 20972
80 21615
80 22207
60 68702
80 22375
80 23346
80 24078
60 71127
80 25130
80 25238
80 26975
80 27843
80 28140
60 77984
80 29012
80 29020
60 78106
80 31064
60 78263
80 33743
60 84397
60 85863
80 36073
60 88363
80 36670
80 36955
60 88585
60 89193
80 38048
80 38254
60 90336
80 38404
80 39194
60 92330
80 41066
80 41309
80 42420
80 43038
80 43819
80 44705
60 103247
80 45347
80 46233
80 47257
80 48350
80 48553
60 105790
60 106278
80 49276
80 49875
80 50092
60 108271
80 51904
80 52723
80 54598
60 111506
80 55082
80 57681
80 58049
60 114499
60 119151
80 59121
80 59632
80 59820
80 60562
80 60669
60 123798
80 60841
60 126033
80 63666
80 63766
60 127729
60 127829
80 65582
60 129318
80 65682
80 66311
60 133539
80 67211
60 134264
80 71485
80 72032
60 135176
80 72334
60 136420
80 74504
80 75404
80 75766
80 75910
80 77650
80 77719
80 79322
80 80756
80 81385
80 83101
80 83109
100 1216
80 84617
100 2278
100 3058
80 87357
80 87381
100 4265
80 87787
100 4681
80 88346
100 4803
100 4884
80 89581
80 89700
100 7205
80 92409
80 92917
80 93532
100 8606
80 93554
100 11405
80 94188
100 12268
80 94912
100 12411
80 97045
100 12637
80 97109
80 97781
100 13441
80 99325
100 13788
100 14652
100 14961
80 102264
80 102627
100 15250
100 16541
100 17261
80 103213
100 17712
80 104199
100 18766
80 104257
100 20836
80 104894
100 21651
80 104935
80 105774
80 109434
100 26036
80 109520
100 26743
80 110188
80 110487
80 112395
100 29546
100 31357
100 31636
100 33278
100 33664
100 36406
101 1349
100 38737
101 1435
101 2448
101 3474
100 43633
101 3710
101 4282
100 45674
100 46425
101 6491
100 46590
101 6696
101 7448
100 47098
100 47425
101 7544
101 7832
101 7934
100 49152
101 8187
100 49899
100 50170
101 15312
101 16599
100 51608
101 18387
100 52081
101 18654
101 18877
100 54402
100 54593
101 20510
100 56388
100 57494
100 57657
101 23035
101 23122
100 58081
100 58608
101 28645
100 58765
100 60219
100 63019
101 30447
100 63350
100 63671
101 32488
100 64508
101 32502
100 65600
101 33027
100 65817
100 67006
101 34416
100 67784
100 67800
101 34499
100 69022
101 35464
100 69814
100 70912
101 36992
101 37209
100 75022
101 38685
100 75647
101 40096
100 76627
100 76745
101 41103
100 77190
101 42501
101 50961
100 79036
101 51426
101 53268
100 80194
100 80216
100 82493
101 56991
100 83669
101 57274
101 60950
100 85266
101 63754
101 64095
100 86048
100 87596
100 90789
101 65684
100 94840
100 96226
100 97521
101 70597
100 98720
101 71160
101 71883
100 102409
100 102626
101 74504
100 105794
101 75285
101 76187
101 76512
101 78396
101 78694
101 81112
101 83162
101 84131
101 84604
101 84954
71 170
71 1168
71 1408
71 2418
71 3666
101 86354
71 4320
101 87239
101 87622
71 10541
71 11513
101 89542
71 16222
101 89828
71 18466
101 90098
71 18820
71 19096
71 19098
101 92056
101 93690
71 20073
71 20245
71 20928
101 95241
101 95456
101 95619
71 22068
101 95981
71 22546
71 22733
101 98234
71 23210
101 99118
101 99173
101 100238
101 100840
71 26263
101 102230
71 28310
71 28365
101 103031
71 28591
101 103439
101 103521
71 30044
71 30322
71 31120
71 31716
101 106531
71 32515
101 108589
71 33866
101 108857
101 109518
71 34051
101 109953
101 111301
71 35472
71 35912
71 37998
101 113519
71 38352
71 39165
101 114170
71 41269
71 41500
71 42017
71 42058
71 42060
71 43121
71 43145
71 43912
71 44981
71 45976
19 60
19 111
71 46350
19 675
71 46552
71 46707
19 8284
71 47761
71 48686
19 11700
71 48878
19 12769
71 49291
71 50011
19 16030
71 50258
71 50903
71 52781
19 18229
71 53491
71 54109
71 54983
19 20929
71 55173
19 21675
71 55988
71 57293
71 58581
71 59277
71 59395
71 59442
71 61145
19 32094
71 61239
19 32416
71 65011
71 67098
19 34830
71 67272
19 38822
71 67305
71 68791
71 69194
71 69297
19 40339
71 69935
71 70297
19 44130
19 46070
71 70651
19 46734
71 71123
19 48097
71 71346
71 72930
71 72953
71 73263
19 51868
71 73353
19 51894
71 74517
19 53993
19 54104
71 75256
19 54881
19 55011
71 75353
19 55520
71 77212
19 55574
71 77250
19 55700
71 77706
19 56209
71 77746
71 77860
71 80628
71 82359
71 82362
71 83146
19 72887
71 83212
71 83996
71 85651
19 75917
19 76615
71 86305
19 78751
71 86567
71 87237
71 88001
19 79255
71 88209
71 88229
71 88576
71 89582
71 93967
71 94837
19 82580
19 82820
71 96935
71 97055
19 83246
71 99273
71 99388
19 84804
19 85669
71 99776
71 100630
71 101877
71 102065
19 90438
71 103076
71 103921
71 103985
71 104492
71 105805
19 96759
71 106338
71 106700
19 98116
71 109296
71 110466
71 110875
19 100884
19 103586
71 111117
71 111545
71 111657
19 103914
71 112030
71 113228
71 114525
71 115008
71 115362
19 106268
71 117073
19 106814
71 117393
71 117949
19 107843
71 118846
71 121192
71 121666
71 122554
71 124292
71 124716
71 124753
71 125784
71 127157
78 1728
71 127337
78 2375
78 3755
71 129365
78 4152
78 4974
71 130071
78 8775
71 130469
78 8782
71 130886
78 8803
71 130940
78 9480
71 131067
78 9551
71 132263
78 13210
71 134544
78 14046
78 14153
71 136588
78 14776
71 137277
78 15151
71 138061
71 138934
71 138955
78 17356
78 18555
71 140870
78 20153
71 142894
78 20689
71 143486
71 143507
78 21474
78 22324
71 143927
78 24168
78 25442
78 26380
71 145167
71 145277
78 28933
71 145669
78 31652
78 31879
78 31965
71 147301
78 32034
71 147703
78 33504
71 148050
78 34348
71 149978
78 34782
78 35302
71 150861
78 35499
71 153744
71 154046
71 155361
71 156188
78 36600
71 156637
78 37031
71 156802
78 37292
78 37641
71 158819
78 38247
78 39075
71 158914
78 39645
78 39972
78 40628
71 160164
78 41535
71 162046
78 41985
78 42096
71 163256
78 42446
78 42770
71 164631
78 43838
78 45289
78 45648
71 166717
71 167275
78 47475
78 47631
78 48162
71 168725
78 49505
78 50369
71 168983
71 169067
78 51967
78 52078
71 171094
71 171128
78 52980
71 173381
78 53342
71 173434
71 174586
78 55046
71 176719
71 176732
78 55898
71 176770
71 177604
78 58287
71 179323
71 180885
78 60369
71 181521
78 60458
71 181537
78 60560
71 182169
71 183021
78 61352
78 61418
71 184404
78 61542
71 184449
78 62271
71 184469
71 184895
78 65300
71 185252
78 66050
78 66723
71 187185
78 67065
78 67436
78 68694
71 187888
78 70457
71 189303
78 71364
71 189375
78 73892
78 74142
71 190495
78 74590
71 191213
78 74983
71 192725
78 78407
78 80961
71 193901
78 81074
71 195843
78 82509
71 198518
78 82574
71 198720
78 82616
71 202280
78 85518
71 202587
78 87533
71 203233
78 87777
71 203234
78 89209
78 89555
71 205130
71 205513
78 89800
71 206283
78 89924
71 207385
71 207795
78 90753
71 208908
71 209088
78 90987
71 209101
78 92097
71 209339
78 94788
78 94946
71 210564
71 211496
78 97052
78 97767
71 211585
78 98265
78 98329
78 100028
78 101953
78 102742
78 102817
78 104821
78 105266
78 105520
22 6659
22 7715
78 106317
78 109184
78 109316
22 8878
78 109898
78 110047
78 111213
78 111500
78 113189
78 113627
78 114660
22 14677
78 115669
22 16088
78 115672
22 16154
78 116505
22 17582
78 116647
78 118535
22 18421
78 120102
78 120193
78 120666
22 23616
78 121232
78 121909
22 24220
78 122122
22 26786
22 27401
78 123100
78 123991
22 28610
78 125270
22 28689
78 125919
22 30346
22 30919
22 31869
22 33370
22 37488
54 1047
54 1145
54 5067
22 39350
22 39817
22 41021
54 8270
54 12307
22 43343
54 13231
54 18080
54 18344
54 18623
22 52617
54 21022
22 54542
22 56269
22 57349
54 23215
22 57772
22 58509
54 25513
22 59803
54 25786
54 25804
54 26186
54 26549
22 67114
54 28390
54 30503
22 73557
54 34986
54 38558
22 77314
54 39509
54 45114
52 208
54 45402
52 3339
52 4190
52 4238
54 49633
52 7222
52 11400
54 54862
52 11520
54 55291
54 59587
52 16866
52 18392
54 61728
52 20769
52 24180
54 66517
52 27064
52 30672
54 70127
52 31109
52 33895
54 74842
52 35116
52 35556
54 77754
52 38068
54 78265
54 78365
54 79087
54 79221
52 43872
54 79692
52 44411
54 79760
54 80326
52 46744
54 81613
52 48293
54 84197
54 86240
54 87265
52 49190
54 89789
52 54943
52 55176
54 93010
52 57325
54 102167
52 62205
54 103191
52 63375
52 63995
54 103577
52 64747
52 64900
52 65186
54 107864
54 114344
54 114524
52 69637
52 70272
54 117520
52 72519
54 117571
52 73944
54 119714
52 74943
54 125379
54 127175
52 78746
52 81879
52 83288
52 84124
52 84741
52 90821
44 1885
52 100296
44 17961
44 19262
52 105977
44 19273
52 106075
44 19693
44 20530
52 108846
44 22652
52 110140
52 115933
52 116247
52 116570
52 117148
44 26734
52 118028
44 27836
52 118520
44 31079
44 31698
44 32446
44 36797
74 1019
44 38114
74 2101
74 2472
44 40189
74 2821
74 3257
74 3360
44 42506
74 3485
74 3531
44 46847
74 3763
44 47705
74 5120
44 48028
74 8694
74 8992
44 53571
74 9412
74 9503
74 10117
44 56266
44 56888
74 10754
74 11355
44 57457
74 12520
44 59484
44 60987
74 14883
74 14887
44 65460
74 15058
74 15078
74 15667
74 17932
74 19071
74 19506
74 19868
74 21083
74 21735
74 21790
74 22650
74 27743
74 28082
74 30918
67 3443
74 32150
67 5421
74 32766
74 34858
67 6139
74 34915
67 6349
74 36024
67 6811
74 36747
67 7298
67 7876
74 38114
67 7914
74 39966
74 40798
74 41105
74 41239
67 10295
74 42802
67 11519
74 43569
67 12783
67 14206
74 44700
74 45001
74 45596
67 14933
74 45785
67 15815
67 17703
74 47120
74 47354
67 18415
67 18459
74 48777
67 19070
74 48895
67 19211
67 19605
74 49603
67 19958
74 50454
67 21213
74 51424
67 22027
74 51567
74 52464
67 22610
74 53234
74 53325
67 23864
74 53898
67 24644
74 55076
67 24729
74 55958
67 25797
74 56596
67 26164
67 27031
67 27162
74 57873
67 28398
74 58494
67 29471
74 59105
67 29473
74 60275
67 29902
67 30414
74 61965
67 30626
67 30840
67 31018
74 64101
67 31051
74 64363
67 31270
67 34056
74 65958
74 66389
74 66621
67 36062
67 36387
74 69696
74 69736
67 36543
74 69741
67 36702
67 37826
74 70349
67 37923
74 72391
67 38328
67 38329
67 39069
74 72925
67 41111
74 73279
67 42089
67 42214
74 75338
74 76021
74 76455
67 44854
74 76945
67 45448
74 77933
67 45604
74 78756
74 79117
67 46381
74 82150
74 84987
67 47403
67 47632
74 85141
67 49570
67 49918
74 88094
67 49958
74 88862
74 90454
67 51235
67 51484
74 91787
74 91984
67 52777
74 92406
74 92499
74 92920
67 53072
67 53623
74 93375
74 94009
67 55427
74 94225
67 55600
67 56071
74 95103
67 56258
67 56635
74 95889
74 98564
74 98750
74 98948
67 58426
74 99756
67 58675
67 59384
67 60115
67 60166
74 101002
74 101456
67 61221
74 101588
67 61904
74 102343
74 102540
67 63862
67 63970
74 102761
74 103890
67 66537
74 103892
67 66852
74 105063
67 69222
74 105196
74 105376
67 70007
74 105983
74 106017
67 70855
74 106216
67 71130
74 106514
67 71327
74 106520
74 106788
74 106907
67 74773
74 108357
74 108754
67 75372
67 75539
74 109081
67 75778
74 109133
74 109724
74 111412
67 76424
74 111942
74 112261
67 77286
74 112778
74 113091
67 78530
74 114945
67 80463
67 81285
67 82950
67 83840
67 84478
67 85041
67 85439
67 85449
105 1311
67 86868
105 1722
67 87682
105 1863
67 88222
67 89976
105 2257
67 90173
105 3082
67 90583
105 3877
105 3898
67 92137
105 6080
67 94885
105 7673
67 95128
105 8120
67 95302
105 8349
105 9430
67 95762
105 10419
67 95867
67 95939
67 96822
67 98293
105 15299
105 15999
67 99398
105 16481
105 16713
105 17249
105 17660
105 20657
105 21952
105 22594
49 34
105 22743
105 23505
49 2527
49 2954
105 24488
105 24792
105 24891
49 5319
105 25586
49 5840
105 26438
105 26575
105 31247
105 32178
49 17503
105 33116
105 34971
49 25386
49 29115
105 36989
105 37158
105 37184
49 32898
49 33048
105 37850
105 39033
49 34434
49 36941
49 37403
105 42521
105 42684
49 40318
105 44576
105 46032
49 42341
49 43343
105 49042
105 53510
105 53752
105 54220
49 48742
105 54254
105 58202
49 54140
49 55106
105 59447
49 59815
105 60035
105 60388
105 63617
105 64475
49 66218
105 67030
105 69458
105 70690
49 67776
105 71127
105 71208
105 71354
49 70750
105 72972
49 73326
49 74183
49 74592
105 76793
49 76061
105 79178
105 79498
105 81333
105 81507
105 82150
49 81574
105 83773
49 84522
105 86978
105 87424
105 88844
105 89735
105 89755
49 90229
49 90584
105 93604
105 95046
105 96261
105 97300
105 98695
105 99544
81 772
105 100379
81 1772
81 2296
105 101765
105 81 2944
81 3059
81 3361
81 4150
81 4441
81 4981
81 5038
81 5273
81 5774
81 6566
81 6906
81 9355
81 11450
119 4613
81 11997
119 5383
81 12529
119 7314
81 13596
119 8518
81 13776
119 8528
81 15386
81 16174
81 16475
119 10465
81 16702
119 10516
81 18259
119 10904
119 12258
81 18906
119 13883
81 21873
119 14281
81 22045
81 22477
119 15293
81 23454
119 16472
81 24820
119 18400
81 25047
81 25055
119 18810
81 25500
119 19217
81 25736
119 19522
81 26072
119 19722
81 26518
81 26564
81 26584
119 23296
81 26854
119 23870
81 28071
119 25163
119 26552
81 29404
119 26712
81 30518
119 28149
119 28687
81 31165
119 30216
81 31585
81 31606
81 32900
81 35212
119 32131
81 35377
119 33010
81 35660
119 33352
119 33617
81 38131
119 33865
81 38468
119 38224
81 41089
81 42158
119 38298
81 43897
119 39385
119 39395
81 44579
119 40390
81 44731
81 46080
81 48121
81 49407
119 43669
81 49434
119 44627
81 50076
81 50774
119 45120
81 51493
81 52378
119 47175
81 55910
119 48946
81 58597
81 59071
119 51261
119 52031
119 54878
81 63362
119 55347
81 63593
119 56746
119 57014
81 65845
81 66697
119 59085
81 68782
119 60075
81 69358
81 69579
119 60977
119 61007
81 70951
119 61226
81 71492
81 72335
119 63021
119 63265
81 73121
119 65137
81 73968
81 74182
81 74430
81 74448
81 75015
119 69285
81 75223
81 75518
81 75866
119 70956
81 76960
119 71227
119 72702
119 76085
119 76524
119 80349
119 80356
96 643
96 1522
119 80995
96 1895
119 82158
119 83592
96 2612
119 85893
96 3265
96 3911
119 87965
96 4285
119 87998
119 88381
119 88520
119 88526
96 6433
96 9536
96 10442
96 10940
96 12787
96 13691
96 14243
23 143
23 9724
96 14510
23 13756
96 15224
23 14338
96 16158
96 18811
96 18850
23 18557
96 19305
96 21232
96 22343
23 22481
96 23420
96 24536
23 25767
96 24727
96 25956
96 26031
96 26319
23 28639
96 26607
23 29058
96 27388
23 29378
96 27565
96 28235
96 28703
96 30782
96 32386
96 38399
23 41303
96 38716
96 40329
96 42018
96 42411
23 43004
23 45522
96 46702
96 47715
23 51234
96 48164
96 48231
96 48731
23 56568
96 48962
23 57693
96 49612
23 58201
96 52542
23 58856
96 52797
23 60301
96 53934
96 55550
23 66169
96 56185
96 56301
96 57844
23 69269
96 58964
96 59768
96 59815
96 59885
96 60009
96 62689
96 63248
96 63932
24 202
96 65373
24 670
24 4982
96 68082
24 8812
24 9026
96 70681
24 10127
96 70700
96 70957
24 14238
96 71653
24 16186
24 16375
24 18924
24 19408
96 72838
24 19712
96 73129
24 21224
24 23372
96 77133
96 77807
24 25506
96 79720
24 28039
24 29157
24 30266
96 80708
24 30571
24 32136
96 81385
96 83721
96 83796
24 41313
96 86263
96 86538
24 41830
24 42772
96 87068
96 87674
24 43553
96 88196
96 88541
96 89031
96 90109
96 93295
96 93372
96 94079
96 94447
96 95150
59 2126
59 2572
96 98221
59 5438
59 6368
96 99458
96 100161
59 7824
59 9099
96 100804
96 101164
96 105382
59 16829
96 107215
59 19017
59 20080
59 26078
59 26719
59 27199
59 29153
45 1621
59 35059
45 3243
59 39173
59 39748
45 9282
45 9860
45 13349
59 46206
45 14069
45 14100
59 47265
45 14606
59 48010
59 48094
45 17336
59 51676
59 51973
45 18871
45 19261
45 20903
45 20981
45 22426
59 56087
59 56927
45 26835
59 57063
59 58322
45 29632
45 30249
59 58446
45 30487
45 31054
59 62849
59 63021
45 33264
45 33634
59 65398
59 68170
45 35160
59 70471
45 39172
45 39724
59 75565
45 40410
59 76384
45 41261
45 41331
59 77598
59 82028
45 45674
45 46765
45 46967
59 84318
45 47051
59 84572
45 47192
45 48835
45 49968
45 50395
45 52649
45 53053
45 53990
45 56398
59 92971
59 95403
45 57906
59 95608
59 96575
59 97438
59 98020
45 63157
45 65413
45 65565
59 101485
59 101944
59 104500
59 107471
45 67295
59 112632
59 115081
59 115458
59 115948
59 116205
59 116529
69 169
69 2423
69 3959
69 4948
106 433
69 6081
106 1098
69 6486
106 2898
69 6857
106 3171
106 4311
69 9502
106 4979
69 10512
106 6421
69 10577
69 11510
69 11804
69 13530
69 14599
106 9663
69 15907
106 11178
69 17220
106 11875
69 18178
69 19035
106 13002
106 14177
69 20772
106 14214
69 20828
69 21989
106 15259
106 15356
69 22813
106 15795
69 24227
106 16366
69 26272
69 26307
69 26886
69 27404
106 19565
69 30319
69 31584
106 19665
69 32557
106 20037
69 32695
106 20699
69 33591
106 21447
69 36087
106 22071
106 22199
69 36645
69 37606
69 37906
69 42726
106 25223
69 42737
69 43245
106 28159
69 46149
106 28394
69 47167
106 28474
69 47400
69 47469
69 47882
106 29756
106 29983
69 47941
69 48515
106 33004
69 49060
106 34864
69 49142
69 50034
106 35313
69 50373
106 35939
69 50515
106 38435
69 50675
106 40176
69 51871
106 46305
69 52773
106 46566
106 46698
106 47901
69 53612
69 53808
106 48556
69 54229
106 50014
106 52075
69 55864
69 59637
69 61039
106 53678
106 55460
69 62604
69 63285
106 60944
69 63859
69 63909
69 64054
106 66117
69 64711
106 67336
69 64812
106 67762
69 67328
106 68611
69 68186
69 71739
106 71097
69 72334
69 73300
106 71660
69 73402
69 73631
106 72363
69 74144
106 73109
69 74206
106 73744
69 74754
106 75963
69 74839
106 76698
69 75322
106 78025
106 78874
69 76072
106 81094
69 76203
69 76373
106 81658
69 76928
106 81798
69 77751
69 78357
106 83752
69 79735
69 80369
106 85751
69 80513
106 86896
69 80839
69 82669
69 82732
106 90590
69 83645
106 91918
69 84779
106 91934
69 85127
106 93474
106 93698
69 85498
69 87306
106 95427
69 87446
106 95782
69 87628
69 89368
106 99620
69 92015
69 92035
69 92970
69 93238
69 93735
69 94713
69 94894
69 95254
69 95669
69 96674
69 96870
69 97781
122 349
122 3619
122 4174
69 102195
122 4507
69 102859
122 4880
69 104013
122 5663
69 105085
69 105569
69 105575
122 7247
69 105887
122 9066
122 9442
69 107007
69 108190
122 10700
69 109062
122 13208
69 110965
122 13962
122 14180
69 112489
69 114039
122 18425
69 116623
69 116931
69 117302
69 117456
122 22921
69 117493
69 118030
122 24469
69 118575
122 24666
69 119666
122 25099
69 120527
122 25129
69 120635
69 121808
122 25715
69 123462
69 124406
122 28964
69 128520
122 30063
122 30081
122 32243
69 131078
122 33072
69 131335
69 131482
122 34060
69 132153
122 34558
122 34582
69 135372
122 36999
69 135549
69 136254
122 37644
69 137011
69 137220
122 37835
69 138391
69 140364
69 140954
122 38492
69 141353
69 142046
122 40355
69 143083
122 42648
69 143302
69 143831
69 144384
122 45337
122 45481
69 145618
122 47170
69 146293
69 146922
122 47828
69 147768
122 48912
69 149514
122 49989
69 150567
69 152268
122 51779
69 153426
69 155704
122 52357
69 156511
122 54034
122 54334
69 156611
122 54977
69 158361
122 55049
69 158812
122 55288
69 159300
69 159550
122 56848
69 160286
122 58125
122 58714
122 60426
69 161936
122 60955
69 162091
69 163668
69 165106
122 63739
69 165507
122 63755
69 165517
69 165689
69 165922
69 166755
69 167267
122 65226
69 167335
122 67726
122 69539
69 168564
69 168766
122 70554
69 170897
69 172278
69 172785
122 75128
69 173367
122 75362
122 76403
69 173752
69 177205
69 178090
69 178361
69 179429
122 81015
69 182385
122 85286
69 182886
122 87541
69 183905
69 184858
69 184927
122 87726
69 186386
122 89379
69 186502
69 187783
69 188067
69 188278
122 91262
69 188390
122 93290
69 191272
122 94425
69 192267
69 192937
122 98178
69 195008
122 98187
122 98326
69 197217
69 197644
69 198988
122 99101
69 199686
69 200255
122 102820
69 200528
69 200541
122 103122
69 200805
69 201604
122 106001
122 106872
122 108264
122 109469
122 111421
102 1908
122 113814
102 2966
122 116229
102 3525
102 3580
102 4390
102 5435
102 5671
102 7879
102 7971
102 8291
122 122052
102 8432
122 123158
102 9637
102 9916
122 124930
102 11628
122 128655
102 12299
102 12310
122 128913
122 129782
122 130148
102 15051
122 132310
102 15258
102 17282
122 136225
102 19027
122 137959
102 21170
122 138122
102 21172
102 21400
122 138420
122 139733
102 21555
122 141026
102 23296
122 141127
102 23667
122 143248
102 24118
102 27295
102 29587
102 31500
102 31651
102 31916
102 34448
63 58
102 35258
102 36471
102 36556
102 37559
63 8806
102 37795
102 39050
102 40497
102 42544
63 12142
102 42697
63 12684
63 13751
102 44752
102 44867
102 45664
102 46117
63 22916
102 47199
63 23190
102 47265
63 25769
102 48418
63 27470
102 50261
63 33913
102 52507
63 35159
102 55003
63 35321
102 56413
102 58288
102 58920
102 61273
63 41051
102 61395
63 43120
102 62223
102 63040
63 45525
102 63481
63 47489
102 70885
102 71329
102 71815
63 51476
102 73944
102 74307
102 74414
102 75048
102 76593
63 58019
102 79130
102 81613
63 59375
63 59578
102 81985
63 62710
63 63902
63 67712
102 83539
102 84587
102 89107
63 76883
102 90310
63 78558
102 90387
63 78784
63 78790
63 80903
102 91998
102 95147
63 81362
63 84563
102 99471
63 85834
63 90207
63 91824
102 105483
63 93676
102 106958
63 98213
46 2423
63 100538
63 101780
46 5832
63 102804
46 9829
63 106341
46 12463
63 109351
63 111861
46 15722
63 114205
46 17050
63 115545
63 119907
46 25629
63 122572
46 28060
63 123869
46 31291
63 130954
46 35584
46 37210
46 37330
46 37543
46 40748
53 3041
46 44081
53 3650
46 45256
46 45454
46 46647
53 5238
46 50587
46 52546
46 54478
46 54711
46 55502
46 56835
53 12903
53 13678
53 13896
46 59391
53 14401
53 14981
53 15636
46 64850
53 15925
53 16724
46 68996
53 20294
46 69113
53 21414
46 70010
53 21934
46 71495
46 73287
53 24273
53 24538
46 75458
53 28736
46 76550
46 77479
53 31994
46 78514
53 32426
53 37860
53 41756
55 2845
55 2890
55 3310
53 46364
53 47000
55 8262
53 47344
55 9418
53 47749
53 48898
55 16401
53 49638
53 49746
53 49796
55 19561
53 51636
55 21158
55 21383
55 22919
53 54805
55 24005
53 55257
53 55542
53 58712
55 28627
53 61596
55 29626
55 31037
53 62134
53 63749
53 63854
55 33335
53 64386
55 33376
53 64968
53 65098
55 36824
53 67469
55 37688
53 71772
55 38388
55 38604
55 39616
53 81332
53 85136
53 90039
55 59195
53 97520
53 99459
55 64082
53 100868
53 101022
55 66081
55 67360
53 106944
53 107828
55 69949
55 74799
53 110432
53 112008
53 112368
53 112758
55 77715
55 77880
53 116060
55 84435
55 84528
55 84935
55 86279
55 87288
55 87844
55 91943
55 92117
55 92432
61 1091
61 7993
55 97549
61 8210
55 100764
55 102583
61 10167
55 108386
61 14928
61 17923
55 109621
55 110220
61 21600
61 24265
61 24498
61 24575
61 26995
61 29115
61 31740
79 2047
61 34239
61 34283
79 2789
61 35183
79 3287
61 36365
79 3670
79 4572
61 40487
79 4652
79 5103
79 6490
79 6725
61 47458
79 7204
79 7880
79 8229
79 8362
61 53674
79 9033
61 53718
61 55433
61 56134
79 15402
79 16078
61 57171
61 60338
79 18052
79 18988
61 63046
79 19627
79 20135
61 63505
79 20458
61 64014
79 20537
61 64279
61 64747
79 20558
61 67539
79 20830
79 22948
79 23267
79 23496
79 24107
79 26662
79 29483
61 78027
79 30123
79 31891
61 80269
79 34309
61 82145
79 34321
79 35698
61 82751
79 37349
79 38176
79 38578
79 39123
79 41508
79 41539
61 98751
79 41594
79 43643
79 43794
61 100893
61 101109
79 44570
61 101564
79 44610
79 45884
79 46103
79 46111
79 48216
79 48913
61 108267
79 49321
61 110845
79 49610
79 50016
61 111848
79 50017
61 112137
79 50241
61 112395
79 52418
79 53090
79 53331
61 117725
79 53825
79 55327
79 55330
61 119623
79 56375
79 56559
61 122452
79 57376
79 57510
79 57538
79 58166
61 126503
79 58336
79 59007
79 59092
61 128301
79 60016
61 128787
61 129560
61 130651
79 63066
61 131281
79 63090
79 63201
79 64148
79 64263
61 136085
79 65328
79 65817
79 65896
79 66111
79 67163
61 150539
79 68825
61 153063
79 70818
61 154756
79 71098
61 154778
79 71152
79 71492
79 72127
61 157080
79 73654
79 73887
79 74647
61 160242
61 161965
79 76794
79 77398
61 165916
79 77698
79 78037
79 78235
79 78818
79 79739
79 81149
79 81666
79 81734
79 82738
79 83125
79 86738
75 613
79 87267
79 87280
79 87986
75 2503
75 3473
79 89294
75 4160
79 90658
75 4513
79 91885
79 93962
75 6197
75 6710
79 94746
79 96399
75 8200
79 96510
75 9162
75 9553
75 9645
79 98615
75 9887
79 98820
75 10105
79 99635
75 10412
79 100330
75 11634
75 12495
75 12732
79 100944
75 13317
79 101293
79 102381
79 105149
75 14432
79 105700
75 15182
79 107266
75 15413
79 107894
75 15699
75 16439
75 17467
79 108937
79 109092
75 17915
75 19975
75 20741
75 21091
75 21572
75 23390
75 26003
75 26080
75 26468
75 27059
75 27508
75 28843
75 29361
75 31588
75 31670
72 285
75 32302
72 785
75 32641
72 1457
75 33864
72 2442
75 34641
72 3115
72 3683
75 35275
75 35519
75 36131
72 5143
75 37894
75 37984
72 6064
72 6456
75 40097
72 6749
72 7145
75 43319
75 44475
72 9109
75 44647
72 10163
75 46221
72 10238
75 47203
72 10923
75 49141
72 10957
75 49837
72 11158
75 50097
75 50381
72 11314
72 11585
75 52427
75 52470
72 11644
72 11928
72 12549
75 53508
72 12590
75 53867
72 12708
75 54040
75 54283
72 13276
72 14130
75 54868
72 17480
75 54906
72 18978
75 55311
72 19374
75 57162
72 20184
72 20819
75 58494
75 59026
72 21925
75 60521
72 22250
72 23535
75 60959
72 23558
75 61286
72 24010
72 25059
75 61840
75 62430
75 62859
72 29004
72 31771
72 32936
75 64412
72 36213
75 64680
72 36294
75 64874
72 37016
72 37663
72 37793
72 38403
72 39452
75 66597
72 40802
72 42593
75 70382
72 42832
72 44538
75 71426
72 44549
75 71936
72 44979
72 46064
75 72759
72 46360
75 73083
72 46595
72 46953
75 73346
75 73645
72 47206
75 75008
72 48286
72 48462
75 75763
72 48595
72 48720
75 77610
72 48824
75 80425
72 49590
75 80761
72 51177
75 81181
72 52221
72 53226
75 82219
72 53455
75 82514
72 54118
75 83645
75 84075
75 84085
72 55289
72 56598
72 56991
72 57201
75 86475
72 57915
75 87559
72 57930
75 87921
72 58543
75 89065
72 58775
72 59492
72 59982
72 60178
75 94549
72 61809
75 96200
72 62524
72 62726
75 97178
75 98098
75 98322
72 65210
75 99261
72 65658
75 99491
72 66217
75 100719
72 69806
75 101704
72 69816
75 102190
72 70156
75 102712
72 70637
75 102939
72 70726
75 104022
72 71456
72 71665
75 104209
75 104278
72 73609
75 104660
72 73927
75 104842
75 107022
72 74241
75 107663
72 75171
75 108110
72 75784
75 108556
72 76641
75 108589
72 76886
72 76899
75 109205
72 78020
72 78193
75 111366
72 78296
72 78604
75 112854
72 78713
75 113002
75 113163
72 78839
75 113677
75 114332
72 79057
72 79367
72 81047
75 115708
72 81439
75 115945
75 117775
72 82020
75 119171
72 82146
72 82541
75 119673
72 82638
75 119822
72 83609
75 120165
72 83866
75 120193
72 84330
75 121508
72 85054
72 86180
72 86672
72 86882
72 87899
26 906
72 89425
72 91419
72 92930
26 4876
26 5258
26 5264
72 96722
26 5561
26 6844
72 97267
72 97822
26 8060
72 97945
26 8407
72 98553
26 9308
72 98825
26 10806
72 99667
72 100379
26 13223
72 101601
72 101675
72 103394
26 15050
72 104243
72 104780
26 15695
72 105261
72 107938
72 109082
26 22288
26 24901
26 24939
72 110965
72 111478
26 28207
72 113817
26 31603
26 34481
26 35335
72 116113
26 37803
26 43001
72 116400
26 43130
72 116743
26 43166
72 117004
72 118020
72 118089
26 45918
72 118395
26 47018
72 119953
26 47239
26 48053
72 120586
72 121107
72 121822
26 49337
72 121968
72 125945
72 126090
26 53768
72 126106
26 54737
72 126534
72 127213
72 128080
26 75102
26 77513
72 128667
72 128705
72 129154
72 131002
72 131091
72 131602
72 132075
64 1331
72 133360
64 4331
72 133676
72 133967
72 134905
72 135817
64 6716
72 136956
72 139687
72 139785
64 11403
72 139794
72 140295
64 12281
72 140376
72 140469
72 140658
72 141125
64 15690
72 141506
64 17014
72 142861
72 143491
72 148600
64 26450
64 26454
72 151829
64 26757
72 152655
64 30601
72 152869
72 155479
64 34626
72 158190
64 35850
72 158218
72 158456
72 158545
64 39151
72 158646
64 39230
72 161103
72 164875
72 167943
72 168077
72 170479
72 170647
64 46374
72 170805
72 171125
72 171387
64 53417
72 172956
72 173937
64 56215
64 57576
72 174728
64 57825
72 175269
72 177276
72 177309
72 177718
64 59134
72 177914
72 178261
72 178286
72 178301
72 179526
72 180077
64 63395
72 181131
64 64552
64 65439
72 181470
72 183121
64 66649
72 184038
64 67346
64 68491
72 186149
72 186854
72 187070
72 187483
64 73616
72 188310
64 75481
72 190395
72 190933
72 191046
72 191692
72 192843
72 193204
64 80639
72 195713
64 82114
64 84445
72 196361
64 85286
72 197775
64 87214
72 198907
72 199939
64 93041
72 199987
72 200238
72 200586
64 95030
64 95935
72 200957
64 97901
72 202591
64 98583
72 202692
72 202914
64 104694
72 203664
72 204430
72 204724
72 204823
72 204986
64 108407
72 205792
72 207080
64 108560
72 208341
64 109821
72 208696
64 112136
72 209081
72 209900
72 210094
72 210490
64 115482
64 115939
72 213433
64 117398
72 215332
64 118649
72 216651
72 218188
72 218211
72 218576
72 219467
72 219486
72 219964
72 220346
72 221284
72 221476
72 222665
72 223951
72 224893
72 224973
72 225669
31 194
72 227097
31 4283
72 227479
72 227891
72 228858
72 228909
31 7071
72 229521
72 229666
72 230034
72 230155
72 230174
31 10106
72 230176
72 230776
72 230907
72 231517
72 232584
31 18100
31 19019
72 233402
72 234381
72 234423
31 26175
72 235837
31 29960
31 33719
20 4232
31 36434
20 6288
20 6453
31 42507
20 7743
20 8711
20 10553
20 11638
20 12677
31 55452
31 56412
20 17387
20 20772
31 60510
31 61110
20 21751
20 24763
20 26695
20 27203
31 63551
31 64548
20 30298
31 65531
20 30952
31 65870
31 67130
31 69580
20 34828
31 71733
20 35392
31 73044
20 38079
31 73636
31 74177
31 74319
20 38976
31 74863
31 76330
20 40200
31 77010
31 78529
20 43904
31 79953
31 80752
20 44794
20 45079
20 47353
31 85744
20 47404
20 47842
31 88069
20 48194
20 50554
31 90424
31 91526
31 91917
31 94546
31 95218
20 60484
20 60768
31 97121
20 61611
31 97886
31 98399
31 99999
20 63793
31 100324
20 67189
20 68870
20 69924
31 106702
20 70525
31 112553
20 74883
31 112642
20 76703
68996
53 20294
46 69113
53 21414
46 70010
53 21934
46 71495
46 73287
53 24273
53 24538
46 75458
53 28736
46 76550
46 77479
53 31994
46 78514
53 32426
53 37860
53 41756
55 2845
55 2890
55 3310
53 46364
53 47000
55 8262
53 47344
55 9418
53 47749
53 48898
55 16401
53 49638
53 49746
53 49796
55 19561
53 51636
55 21158
55 21383
55 22919
53 54805
55 24005
53 55257
53 55542
53 58712
55 28627
53 61596
55 29626
55 31037
53 62134
53 63749
53 63854
55 33335
53 64386
55 33376
53 64968
53 65098
55 36824
53 67469
55 37688
53 71772
55 38388
55 38604
55 39616
53 81332
53 85136
53 90039
55 59195
53 97520
53 99459
55 64082
53 100868
53 101022
55 66081
55 67360
53 106944
53 107828
55 69949
55 74799
53 110432
53 112008
53 112368
53 112758
55 77715
55 77880
53 116060
55 84435
55 84528
55 84935
55 86279
55 87288
55 87844
55 91943
55 92117
55 92432
61 1091
61 7993
55 97549
61 8210
55 100764
55 102583
61 10167
55 108386
61 14928
61 17923
55 109621
55 110220
61 21600
61 24265
61 24498
61 24575
61 26995
61 29115
61 31740
79 2047
61 34239
61 34283
79 2789
61 35183
79 3287
61 36365
79 3670
79 4572
61 40487
79 4652
79 5103
79 6490
79 6725
61 47458
79 7204
79 7880
79 8229
79 8362
61 53674
79 9033
61 53718
61 55433
61 56134
79 15402
79 16078
61 57171
61 60338
79 18052
79 18988
61 63046
79 19627
79 20135
61 63505
79 20458
61 64014
79 20537
61 64279
61 64747
79 20558
61 67539
79 20830
79 22948
79 23267
79 23496
79 24107
79 26662
79 29483
61 78027
79 30123
79 31891
61 80269
79 34309
61 82145
79 34321
79 35698
61 82751
79 37349
79 38176
79 38578
79 39123
79 41508
79 41539
61 98751
79 41594
79 43643
79 43794
61 100893
61 101109
79 44570
61 101564
79 44610
79 45884
79 46103
79 46111
79 48216
79 48913
61 108267
79 49321
61 110845
79 49610
79 50016
61 111848
79 50017
61 112137
79 50241
61 112395
79 52418
79 53090
79 53331
61 117725
79 53825
79 55327
79 55330
61 119623
79 56375
79 56559
61 122452
79 57376
79 57510
79 57538
79 58166
61 126503
79 58336
79 59007
79 59092
61 128301
79 60016
61 128787
61 129560
61 130651
79 63066
61 131281
79 63090
79 63201
79 64148
79 64263
61 136085
79 65328
79 65817
79 65896
79 66111
79 67163
61 150539
79 68825
61 153063
79 70818
61 154756
79 71098
61 154778
79 71152
79 71492
79 72127
61 157080
79 73654
79 73887
79 74647
61 160242
61 161965
79 76794
79 77398
61 165916
79 77698
79 78037
79 78235
79 78818
79 79739
79 81149
79 81666
79 81734
79 82738
79 83125
79 86738
75 613
79 87267
79 87280
79 87986
75 2503
75 3473
79 89294
75 4160
79 90658
75 4513
79 91885
79 93962
75 6197
75 6710
79 94746
79 96399
75 8200
79 96510
75 9162
75 9553
75 9645
79 98615
75 9887
79 98820
75 10105
79 99635
75 10412
79 100330
75 11634
75 12495
75 12732
79 100944
75 13317
79 101293
79 102381
79 105149
75 14432
79 105700
75 15182
79 107266
75 15413
79 107894
75 15699
75 16439
75 17467
79 108937
79 109092
75 17915
75 19975
75 20741
75 21091
75 21572
75 23390
75 26003
75 26080
75 26468
75 27059
75 27508
75 28843
75 29361
75 31588
75 31670
72 285
75 32302
72 785
75 32641
72 1457
75 33864
72 2442
75 34641
72 3115
72 3683
75 35275
75 35519
75 36131
72 5143
75 37894
75 37984
72 6064
72 6456
75 40097
72 6749
72 7145
75 43319
75 44475
72 9109
75 44647
72 10163
75 46221
72 10238
75 47203
72 10923
75 49141
72 10957
75 49837
72 11158
75 50097
75 50381
72 11314
72 11585
75 52427
75 52470
72 11644
72 11928
72 12549
75 53508
72 12590
75 53867
72 12708
75 54040
75 54283
72 13276
72 14130
75 54868
72 17480
75 54906
72 18978
75 55311
72 19374
75 57162
72 20184
72 20819
75 58494
75 59026
72 21925
75 60521
72 22250
72 23535
75 60959
72 23558
75 61286
72 24010
72 25059
75 61840
75 62430
75 62859
72 29004
72 31771
72 32936
75 64412
72 36213
75 64680
72 36294
75 64874
72 37016
72 37663
72 37793
72 38403
72 39452
75 66597
72 40802
72 42593
75 70382
72 42832
72 44538
75 71426
72 44549
75 71936
72 44979
72 46064
75 72759
72 46360
75 73083
72 46595
72 46953
75 73346
75 73645
72 47206
75 75008
72 48286
72 48462
75 75763
72 48595
72 48720
75 77610
72 48824
75 80425
72 49590
75 80761
72 51177
75 81181
72 52221
72 53226
75 82219
72 53455
75 82514
72 54118
75 83645
75 84075
75 84085
72 55289
72 56598
72 56991
72 57201
75 86475
72 57915
75 87559
72 57930
75 87921
72 58543
75 89065
72 58775
72 59492
72 59982
72 60178
75 94549
72 61809
75 96200
72 62524
72 62726
75 97178
75 98098
75 98322
72 65210
75 99261
72 65658
75 99491
72 66217
75 100719
72 69806
75 101704
72 69816
75 102190
72 70156
75 102712
72 70637
75 102939
72 70726
75 104022
72 71456
72 71665
75 104209
75 104278
72 73609
75 104660
72 73927
75 104842
75 107022
72 74241
75 107663
72 75171
75 108110
72 75784
75 108556
72 76641
75 108589
72 76886
72 76899
75 109205
72 78020
72 78193
75 111366
72 78296
72 78604
75 112854
72 78713
75 113002
75 113163
72 78839
75 113677
75 114332
72 79057
72 79367
72 81047
75 115708
72 81439
75 115945
75 117775
72 82020
75 119171
72 82146
72 82541
75 119673
72 82638
75 119822
72 83609
75 120165
72 83866
75 120193
72 84330
75 121508
72 85054
72 86180
72 86672
72 86882
72 87899
26 906
72 89425
72 91419
72 92930
26 4876
26 5258
26 5264
72 96722
26 5561
26 6844
72 97267
72 97822
26 8060
72 97945
26 8407
72 98553
26 9308
72 98825
26 10806
72 99667
72 100379
26 13223
72 101601
72 101675
72 103394
26 15050
72 104243
72 104780
26 15695
72 105261
72 107938
72 109082
26 22288
26 24901
26 24939
72 110965
72 111478
26 28207
72 113817
26 31603
26 34481
26 35335
72 116113
26 37803
26 43001
72 116400
26 43130
72 116743
26 43166
72 117004
72 118020
72 118089
26 45918
72 118395
26 47018
72 119953
26 47239
26 48053
72 120586
72 121107
72 121822
26 49337
72 121968
72 125945
72 126090
26 53768
72 126106
26 54737
72 126534
72 127213
72 128080
26 75102
26 77513
72 128667
72 128705
72 129154
72 131002
72 131091
72 131602
72 132075
64 1331
72 133360
64 4331
72 133676
72 133967
72 134905
72 135817
64 6716
72 136956
72 139687
72 139785
64 11403
72 139794
72 140295
64 12281
72 140376
72 140469
72 140658
72 141125
64 15690
72 141506
64 17014
72 142861
72 143491
72 148600
64 26450
64 26454
72 151829
64 26757
72 152655
64 30601
72 152869
72 155479
64 34626
72 158190
64 35850
72 158218
72 158456
72 158545
64 39151
72 158646
64 39230
72 161103
72 164875
72 167943
72 168077
72 170479
72 170647
64 46374
72 170805
72 171125
72 171387
64 53417
72 172956
72 173937
64 56215
64 57576
72 174728
64 57825
72 175269
72 177276
72 177309
72 177718
64 59134
72 177914
72 178261
72 178286
72 178301
72 179526
72 180077
64 63395
72 181131
64 64552
64 65439
72 181470
72 183121
64 66649
72 184038
64 67346
64 68491
72 186149
72 186854
72 187070
72 187483
64 73616
72 188310
64 75481
72 190395
72 190933
72 191046
72 191692
72 192843
72 193204
64 80639
72 195713
64 82114
64 84445
72 196361
64 85286
72 197775
64 87214
72 198907
72 199939
64 93041
72 199987
72 200238
72 200586
64 95030
64 95935
72 200957
64 97901
72 202591
64 98583
72 202692
72 202914
64 104694
72 203664
72 204430
72 204724
72 204823
72 204986
64 108407
72 205792
72 207080
64 108560
72 208341
64 109821
72 208696
64 112136
72 209081
72 209900
72 210094
72 210490
64 115482
64 115939
72 213433
64 117398
72 215332
64 118649
72 216651
72 218188
72 218211
72 218576
72 219467
72 219486
72 219964
72 220346
72 221284
72 221476
72 222665
72 223951
72 224893
72 224973
72 225669
31 194
72 227097
31 4283
72 227479
72 227891
72 228858
72 228909
31 7071
72 229521
72 229666
72 230034
72 230155
72 230174
31 10106
72 230176
72 230776
72 230907
72 231517
72 232584
31 18100
31 19019
72 233402
72 234381
72 234423
31 26175
72 235837
31 29960
31 33719
20 4232
31 36434
20 6288
20 6453
31 42507
20 7743
20 8711
20 10553
20 11638
20 12677
31 55452
31 56412
20 17387
20 20772
31 60510
31 61110
20 21751
20 24763
20 26695
20 27203
31 63551
31 64548
20 30298
31 65531
20 30952
31 65870
31 67130
31 69580
20 34828
31 71733
20 35392
31 73044
20 38079
31 73636
31 74177
31 74319
20 38976
31 74863
31 76330
20 40200
31 77010
31 78529
20 43904
31 79953
31 80752
20 44794
20 45079
20 47353
31 85744
20 47404
20 47842
31 88069
20 48194
20 50554
31 90424
31 91526
31 91917
31 94546
31 95218
20 60484
20 60768
31 97121
20 61611
31 97886
31 98399
31 99999
20 63793
31 100324
20 67189
20 68870
20 69924
31 106702
20 70525
31 112553
20 74883
31 112642
20 31 113348
20 77635
31 114024
20 78309
20 78551
31 119094
31 120699
20 80240
20 80317
31 122758
20 80560
31 124129
20 81586
31 124983
20 82475
31 126609
31 126756
31 126986
20 83967
31 128120
31 129275
31 133645
20 89194
31 135171
31 136248
20 92585
20 93838
31 138083
20 96378
31 139342
20 99948
20 99970
20 101060
31 144816
31 144855
20 102411
20 103223
31 146248
20 103541
20 103721
20 107316
31 148227
31 150417
20 111201
20 111231
31 151375
20 112603
31 151439
31 154483
31 155007
31 156179
31 156458
31 157010
31 159019
82 606
31 159312
82 836
31 159800
82 1466
82 1623
82 2078
82 5042
82 5678
82 6649
82 7179
82 7190
82 7475
82 7895
107 3916
82 8182
107 4613
82 8895
107 6787
82 10975
82 15164
107 7775
82 16360
107 8748
82 17527
107 10611
82 17693
107 11814
82 20200
107 17752
82 20751
107 20013
82 21188
107 20465
82 21270
107 22427
107 22737
82 22049
107 23849
82 25915
107 25407
82 28550
82 29309
107 26574
82 29320
82 30077
82 30977
107 27545
82 31279
107 29215
107 30987
82 34116
82 34983
82 35307
82 35541
82 37165
107 37227
82 37463
82 38721
107 37980
82 40010
82 40218
82 41574
107 41010
82 42052
107 41839
107 42186
82 43370
107 42819
82 44913
82 45163
107 44314
82 45438
82 45483
107 44989
82 46728
82 46938
107 46857
82 47661
82 47691
107 50375
82 48017
107 50785
82 48983
82 49331
107 54200
107 54333
82 49812
82 50196
107 57754
82 50608
82 51208
82 51731
82 52391
107 62054
82 53156
107 62643
107 62875
107 63099
82 55209
107 63182
82 55551
107 64535
107 65300
82 57030
107 66330
82 57246
107 66801
82 57496
107 67400
82 59491
82 59593
107 68026
82 60579
107 68932
107 71108
107 71819
107 73538
107 76834
114 544
107 77747
114 1016
107 78467
114 1284
114 2179
114 2428
107 83202
107 86556
114 4912
114 8014
107 87648
107 89041
114 8786
107 90907
114 9544
114 11718
107 93461
107 94764
114 13824
114 14607
107 97243
107 98271
114 16564
114 17010
114 17660
107 100552
114 20089
114 20212
107 101973
114 21017
114 24068
114 24612
114 24955
114 26818
62 5444
62 6473
62 7542
114 27733
114 28617
114 29948
114 31907
114 33003
62 14113
114 33761
62 14555
114 33912
62 16967
62 17213
114 36146
114 39135
62 17942
114 39948
62 25897
114 46374
62 29548
114 47495
114 48978
114 50142
114 50161
62 38528
62 38811
62 39252
114 56245
114 56246
62 48682
114 57390
114 57541
114 58081
114 58587
62 54850
114 58782
62 57062
114 61157
114 61654
62 63602
114 62805
114 64057
114 65140
114 66276
114 66684
114 66839
37 1139
114 67753
37 1330
114 68330
37 1898
114 68640
114 69247
114 73325
114 73482
114 73751
114 74459
114 74959
114 76172
114 76339
37 9068
114 78164
37 9267
37 11494
114 85611
37 13473
37 14682
114 87351
114 89101
37 17479
114 89679
114 90258
37 20344
114 91121
114 91858
37 21526
114 92202
114 93031
114 93176
114 93256
114 94440
37 25957
114 96061
37 26648
37 27059
114 99652
37 31537
37 42122
37 43110
47 4594
37 44843
47 8216
37 46579
37 46972
37 47750
37 51711
47 11496
47 11845
37 53618
47 13041
47 13665
47 14257
47 17871
37 60260
37 61402
37 61863
37 64142
37 68906
37 69176
47 27497
47 30661
47 34497
37 72665
47 37383
37 77123
37 79803
37 79930
37 80152
47 42702
47 44338
37 82321
37 82750
47 49310
47 51713
47 52747
37 83477
37 86836
37 87555
47 56224
47 56808
37 89589
47 58458
47 59489
37 93428
37 93997
47 65893
37 95054
37 95281
47 67710
47 68116
37 99226
47 70126
37 99767
37 101957
37 102166
47 72507
37 102393
37 102590
47 75178
37 105063
37 108290
37 108529
37 109721
97 841
37 115068
97 2460
37 117645
97 4342
37 122727
97 10978
37 124110
37 124348
37 125589
37 126012
37 126543
97 15996
97 16278
37 129762
97 18243
37 131898
37 132850
97 21824
37 134371
37 136268
97 28585
97 30903
97 31557
76 237
76 332
97 32362
76 2565
76 3613
97 34843
97 35051
76 4146
76 5423
97 35293
76 6522
76 8145
97 37007
76 9371
97 38887
76 9403
97 39854
76 9848
97 40561
76 11416
97 40823
97 41034
76 11922
76 13172
76 15646
76 15936
97 44121
76 16068
76 16415
97 44532
76 16915
76 17408
97 46628
76 19634
97 48435
76 19747
97 49073
76 19979
97 49983
76 20391
76 21042
97 50438
97 51493
76 25333
76 25553
97 54069
76 26233
97 54773
76 29167
76 29517
76 30474
76 31407
97 56730
76 31925
76 32210
97 56877
76 34409
97 58598
97 61515
76 37673
97 67058
76 39423
97 67496
76 39670
76 40751
97 69429
76 41734
76 42200
97 70029
76 43422
76 43452
76 45062
97 73638
76 45285
97 73857
76 45431
97 74119
76 45721
97 75241
97 75640
76 46231
76 47305
76 50163
76 50463
76 50599
76 51125
76 52541
76 54246
76 54252
97 87335
76 55400
76 55607
97 90401
76 56296
97 91346
76 58067
76 58133
76 60181
97 93678
97 95172
76 62442
97 95785
97 95830
76 62750
97 98667
76 63037
76 65338
97 99609
76 65340
97 101063
97 101573
76 66022
97 104381
76 66958
97 104498
76 68056
76 69317
97 108102
76 69387
97 109301
76 69703
97 109925
76 70104
76 71442
97 110533
76 71515
76 71561
97 112558
76 72665
76 72702
97 113390
76 72752
97 113658
76 72799
97 113945
76 72872
76 73676
97 113964
76 74005
97 114338
97 115251
97 116019
97 117512
76 75973
76 77773
76 78275
76 79539
76 79651
76 79653
76 79854
76 81452
76 81598
103 382
76 81600
103 4071
76 82597
76 83549
103 4908
76 84788
76 85510
103 7826
76 86124
103 8978
76 86936
76 89047
103 9389
103 9714
103 10527
76 91805
103 10542
76 92385
76 92967
103 13364
103 13466
76 93290
103 13614
103 14500
76 93602
76 93888
76 95996
76 96697
103 19028
76 96953
76 96986
103 21296
76 97692
103 23773
76 99023
103 24691
103 25295
103 25865
76 104582
103 26553
76 105138
76 105204
103 26993
76 108833
76 108885
76 109239
103 27639
76 109304
103 27968
76 110624
76 110793
103 29958
76 111964
76 112267
76 114319
103 32518
76 115390
103 32843
76 116281
76 117007
103 34350
103 35073
76 118194
76 118930
76 119724
76 119902
76 120763
103 37451
103 37976
76 121819
76 122702
103 40754
103 42977
76 123021
76 123340
103 44328
76 123969
103 44754
103 45191
76 126154
76 127769
103 49201
103 49638
103 51581
103 57593
103 61533
41 5006
103 63745
103 64370
41 9311
41 9515
103 65583
103 66128
103 66857
41 10535
103 67373
41 10855
103 70288
41 11872
103 70520
103 72672
41 13451
103 73071
103 73224
103 73483
41 14915
41 16056
103 74618
41 16409
41 17332
103 76873
41 20928
103 80298
103 83730
103 84301
41 26868
41 26925
41 28529
103 84997
41 30052
103 86865
103 87155
103 87486
103 89351
41 32583
103 92446
103 93034
41 33923
103 93127
41 35223
41 35574
103 94848
103 95246
41 37577
103 96237
41 45166
103 99542
103 100352
103 101138
103 102521
103 103164
103 103560
41 55872
41 58055
41 59612
50 7212
110 115
50 12129
110 1050
110 2530
50 14462
110 4358
50 15421
50 16156
110 5385
110 6837
110 8853
50 18128
110 9446
110 10051
50 20488
110 11302
50 20739
50 20982
110 12832
50 22842
110 13022
50 23397
110 14336
50 26925
110 14602
50 29016
50 29296
50 33077
50 37853
110 23454
110 23700
50 41202
110 24893
50 43710
110 27600
110 28704
110 28810
50 48972
110 30534
50 49520
110 32332
110 32977
110 35308
110 36337
50 55396
110 36693
50 55860
110 41836
50 64486
110 43097
110 46531
110 48500
50 69811
110 53437
110 53448
110 53488
50 75622
110 54168
110 54465
110 56367
110 56798
50 77786
110 57536
50 78441
50 79223
110 57814
110 57987
50 83106
50 84757
110 60479
110 60980
50 85781
110 64276
50 86240
110 65662
110 66040
110 68645
110 69827
50 89835
110 72477
50 91083
50 93505
50 94107
50 94873
110 75034
110 75834
110 79520
50 100297
110 80070
110 81088
110 81338
50 105715
110 81462
50 105995
110 82561
50 106701
50 107037
110 88600
50 108343
50 108526
50 111544
50 112618
110 93600
50 114512
110 96520
50 115253
110 98271
50 119629
110 99774
50 120405
110 100626
50 121814
110 101362
50 123903
110 103100
50 130235
50 134211
50 134229
50 136072
50 137413
50 137507
40 5179
40 5833
50 142378
40 8580
40 10050
40 10170
50 144298
40 14073
56 4113
40 28697
56 7958
40 29366
40 35662
56 12621
56 14972
40 36289
40 36302
56 20541
40 36862
40 36999
56 24429
40 38196
40 38284
56 25628
40 38762
56 27254
56 27258
56 28854
40 39861
56 28975
40 40448
56 32869
40 43482
40 44922
56 33706
40 45413
40 45423
40 46592
56 36961
40 47504
56 44794
40 54075
40 54499
40 55416
56 55303
40 58835
40 59738
40 60883
56 58215
40 64495
56 63604
40 65437
56 63689
56 63876
40 65694
56 64004
40 66222
40 67050
56 68472
56 70675
40 70284
56 71070
56 72110
56 73302
40 70808
56 74508
40 71652
40 73247
56 76055
56 77344
40 74550
56 80433
40 74836
40 75876
40 76989
40 78089
56 86743
56 88751
56 89386
40 92865
56 91252
40 94050
40 95664
56 93933
56 97706
40 99386
40 100587
40 101448
56 102736
56 105608
40 105198
56 108513
40 107239
40 107464
40 108312
40 108897
40 112834
40 114257
99 1139
40 114468
40 114535
99 1938
99 2968
40 115305
99 3842
99 3854
99 6557
99 6657
40 120034
99 7638
40 120352
40 120843
99 11863
40 124196
99 12850
99 13574
40 126607
99 14409
99 14671
40 130910
99 16989
40 132613
40 133855
99 22295
99 22957
99 22971
99 23736
99 25724
99 26366
99 28356
99 28569
111 698
99 30073
99 30528
111 2504
111 3867
111 4145
111 4250
99 32538
111 5713
111 5947
99 35758
111 7978
99 36022
111 8274
111 8393
99 36884
111 8966
99 36972
111 12059
99 38528
111 12354
99 39180
99 39877
111 13813
99 40915
111 15971
111 16768
111 17634
99 41909
111 17972
111 18104
99 44359
111 19026
99 44493
111 20077
99 44798
111 20143
111 21301
111 22044
111 22206
99 49276
111 25334
99 50711
99 50896
99 52359
111 26512
111 27232
99 53993
111 28609
99 55239
111 28917
99 56550
111 29222
99 56886
111 32916
99 57749
111 33702
111 35342
99 61743
99 62022
111 37334
99 64926
111 42347
99 65726
111 42359
111 42945
111 43359
99 65803
99 67047
111 47114
99 67464
99 68709
99 69520
111 53374
111 53772
111 54120
111 54190
111 57653
111 59661
51 3395
111 62496
51 7552
111 64028
51 8403
111 65189
111 65338
111 66067
111 66137
51 9704
51 10392
111 66538
111 66550
111 66919
111 67379
111 70845
51 17148
51 17666
111 71785
111 72569
51 18109
111 72573
111 73010
51 19778
51 20774
111 75544
51 22211
111 78735
111 79396
111 79877
51 28798
51 29365
111 81945
51 30552
111 82630
51 30691
51 34538
51 34751
111 86127
51 37285
51 41767
51 42364
111 92632
51 46920
51 47575
111 93757
111 94045
111 94242
51 54201
111 94994
111 95446
51 55717
51 55797
111 97057
51 58140
111 97296
111 97612
51 59110
111 99314
111 100297
111 100425
51 61220
51 65392
111 101244
51 65893
51 65995
111 102258
51 66333
51 68395
111 104558
111 104968
111 105233
51 69292
51 70126
111 106075
111 106779
111 107109
111 107589
51 72214
51 73619
51 76657
39 452
39 3855
39 4241
51 78386
39 6168
51 79315
39 7093
51 81102
39 7274
51 83882
39 9625
39 12184
51 86359
39 13500
39 14587
39 17253
39 17880
39 18278
39 18297
51 97705
51 101205
51 102366
51 107412
39 24879
51 107530
39 25056
51 108933
51 109461
51 109556
39 30609
39 31373
39 32075
39 32350
39 35113
39 37525
27 7508
27 15480
27 25382
27 25808
73 509
73 1033
27 35270
73 3229
73 3328
27 58115
73 5149
73 5181
73 5756
73 7355
27 95381
27 98279
73 9352
27 112969
73 10810
73 11564
27 123236
73 11994
73 12878
73 13075
73 15426
73 15894
73 16081
73 17249
65 15435
73 17750
65 16368
73 18801
65 17903
73 18985
65 18335
73 19582
65 19351
73 20062
73 20543
73 20864
65 22363
65 22645
73 21073
73 21193
73 21258
65 24161
73 21793
65 24808
73 22294
73 22406
65 24849
73 24845
65 24979
73 24953
65 25150
73 25333
73 25548
73 25745
65 27144
73 25786
73 25827
65 31018
73 26447
65 33563
73 26767
73 26791
73 27326
65 34434
73 27411
73 27684
73 27836
73 29109
65 37116
73 29209
65 37363
73 29508
73 29604
65 39461
73 30186
65 40152
73 30460
73 31461
65 44983
73 31648
73 34427
73 35318
65 45552
73 37144
65 49315
73 38919
65 51951
73 39566
73 39900
65 52269
65 52858
65 53215
73 41642
65 54538
73 43779
65 55824
73 44573
73 44870
73 44975
65 63424
73 45278
73 47055
65 65452
73 47247
73 47251
65 65488
73 47315
73 47474
73 47944
65 70327
65 70569
65 75591
65 75872
73 53786
73 53792
73 54080
73 56223
73 57248
73 57960
65 83953
73 59565
73 59895
73 60637
65 86571
73 60905
73 61870
73 62300
65 89838
73 62363
73 63153
65 91164
73 64020
65 91450
65 93863
73 64883
65 96503
73 66185
73 66433
73 66625
65 103014
73 67332
73 67517
73 68139
73 69066
73 69230
73 70171
73 72517
65 112359
65 112844
73 74835
65 115545
73 77228
73 77245
73 77262
73 79017
73 79176
73 81317
73 81603
73 82266
73 82344
73 83085
73 83910
73 84680
42 2073
73 85002
73 85130
42 3119
73 85244
73 85762
42 4930
73 85890
73 87299
73 88163
73 88441
42 15411
73 89076
42 15881
42 17921
73 90243
73 90906
42 23558
42 23729
73 92853
42 24811
73 93768
42 25874
73 95654
42 27010
73 96206
42 27263
73 96536
73 98006
42 30600
73 98314
73 99099
73 99354
73 99766
42 33215
73 99775
42 34392
42 36499
73 100460
73 101265
42 39326
73 101977
73 102386
42 40017
73 104353
42 41697
73 106731
42 41992
73 106894
42 42139
73 106966
42 43097
73 107839
42 43524
42 47371
73 110468
42 49082
42 49774
73 111030
42 50928
73 111952
73 112418
73 112576
73 112935
73 113602
42 57639
73 113604
73 114550
73 115226
73 115316
42 59691
73 115706
42 59916
73 115724
73 115838
73 116455
42 60465
73 117336
42 62737
73 117931
73 118336
42 68652
73 119901
42 68978
73 121300
42 69953
42 69956
42 71180
73 122237
42 72120
73 122695
73 123286
42 73251
42 73497
42 76460
42 83618
42 84418
21 12041
77 1173
21 12526
77 1238
21 12952
77 2780
21 13871
21 14535
77 4558
77 5942
21 15753
21 15839
77 7847
77 8719
77 10962
21 18713
77 11606
77 12962
77 14237
21 22502
77 15403
21 26745
77 15526
77 16215
77 16631
77 20294
21 33682
77 21645
21 34031
77 22200
77 23142
21 35606
77 24006
21 35813
77 24434
21 36055
21 37653
77 25818
21 38597
77 27142
77 28408
21 41188
77 29627
77 30002
21 41672
77 30350
77 30356
21 42525
21 44520
21 46388
77 32069
77 32323
21 47924
21 48246
77 33475
77 34080
77 34568
77 35354
21 51355
21 54804
77 36472
21 55021
77 37367
21 57918
21 59942
77 39268
21 61675
77 41976
21 62184
77 42077
77 42884
77 45156
77 45606
21 64468
77 46348
21 64651
77 46783
21 66737
77 49282
21 69478
21 70104
77 51024
77 51135
21 71458
77 53114
21 73845
77 53453
21 74231
77 54487
21 78731
77 54836
77 55983
77 56762
77 56994
77 57023
77 57109
77 57131
77 59782
77 61664
21 86477
77 61778
21 86952
77 62519
77 62692
77 62905
21 89532
77 64093
77 65482
21 94783
21 96804
77 68643
77 68990
21 98334
77 69146
21 99421
77 69626
21 102881
77 70025
21 102904
21 106330
21 109847
77 71895
77 72376
21 111512
21 113422
77 73611
77 74141
21 115401
21 116492
77 74232
77 77030
21 120000
77 79018
77 79060
77 79208
21 121659
77 79332
21 122446
21 122697
77 80647
77 83119
77 83452
21 125718
77 84980
77 86731
77 88127
77 90359
117 1252
77 90599
117 1759
117 1978
77 92773
117 2607
77 93199
77 94069
117 5360
77 94623
77 95918
77 96337
77 96754
117 9198
77 97133
117 9605
77 98614
117 11062
77 100094
117 11978
77 100911
117 15116
77 105020
117 17163
77 105784
117 18915
117 19587
77 108952
117 20764
117 21285
77 110499
117 24116
117 24818
117 26160
28 12853
117 27547
28 14547
117 29390
28 20216
28 21599
117 34844
28 58007
117 36013
117 36262
28 71932
28 72888
117 38630
117 39702
28 76590
28 83274
117 41826
117 42222
28 85183
117 42680
28 86190
117 44210
28 90001
117 45243
28 91156
117 45310
28 99169
28 100198
117 45981
28 108133
117 45983
28 108486
117 46490
117 48325
117 49943
117 51638
28 124598
117 54021
117 55256
117 55306
117 61351
117 61507
117 61515
117 63379
117 64138
33 505
33 943
33 1336
117 66366
33 1744
117 67956
33 2370
117 68386
117 68653
117 70229
117 73940
117 74019
33 6161
33 8047
33 8776
117 77451
117 77677
33 9604
117 77751
117 78119
33 10960
117 80698
33 16248
117 83229
33 18592
117 83319
33 20517
33 21301
33 21792
33 22025
33 26148
33 26163
33 31153
33 32414
115 4566
115 6542
33 35155
115 6556
115 7336
33 37660
115 7546
33 37820
33 38625
115 8583
33 38702
115 9283
33 38817
115 11096
115 11203
33 41056
115 11802
33 42643
115 12242
33 44722
115 12325
33 45636
115 13277
33 45837
115 14017
115 15512
33 50756
115 16065
115 16270
115 16958
115 19458
33 54474
115 22580
115 23000
115 29118
115 30267
115 31188
115 31255
33 59613
115 35269
115 36044
33 61741
33 63976
115 38577
33 64846
33 66784
115 44581
115 45983
33 73807
115 48099
33 74646
115 48553
115 49027
33 75547
33 78556
115 50674
115 51422
33 78604
115 53563
33 78667
115 53869
33 79297
115 54673
115 55273
33 80576
115 55570
115 55685
115 55691
115 57343
115 57774
33 82979
115 58788
33 83190
115 61105
115 62109
115 62352
33 88552
115 62509
33 88939
115 62895
33 89198
115 63050
33 90116
33 90191
115 66625
33 90736
115 67382
115 68659
115 71038
115 71273
33 95670
115 72735
33 95810
33 96355
33 97545
115 73172
33 97554
33 100353
115 75604
115 75650
33 102249
115 76103
115 78136
33 104209
115 78334
115 80850
33 107730
115 82835
33 108725
115 84026
115 84650
33 111606
115 85408
33 111736
33 112656
33 120015
115 88949
115 89776
33 122032
115 90853
115 92093
33 126071
115 93889
115 95984
33 129678
115 101751
33 129949
115 105132
33 130897
115 106690
33 132583
115 106871
115 107108
33 136566
115 107724
33 141121
115 108809
33 141463
33 143807
115 111555
33 145022
115 111764
115 112314
33 147357
115 112466
33 148852
115 114122
33 149489
33 154345
33 155538
120 315
120 483
120 2217
120 2247
120 2298
120 3355
120 3438
120 3945
120 4238
120 4348
120 6246
32 5384
120 6935
32 5627
32 9011
32 9292
32 9374
120 9968
32 9540
120 10701
32 11078
32 11214
32 11790
120 12337
120 14722
32 14194
32 15915
120 14956
120 15237
120 15531
120 16108
32 18529
32 19598
32 21145
120 21014
32 24412
120 22164
32 25183
120 29738
32 27211
120 30211
32 29284
32 29675
120 34785
120 38322
32 34813
120 39053
32 36342
32 36618
120 39234
32 39149
120 40482
32 39963
120 40778
32 43202
120 46623
32 43465
120 47517
32 44940
120 48620
120 49431
32 48318
120 49886
32 51151
120 50554
120 51314
120 51627
32 54873
120 52878
120 53542
120 54152
120 55121
120 56212
120 56246
120 57055
32 62734
32 65870
120 61464
32 65994
120 62030
32 67833
120 64345
120 64687
32 68131
32 70723
120 64722
32 70949
120 65189
120 66628
32 71570
120 68826
120 69227
120 69558
32 74939
120 69775
32 75401
120 71693
120 71862
120 72146
32 77498
120 72403
120 74448
32 82263
120 76720
120 78543
120 78608
120 78745
32 86081
120 78803
32 86848
32 88651
120 81361
32 90563
32 90822
120 82127
120 82346
32 92460
32 98146
104 287
104 328
104 1545
32 99347
104 1904
104 2150
104 2302
104 5848
104 5992
104 6036
104 7543
104 9184
104 10336
32 107495
32 107680
32 107728
104 12513
32 108827
104 13752
32 109868
104 15897
32 110710
104 16436
104 16839
32 112657
104 17272
32 113605
104 20598
32 116412
32 116767
32 117205
104 27739
32 122963
104 30275
32 123765
32 123813
104 34446
104 35287
32 124710
104 36950
104 39517
32 125312
32 125316
104 39599
32 126759
104 40546
104 40580
32 128566
104 44448
32 130929
32 131890
104 45947
104 48505
104 49309
104 50109
32 138718
104 50562
104 50746
32 139266
104 53888
104 54152
104 55891
32 143377
104 57091
32 145578
104 57878
32 146836
32 147858
32 148001
32 149563
104 60446
104 62017
104 62329
104 63345
104 66950
104 68644
104 69328
104 74400
38 5902
38 7314
104 76143
38 8398
38 8527
38 8549
104 78867
104 80303
104 80361
104 81347
104 81861
104 82927
38 14891
38 15533
104 83643
38 15875
104 85204
38 17185
38 17251
38 17567
104 85435
38 20028
104 86141
104 86302
38 23513
104 88104
104 89884
38 24556
104 90795
104 91027
38 24956
104 91677
38 26535
104 93817
104 94927
104 95279
104 95627
38 33644
38 36705
38 41830
38 42536
38 42890
38 43368
38 43654
38 44734
38 46015
70 1155
70 1630
70 3289
70 3596
38 49380
70 3819
38 51295
70 4236
70 5446
70 5972
70 6378
38 54272
38 54908
38 57461
70 8381
38 58209
70 9926
70 10517
70 11890
38 62975
70 12079
38 63552
70 12574
70 13363
70 13991
70 14482
38 67121
70 15360
70 16296
38 70220
38 71250
70 17628
38 71449
70 18318
70 19162
70 20318
70 20579
70 21254
38 80093
70 22115
70 23632
70 25475
70 25550
70 27626
38 81741
70 27627
38 82195
70 27968
70 28069
70 28818
38 85501
70 30470
38 86439
70 31207
38 90460
70 32613
38 93214
70 33323
70 33575
70 34358
38 94666
70 35215
70 36075
70 36203
70 38559
38 103119
38 103169
70 40034
38 103207
70 40284
70 41047
70 41400
70 41474
38 106655
70 42019
70 42381
38 110534
70 43918
70 44172
70 44507
38 113141
38 113992
70 45427
70 46677
70 46853
38 118734
70 46907
38 121857
70 47831
70 48035
38 124268
70 48259
38 124336
70 49880
70 50157
38 124707
38 125474
70 52524
70 55920
70 56423
38 127163
38 127280
70 57065
70 57759
70 58143
38 131932
70 59716
70 60184
70 60414
38 134665
70 61042
70 63846
70 64753
70 65517
70 65534
70 66731
70 67811
70 68174
36 312
70 68575
70 69039
70 69288
70 69476
36 2463
70 69700
70 69773
36 4066
70 69863
36 4522
70 71281
70 73377
36 5905
36 6504
70 74871
36 9595
36 9939
70 76739
70 76832
70 77291
70 80328
36 11997
70 80720
36 14636
70 81048
36 15579
70 81786
70 82829
70 84085
36 21135
70 84554
70 85230
70 86145
36 28572
70 88360
70 88666
36 29564
70 91060
36 29790
36 29887
70 91647
36 30785
70 93582
36 31561
70 94053
70 94339
36 36591
36 37577
70 95645
36 37654
70 98877
70 100897
70 101915
70 102409
36 43514
70 103076
70 103078
70 103123
70 103165
36 46264
70 103313
36 48191
70 104045
70 104257
70 105046
36 50451
36 53220
36 53266
70 105904
70 105988
70 107023
70 108245
36 57565
70 109668
70 110475
70 110817
70 111784
70 114466
36 62021
70 114708
36 63001
70 115518
70 115980
36 64677
70 116342
70 116840
36 66611
70 117748
70 118238
36 67203
36 69433
70 118258
70 118510
70 119374
70 119510
70 120295
70 121351
36 77746
36 78259
36 80562
70 123351
70 123885
70 124034
36 86167
70 125115
70 125605
70 126018
36 88262
70 128521
36 89786
70 129755
70 130210
70 130616
70 130829
36 97517
70 131447
36 100897
36 101748
70 133444
36 102177
70 135815
36 102928
70 137145
70 138549
36 106001
36 108202
70 139537
36 109661
70 139760
70 140056
36 110153
36 110280
70 141602
70 141913
70 142286
70 142789
36 115107
70 143932
36 116851
70 145449
70 145635
70 145664
36 119791
70 148395
70 148739
36 121845
70 149316
70 149754
70 149984
70 150128
70 151025
70 152400
70 152697
70 152828
70 155970
70 156973
70 158477
30 705
70 161574
30 1762
30 3088
70 163715
30 4916
70 164643
30 5285
70 165272
70 165344
30 5637
70 167274
70 167366
70 167729
30 12042
70 169441
30 14722
70 169554
30 15195
70 170175
30 19518
70 170314
70 171621
30 20847
30 21504
70 172104
30 23841
70 172789
70 173099
30 24189
70 174422
30 28831
70 174677
70 175645
70 178000
70 178875
70 180852
70 183233
70 184973
30 37785
30 38485
70 186062
70 187654
30 38854
70 188551
30 39064
70 189321
70 190011
30 39405
30 40982
70 191086
30 45335
70 191163
70 191702
70 192878
30 47448
70 193627
70 193908
70 196559
30 50717
70 196959
70 198104
30 55660
70 199104
70 200999
70 201754
30 58859
70 202753
70 203869
30 62158
70 204126
70 205614
70 205918
70 206846
30 68837
70 207210
70 207994
70 209057
30 70883
70 209582
30 71856
70 209989
70 210101
30 73394
70 210757
30 75351
70 211667
30 76632
70 213379
70 213711
70 214434
70 215165
70 219118
30 84478
70 220709
70 221080
70 221851
30 86838
70 221887
70 222802
70 223931
70 224498
70 224649
30 92591
70 225637
70 226198
70 226627
30 94259
30 96706
30 96994
118 2402
30 104153
30 111986
30 112459
30 113783
30 115410
30 116023
30 118434
30 119177
30 123938
30 124709
30 124793
30 125501
30 126315
30 126329
30 126868
30 130524
30 130836
30 132731
30 133559
30 143632
29 513
29 1810
29 2797
29 3264
29 6290
29 6739
29 9262
29 11002
29 13873
29 15453
29 17140
29 18442
29 24327
29 25463
29 25837
29 31513
29 36451
29 38082
29 41802
29 54041
29 59470
29 62197
29 65186
29 70158
29 70381
29 71358
29 71994
29 72484
29 72622
