 loop =          -1  is type =           0   0.00000000       7.00000000       0.00000000       1.29999995       0.00000000       0.00000000       0.00000000       0.00000000       0.00000000    
 loop =          -1  is type =           1   0.00000000       36.5665016       1.89600003      0.843999982       0.00000000       2.22119999      0.261000007       0.00000000       0.00000000    
 loop =          -1  is type =           2   0.00000000       0.00000000       0.00000000       0.00000000       73.3939972       2.22119999      0.261000007       0.00000000       0.00000000    
 WOUT,ITER,FALLOC = F           0 F
