 loop =           0  is type =           0   0.00000000       11.0000000       0.00000000       1.30299997       0.00000000       0.00000000       0.00000000       0.00000000       0.00000000    
 loop =          -1  is type =           1   0.00000000       89.1125031       1.14850998      0.747021973       2.01025009       1.34983003      0.632601976       0.00000000       0.00000000    
 loop =          -1  is type =           2   0.00000000       0.00000000       0.00000000       0.00000000       10.3842001       1.40234995      0.668887019       0.00000000       0.00000000    
 loop =          -1  is type =           3   0.00000000       1.77849996      0.972000003       1.01100004       0.00000000       0.00000000       0.00000000       0.00000000       0.00000000    
 WOUT,ITER,FALLOC = F           0 F
