    0.00   7.286800E+00
    1.00   7.285300E+00
    2.00   7.280400E+00
    3.00   7.271100E+00
    4.00   7.256000E+00
    5.00   7.233100E+00
    6.00   7.200100E+00
    7.00   7.154700E+00
    8.00   7.094300E+00
    9.00   7.016700E+00
   10.00   6.920100E+00
   11.00   6.803000E+00
   12.00   6.664300E+00
   13.00   6.503800E+00
   14.00   6.321600E+00
   15.00   6.118600E+00
   16.00   5.896000E+00
   17.00   5.655700E+00
   18.00   5.400000E+00
   19.00   5.131200E+00
   20.00   4.852200E+00
   21.00   4.566000E+00
   22.00   4.275300E+00
   23.00   3.983100E+00
   24.00   3.692200E+00
   25.00   3.405200E+00
   26.00   3.124500E+00
   27.00   2.852300E+00
   28.00   2.590600E+00
   29.00   2.340800E+00
   30.00   2.104400E+00
   31.00   1.882400E+00
   32.00   1.675400E+00
   33.00   1.484100E+00
   34.00   1.308600E+00
   35.00   1.148900E+00
   36.00   1.004800E+00
   37.00   8.760000E-01
   38.00   7.619700E-01
   39.00   6.620500E-01
   40.00   5.755000E-01
   41.00   5.015100E-01
   42.00   4.392000E-01
   43.00   3.876500E-01
   44.00   3.459200E-01
   45.00   3.130600E-01
   46.00   2.881300E-01
   47.00   2.702100E-01
   48.00   2.584000E-01
   49.00   2.518400E-01
   50.00   2.497300E-01
   51.00   2.512900E-01
   52.00   2.558300E-01
   53.00   2.626800E-01
   54.00   2.712600E-01
   55.00   2.810200E-01
   56.00   2.915000E-01
   57.00   3.022600E-01
   58.00   3.129400E-01
   59.00   3.232300E-01
   60.00   3.328500E-01
   61.00   3.416000E-01
   62.00   3.493000E-01
   63.00   3.558200E-01
   64.00   3.610600E-01
   65.00   3.649800E-01
   66.00   3.675400E-01
   67.00   3.687500E-01
   68.00   3.686200E-01
   69.00   3.672200E-01
   70.00   3.645800E-01
   71.00   3.608000E-01
   72.00   3.559600E-01
   73.00   3.501600E-01
   74.00   3.434900E-01
   75.00   3.360500E-01
   76.00   3.279700E-01
   77.00   3.193500E-01
   78.00   3.102800E-01
   79.00   3.008900E-01
   80.00   2.912700E-01
   81.00   2.815200E-01
   82.00   2.717200E-01
   83.00   2.619700E-01
   84.00   2.523300E-01
   85.00   2.428900E-01
   86.00   2.337000E-01
   87.00   2.248100E-01
   88.00   2.162800E-01
   89.00   2.081500E-01
   90.00   2.004300E-01
   91.00   1.931700E-01
   92.00   1.863800E-01
   93.00   1.800700E-01
   94.00   1.742400E-01
   95.00   1.689100E-01
   96.00   1.640600E-01
   97.00   1.596800E-01
   98.00   1.557700E-01
   99.00   1.523100E-01
  100.00   1.492700E-01
  101.00   1.466400E-01
  102.00   1.444000E-01
  103.00   1.425200E-01
  104.00   1.409800E-01
  105.00   1.397400E-01
  106.00   1.387900E-01
  107.00   1.381000E-01
  108.00   1.376500E-01
  109.00   1.374100E-01
  110.00   1.373500E-01
  111.00   1.374700E-01
  112.00   1.377400E-01
  113.00   1.381400E-01
  114.00   1.386600E-01
  115.00   1.392800E-01
  116.00   1.400100E-01
  117.00   1.408200E-01
  118.00   1.417100E-01
  119.00   1.426700E-01
  120.00   1.437200E-01
  121.00   1.448400E-01
  122.00   1.460400E-01
  123.00   1.473200E-01
  124.00   1.486800E-01
  125.00   1.501500E-01
  126.00   1.517100E-01
  127.00   1.533900E-01
  128.00   1.551900E-01
  129.00   1.571200E-01
  130.00   1.592000E-01
  131.00   1.614400E-01
  132.00   1.638500E-01
  133.00   1.664300E-01
  134.00   1.692100E-01
  135.00   1.721900E-01
  136.00   1.753800E-01
  137.00   1.788000E-01
  138.00   1.824400E-01
  139.00   1.863100E-01
  140.00   1.904200E-01
  141.00   1.947800E-01
  142.00   1.993800E-01
  143.00   2.042100E-01
  144.00   2.092900E-01
  145.00   2.146000E-01
  146.00   2.201400E-01
  147.00   2.259000E-01
  148.00   2.318600E-01
  149.00   2.380200E-01
  150.00   2.443600E-01
  151.00   2.508600E-01
  152.00   2.575000E-01
  153.00   2.642600E-01
  154.00   2.711300E-01
  155.00   2.780700E-01
  156.00   2.850600E-01
  157.00   2.920800E-01
  158.00   2.991000E-01
  159.00   3.060800E-01
  160.00   3.130000E-01
  161.00   3.198300E-01
  162.00   3.265400E-01
  163.00   3.331000E-01
  164.00   3.394800E-01
  165.00   3.456400E-01
  166.00   3.515700E-01
  167.00   3.572300E-01
  168.00   3.625900E-01
  169.00   3.676300E-01
  170.00   3.723200E-01
  171.00   3.766400E-01
  172.00   3.805700E-01
  173.00   3.840800E-01
  174.00   3.871700E-01
  175.00   3.898000E-01
  176.00   3.919800E-01
  177.00   3.936900E-01
  178.00   3.949100E-01
  179.00   3.956500E-01
