# 181 angles,  1 tensor ranks for 0=projectile
@subtitle   "7Li(d,p) @ 7.5AMeV ADWA (d) + KD (p)"                                          
@legend ON
@legend x1 0.2
@legend y1 0.8
@g0 type LOGY
@yaxis ticklabel format power
@xaxis label "Scattering angle (degrees)"
@yaxis label "Cross section (mb/sr)"
@legend string   0 "Partition=  1 Excit=  1 near/far= 1"
#legend string   0 "Lab energy =   14.5311"
@s0 linestyle   1
#  Theta       sigma       iT11        T20         T21         T22         Kyy for projectile
  0.1000E-01  0.1578E+16
   1.000      0.1552E+08
   2.000      0.9318E+06
   3.000      0.1742E+06
   4.000      0.5190E+05
   5.000      0.2015E+05
   6.000       9407.    
   7.000       5100.    
   8.000       3153.    
   9.000       2187.    
   10.00       1669.    
   11.00       1369.    
   12.00       1182.    
   13.00       1056.    
   14.00       962.1    
   15.00       887.5    
   16.00       823.7    
   17.00       766.6    
   18.00       713.5    
   19.00       663.2    
   20.00       614.9    
   21.00       568.3    
   22.00       523.4    
   23.00       480.0    
   24.00       438.4    
   25.00       398.5    
   26.00       360.4    
   27.00       324.4    
   28.00       290.3    
   29.00       258.4    
   30.00       228.7    
   31.00       201.1    
   32.00       175.7    
   33.00       152.4    
   34.00       131.2    
   35.00       112.0    
   36.00       94.87    
   37.00       79.57    
   38.00       66.05    
   39.00       54.22    
   40.00       43.94    
   41.00       35.11    
   42.00       27.61    
   43.00       21.31    
   44.00       16.11    
   45.00       11.87    
   46.00       8.504    
   47.00       5.888    
   48.00       3.924    
   49.00       2.516    
   50.00       1.577    
   51.00       1.024    
   52.00      0.7823    
   53.00      0.7860    
   54.00      0.9753    
   55.00       1.298    
   56.00       1.709    
   57.00       2.169    
   58.00       2.646    
   59.00       3.114    
   60.00       3.552    
   61.00       3.944    
   62.00       4.278    
   63.00       4.545    
   64.00       4.743    
   65.00       4.869    
   66.00       4.924    
   67.00       4.912    
   68.00       4.837    
   69.00       4.704    
   70.00       4.522    
   71.00       4.296    
   72.00       4.036    
   73.00       3.748    
   74.00       3.439    
   75.00       3.119    
   76.00       2.793    
   77.00       2.467    
   78.00       2.149    
   79.00       1.841    
   80.00       1.550    
   81.00       1.279    
   82.00       1.030    
   83.00      0.8064    
   84.00      0.6093    
   85.00      0.4401    
   86.00      0.2990    
   87.00      0.1862    
   88.00      0.1012    
   89.00      0.4301E-01
   90.00      0.1060E-01
   91.00      0.2453E-02
   92.00      0.1691E-01
   93.00      0.5212E-01
   94.00      0.1061    
   95.00      0.1769    
   96.00      0.2623    
   97.00      0.3604    
   98.00      0.4690    
   99.00      0.5861    
   100.0      0.7099    
   101.0      0.8384    
   102.0      0.9699    
   103.0       1.103    
   104.0       1.236    
   105.0       1.367    
   106.0       1.495    
   107.0       1.619    
   108.0       1.738    
   109.0       1.851    
   110.0       1.956    
   111.0       2.054    
   112.0       2.143    
   113.0       2.222    
   114.0       2.292    
   115.0       2.352    
   116.0       2.401    
   117.0       2.438    
   118.0       2.465    
   119.0       2.480    
   120.0       2.483    
   121.0       2.475    
   122.0       2.455    
   123.0       2.423    
   124.0       2.381    
   125.0       2.328    
   126.0       2.264    
   127.0       2.190    
   128.0       2.107    
   129.0       2.015    
   130.0       1.916    
   131.0       1.809    
   132.0       1.697    
   133.0       1.580    
   134.0       1.459    
   135.0       1.336    
   136.0       1.212    
   137.0       1.088    
   138.0      0.9658    
   139.0      0.8467    
   140.0      0.7321    
   141.0      0.6235    
   142.0      0.5223    
   143.0      0.4298    
   144.0      0.3474    
   145.0      0.2763    
   146.0      0.2176    
   147.0      0.1722    
   148.0      0.1413    
   149.0      0.1253    
   150.0      0.1250    
   151.0      0.1408    
   152.0      0.1728    
   153.0      0.2212    
   154.0      0.2857    
   155.0      0.3660    
   156.0      0.4616    
   157.0      0.5717    
   158.0      0.6954    
   159.0      0.8315    
   160.0      0.9788    
   161.0       1.136    
   162.0       1.301    
   163.0       1.473    
   164.0       1.649    
   165.0       1.828    
   166.0       2.007    
   167.0       2.186    
   168.0       2.361    
   169.0       2.530    
   170.0       2.693    
   171.0       2.847    
   172.0       2.989    
   173.0       3.119    
   174.0       3.236    
   175.0       3.336    
   176.0       3.420    
   177.0       3.487    
   178.0       3.535    
   179.0       3.564    
   180.0       3.574    
 END
@legend string   1 "Partition=  2 Excit=  1 near/far= 1"
#legend string   0 "Lab energy =   14.5311"
@s1 linestyle   2
#  Theta       sigma       iT11        T20         T21         T22         Kyy for projectile
   0.000       29.33    
   1.000       29.33    
   2.000       29.34    
   3.000       29.34    
   4.000       29.34    
   5.000       29.31    
   6.000       29.26    
   7.000       29.16    
   8.000       29.00    
   9.000       28.78    
   10.00       28.47    
   11.00       28.08    
   12.00       27.59    
   13.00       27.01    
   14.00       26.33    
   15.00       25.55    
   16.00       24.68    
   17.00       23.73    
   18.00       22.70    
   19.00       21.61    
   20.00       20.47    
   21.00       19.29    
   22.00       18.09    
   23.00       16.88    
   24.00       15.67    
   25.00       14.48    
   26.00       13.31    
   27.00       12.18    
   28.00       11.10    
   29.00       10.06    
   30.00       9.086    
   31.00       8.171    
   32.00       7.322    
   33.00       6.539    
   34.00       5.823    
   35.00       5.174    
   36.00       4.592    
   37.00       4.073    
   38.00       3.616    
   39.00       3.218    
   40.00       2.876    
   41.00       2.585    
   42.00       2.343    
   43.00       2.144    
   44.00       1.986    
   45.00       1.863    
   46.00       1.771    
   47.00       1.707    
   48.00       1.666    
   49.00       1.644    
   50.00       1.638    
   51.00       1.645    
   52.00       1.662    
   53.00       1.686    
   54.00       1.713    
   55.00       1.744    
   56.00       1.775    
   57.00       1.805    
   58.00       1.832    
   59.00       1.856    
   60.00       1.875    
   61.00       1.890    
   62.00       1.899    
   63.00       1.902    
   64.00       1.898    
   65.00       1.888    
   66.00       1.872    
   67.00       1.850    
   68.00       1.821    
   69.00       1.787    
   70.00       1.748    
   71.00       1.704    
   72.00       1.655    
   73.00       1.603    
   74.00       1.548    
   75.00       1.490    
   76.00       1.431    
   77.00       1.370    
   78.00       1.308    
   79.00       1.246    
   80.00       1.184    
   81.00       1.122    
   82.00       1.062    
   83.00       1.003    
   84.00      0.9461    
   85.00      0.8908    
   86.00      0.8378    
   87.00      0.7871    
   88.00      0.7390    
   89.00      0.6936    
   90.00      0.6511    
   91.00      0.6114    
   92.00      0.5747    
   93.00      0.5409    
   94.00      0.5101    
   95.00      0.4822    
   96.00      0.4572    
   97.00      0.4350    
   98.00      0.4154    
   99.00      0.3984    
   100.0      0.3838    
   101.0      0.3716    
   102.0      0.3614    
   103.0      0.3533    
   104.0      0.3470    
   105.0      0.3423    
   106.0      0.3391    
   107.0      0.3373    
   108.0      0.3366    
   109.0      0.3369    
   110.0      0.3381    
   111.0      0.3400    
   112.0      0.3425    
   113.0      0.3455    
   114.0      0.3489    
   115.0      0.3525    
   116.0      0.3563    
   117.0      0.3601    
   118.0      0.3639    
   119.0      0.3677    
   120.0      0.3714    
   121.0      0.3748    
   122.0      0.3781    
   123.0      0.3811    
   124.0      0.3838    
   125.0      0.3862    
   126.0      0.3883    
   127.0      0.3901    
   128.0      0.3916    
   129.0      0.3928    
   130.0      0.3937    
   131.0      0.3944    
   132.0      0.3948    
   133.0      0.3950    
   134.0      0.3949    
   135.0      0.3948    
   136.0      0.3944    
   137.0      0.3940    
   138.0      0.3935    
   139.0      0.3930    
   140.0      0.3924    
   141.0      0.3919    
   142.0      0.3914    
   143.0      0.3910    
   144.0      0.3907    
   145.0      0.3905    
   146.0      0.3904    
   147.0      0.3905    
   148.0      0.3907    
   149.0      0.3911    
   150.0      0.3917    
   151.0      0.3924    
   152.0      0.3934    
   153.0      0.3945    
   154.0      0.3958    
   155.0      0.3972    
   156.0      0.3989    
   157.0      0.4006    
   158.0      0.4025    
   159.0      0.4045    
   160.0      0.4066    
   161.0      0.4088    
   162.0      0.4110    
   163.0      0.4133    
   164.0      0.4156    
   165.0      0.4179    
   166.0      0.4201    
   167.0      0.4224    
   168.0      0.4245    
   169.0      0.4266    
   170.0      0.4285    
   171.0      0.4304    
   172.0      0.4320    
   173.0      0.4336    
   174.0      0.4349    
   175.0      0.4361    
   176.0      0.4371    
   177.0      0.4378    
   178.0      0.4384    
   179.0      0.4387    
   180.0      0.4388    
 END
@legend string   2 "Partition=  2 Excit=  2 near/far= 1"
#legend string   0 "Lab energy =   14.5311"
@s2 linestyle   3
#  Theta       sigma       iT11        T20         T21         T22         Kyy for projectile
   0.000       23.07    
   1.000       23.04    
   2.000       22.96    
   3.000       22.82    
   4.000       22.63    
   5.000       22.38    
   6.000       22.08    
   7.000       21.71    
   8.000       21.29    
   9.000       20.81    
   10.00       20.27    
   11.00       19.67    
   12.00       19.02    
   13.00       18.32    
   14.00       17.57    
   15.00       16.78    
   16.00       15.96    
   17.00       15.12    
   18.00       14.26    
   19.00       13.39    
   20.00       12.52    
   21.00       11.66    
   22.00       10.81    
   23.00       9.992    
   24.00       9.200    
   25.00       8.442    
   26.00       7.722    
   27.00       7.044    
   28.00       6.408    
   29.00       5.816    
   30.00       5.268    
   31.00       4.762    
   32.00       4.299    
   33.00       3.877    
   34.00       3.494    
   35.00       3.148    
   36.00       2.838    
   37.00       2.562    
   38.00       2.318    
   39.00       2.106    
   40.00       1.922    
   41.00       1.765    
   42.00       1.634    
   43.00       1.525    
   44.00       1.437    
   45.00       1.368    
   46.00       1.314    
   47.00       1.274    
   48.00       1.245    
   49.00       1.225    
   50.00       1.211    
   51.00       1.203    
   52.00       1.199    
   53.00       1.197    
   54.00       1.196    
   55.00       1.196    
   56.00       1.197    
   57.00       1.197    
   58.00       1.196    
   59.00       1.194    
   60.00       1.192    
   61.00       1.187    
   62.00       1.181    
   63.00       1.173    
   64.00       1.162    
   65.00       1.149    
   66.00       1.133    
   67.00       1.114    
   68.00       1.092    
   69.00       1.067    
   70.00       1.039    
   71.00       1.008    
   72.00      0.9757    
   73.00      0.9409    
   74.00      0.9046    
   75.00      0.8671    
   76.00      0.8288    
   77.00      0.7901    
   78.00      0.7515    
   79.00      0.7131    
   80.00      0.6754    
   81.00      0.6384    
   82.00      0.6024    
   83.00      0.5675    
   84.00      0.5338    
   85.00      0.5013    
   86.00      0.4702    
   87.00      0.4404    
   88.00      0.4121    
   89.00      0.3851    
   90.00      0.3596    
   91.00      0.3356    
   92.00      0.3130    
   93.00      0.2920    
   94.00      0.2726    
   95.00      0.2546    
   96.00      0.2383    
   97.00      0.2235    
   98.00      0.2103    
   99.00      0.1985    
   100.0      0.1882    
   101.0      0.1793    
   102.0      0.1717    
   103.0      0.1653    
   104.0      0.1601    
   105.0      0.1559    
   106.0      0.1527    
   107.0      0.1503    
   108.0      0.1487    
   109.0      0.1477    
   110.0      0.1473    
   111.0      0.1475    
   112.0      0.1481    
   113.0      0.1491    
   114.0      0.1503    
   115.0      0.1519    
   116.0      0.1536    
   117.0      0.1555    
   118.0      0.1576    
   119.0      0.1597    
   120.0      0.1619    
   121.0      0.1641    
   122.0      0.1663    
   123.0      0.1685    
   124.0      0.1707    
   125.0      0.1728    
   126.0      0.1748    
   127.0      0.1767    
   128.0      0.1785    
   129.0      0.1802    
   130.0      0.1818    
   131.0      0.1832    
   132.0      0.1845    
   133.0      0.1857    
   134.0      0.1868    
   135.0      0.1878    
   136.0      0.1887    
   137.0      0.1895    
   138.0      0.1902    
   139.0      0.1908    
   140.0      0.1914    
   141.0      0.1919    
   142.0      0.1924    
   143.0      0.1929    
   144.0      0.1934    
   145.0      0.1940    
   146.0      0.1945    
   147.0      0.1951    
   148.0      0.1958    
   149.0      0.1965    
   150.0      0.1973    
   151.0      0.1981    
   152.0      0.1990    
   153.0      0.2000    
   154.0      0.2011    
   155.0      0.2023    
   156.0      0.2035    
   157.0      0.2047    
   158.0      0.2061    
   159.0      0.2075    
   160.0      0.2089    
   161.0      0.2104    
   162.0      0.2119    
   163.0      0.2134    
   164.0      0.2149    
   165.0      0.2164    
   166.0      0.2179    
   167.0      0.2193    
   168.0      0.2207    
   169.0      0.2220    
   170.0      0.2233    
   171.0      0.2245    
   172.0      0.2255    
   173.0      0.2265    
   174.0      0.2274    
   175.0      0.2281    
   176.0      0.2288    
   177.0      0.2292    
   178.0      0.2296    
   179.0      0.2298    
   180.0      0.2299    
 END
@legend string   3 "Partition=  2 Excit=  3 near/far= 1"
#legend string   0 "Lab energy =   14.5311"
@s3 linestyle   4
#  Theta       sigma       iT11        T20         T21         T22         Kyy for projectile
   0.000       63.29    
   1.000       63.17    
   2.000       62.81    
   3.000       62.21    
   4.000       61.37    
   5.000       60.28    
   6.000       58.95    
   7.000       57.37    
   8.000       55.55    
   9.000       53.50    
   10.00       51.23    
   11.00       48.76    
   12.00       46.11    
   13.00       43.32    
   14.00       40.43    
   15.00       37.48    
   16.00       34.53    
   17.00       31.62    
   18.00       28.81    
   19.00       26.14    
   20.00       23.65    
   21.00       21.37    
   22.00       19.31    
   23.00       17.48    
   24.00       15.87    
   25.00       14.47    
   26.00       13.27    
   27.00       12.22    
   28.00       11.31    
   29.00       10.50    
   30.00       9.783    
   31.00       9.121    
   32.00       8.500    
   33.00       7.907    
   34.00       7.333    
   35.00       6.774    
   36.00       6.232    
   37.00       5.713    
   38.00       5.226    
   39.00       4.784    
   40.00       4.396    
   41.00       4.071    
   42.00       3.814    
   43.00       3.624    
   44.00       3.495    
   45.00       3.415    
   46.00       3.370    
   47.00       3.343    
   48.00       3.321    
   49.00       3.290    
   50.00       3.242    
   51.00       3.173    
   52.00       3.085    
   53.00       2.980    
   54.00       2.865    
   55.00       2.747    
   56.00       2.634    
   57.00       2.533    
   58.00       2.447    
   59.00       2.382    
   60.00       2.337    
   61.00       2.313    
   62.00       2.308    
   63.00       2.319    
   64.00       2.340    
   65.00       2.366    
   66.00       2.390    
   67.00       2.406    
   68.00       2.408    
   69.00       2.392    
   70.00       2.354    
   71.00       2.294    
   72.00       2.213    
   73.00       2.114    
   74.00       2.000    
   75.00       1.878    
   76.00       1.751    
   77.00       1.626    
   78.00       1.505    
   79.00       1.393    
   80.00       1.291    
   81.00       1.199    
   82.00       1.119    
   83.00       1.049    
   84.00      0.9886    
   85.00      0.9357    
   86.00      0.8888    
   87.00      0.8465    
   88.00      0.8071    
   89.00      0.7695    
   90.00      0.7326    
   91.00      0.6955    
   92.00      0.6578    
   93.00      0.6193    
   94.00      0.5802    
   95.00      0.5407    
   96.00      0.5015    
   97.00      0.4634    
   98.00      0.4270    
   99.00      0.3931    
   100.0      0.3625    
   101.0      0.3355    
   102.0      0.3126    
   103.0      0.2938    
   104.0      0.2788    
   105.0      0.2675    
   106.0      0.2594    
   107.0      0.2538    
   108.0      0.2503    
   109.0      0.2481    
   110.0      0.2469    
   111.0      0.2461    
   112.0      0.2455    
   113.0      0.2449    
   114.0      0.2441    
   115.0      0.2431    
   116.0      0.2420    
   117.0      0.2409    
   118.0      0.2399    
   119.0      0.2391    
   120.0      0.2388    
   121.0      0.2391    
   122.0      0.2400    
   123.0      0.2416    
   124.0      0.2440    
   125.0      0.2471    
   126.0      0.2509    
   127.0      0.2554    
   128.0      0.2606    
   129.0      0.2662    
   130.0      0.2722    
   131.0      0.2786    
   132.0      0.2851    
   133.0      0.2918    
   134.0      0.2985    
   135.0      0.3050    
   136.0      0.3114    
   137.0      0.3176    
   138.0      0.3234    
   139.0      0.3290    
   140.0      0.3341    
   141.0      0.3389    
   142.0      0.3433    
   143.0      0.3474    
   144.0      0.3511    
   145.0      0.3544    
   146.0      0.3575    
   147.0      0.3602    
   148.0      0.3628    
   149.0      0.3652    
   150.0      0.3674    
   151.0      0.3695    
   152.0      0.3716    
   153.0      0.3736    
   154.0      0.3756    
   155.0      0.3777    
   156.0      0.3798    
   157.0      0.3819    
   158.0      0.3841    
   159.0      0.3864    
   160.0      0.3888    
   161.0      0.3912    
   162.0      0.3936    
   163.0      0.3961    
   164.0      0.3987    
   165.0      0.4012    
   166.0      0.4037    
   167.0      0.4062    
   168.0      0.4086    
   169.0      0.4109    
   170.0      0.4132    
   171.0      0.4153    
   172.0      0.4172    
   173.0      0.4190    
   174.0      0.4205    
   175.0      0.4219    
   176.0      0.4230    
   177.0      0.4239    
   178.0      0.4246    
   179.0      0.4250    
   180.0      0.4251    
 END
@legend string   4 "Partition=  2 Excit=  4 near/far= 1"
#legend string   0 "Lab energy =   14.5311"
@s4 linestyle   5
#  Theta       sigma       iT11        T20         T21         T22         Kyy for projectile
   0.000       66.26    
   1.000       66.13    
   2.000       65.73    
   3.000       65.05    
   4.000       64.10    
   5.000       62.86    
   6.000       61.33    
   7.000       59.51    
   8.000       57.39    
   9.000       54.98    
   10.00       52.30    
   11.00       49.38    
   12.00       46.25    
   13.00       42.96    
   14.00       39.56    
   15.00       36.14    
   16.00       32.75    
   17.00       29.47    
   18.00       26.37    
   19.00       23.50    
   20.00       20.91    
   21.00       18.62    
   22.00       16.64    
   23.00       14.96    
   24.00       13.56    
   25.00       12.41    
   26.00       11.46    
   27.00       10.69    
   28.00       10.04    
   29.00       9.493    
   30.00       9.004    
   31.00       8.550    
   32.00       8.107    
   33.00       7.658    
   34.00       7.190    
   35.00       6.699    
   36.00       6.189    
   37.00       5.671    
   38.00       5.164    
   39.00       4.689    
   40.00       4.269    
   41.00       3.924    
   42.00       3.665    
   43.00       3.495    
   44.00       3.404    
   45.00       3.376    
   46.00       3.387    
   47.00       3.410    
   48.00       3.422    
   49.00       3.405    
   50.00       3.347    
   51.00       3.248    
   52.00       3.112    
   53.00       2.949    
   54.00       2.772    
   55.00       2.595    
   56.00       2.429    
   57.00       2.285    
   58.00       2.169    
   59.00       2.084    
   60.00       2.034    
   61.00       2.018    
   62.00       2.032    
   63.00       2.073    
   64.00       2.133    
   65.00       2.205    
   66.00       2.279    
   67.00       2.343    
   68.00       2.388    
   69.00       2.406    
   70.00       2.391    
   71.00       2.342    
   72.00       2.258    
   73.00       2.145    
   74.00       2.010    
   75.00       1.860    
   76.00       1.705    
   77.00       1.552    
   78.00       1.408    
   79.00       1.278    
   80.00       1.164    
   81.00       1.067    
   82.00      0.9868    
   83.00      0.9216    
   84.00      0.8694    
   85.00      0.8276    
   86.00      0.7940    
   87.00      0.7660    
   88.00      0.7415    
   89.00      0.7185    
   90.00      0.6955    
   91.00      0.6709    
   92.00      0.6438    
   93.00      0.6135    
   94.00      0.5800    
   95.00      0.5436    
   96.00      0.5050    
   97.00      0.4653    
   98.00      0.4258    
   99.00      0.3880    
   100.0      0.3532    
   101.0      0.3224    
   102.0      0.2964    
   103.0      0.2756    
   104.0      0.2599    
   105.0      0.2490    
   106.0      0.2423    
   107.0      0.2389    
   108.0      0.2377    
   109.0      0.2380    
   110.0      0.2389    
   111.0      0.2396    
   112.0      0.2397    
   113.0      0.2390    
   114.0      0.2372    
   115.0      0.2346    
   116.0      0.2312    
   117.0      0.2273    
   118.0      0.2233    
   119.0      0.2195    
   120.0      0.2161    
   121.0      0.2135    
   122.0      0.2118    
   123.0      0.2111    
   124.0      0.2116    
   125.0      0.2132    
   126.0      0.2160    
   127.0      0.2198    
   128.0      0.2246    
   129.0      0.2302    
   130.0      0.2365    
   131.0      0.2433    
   132.0      0.2505    
   133.0      0.2581    
   134.0      0.2657    
   135.0      0.2734    
   136.0      0.2809    
   137.0      0.2882    
   138.0      0.2953    
   139.0      0.3019    
   140.0      0.3082    
   141.0      0.3140    
   142.0      0.3193    
   143.0      0.3241    
   144.0      0.3284    
   145.0      0.3322    
   146.0      0.3357    
   147.0      0.3386    
   148.0      0.3413    
   149.0      0.3436    
   150.0      0.3456    
   151.0      0.3474    
   152.0      0.3491    
   153.0      0.3506    
   154.0      0.3521    
   155.0      0.3535    
   156.0      0.3549    
   157.0      0.3564    
   158.0      0.3579    
   159.0      0.3594    
   160.0      0.3611    
   161.0      0.3628    
   162.0      0.3646    
   163.0      0.3665    
   164.0      0.3684    
   165.0      0.3703    
   166.0      0.3723    
   167.0      0.3743    
   168.0      0.3763    
   169.0      0.3782    
   170.0      0.3801    
   171.0      0.3819    
   172.0      0.3835    
   173.0      0.3851    
   174.0      0.3864    
   175.0      0.3876    
   176.0      0.3886    
   177.0      0.3894    
   178.0      0.3900    
   179.0      0.3903    
   180.0      0.3904    
 END
@legend string   5 "Partition=  2 Excit=  5 near/far= 1"
#legend string   0 "Lab energy =   14.5311"
@s5 linestyle   1
#  Theta       sigma       iT11        T20         T21         T22         Kyy for projectile
   0.000       198.2    
   1.000       197.5    
   2.000       195.7    
   3.000       192.6    
   4.000       188.2    
   5.000       182.6    
   6.000       175.6    
   7.000       167.3    
   8.000       157.8    
   9.000       147.1    
   10.00       135.4    
   11.00       122.9    
   12.00       109.9    
   13.00       96.68    
   14.00       83.63    
   15.00       71.13    
   16.00       59.53    
   17.00       49.14    
   18.00       40.18    
   19.00       32.78    
   20.00       26.92    
   21.00       22.52    
   22.00       19.39    
   23.00       17.29    
   24.00       15.95    
   25.00       15.15    
   26.00       14.68    
   27.00       14.42    
   28.00       14.28    
   29.00       14.23    
   30.00       14.23    
   31.00       14.26    
   32.00       14.26    
   33.00       14.16    
   34.00       13.89    
   35.00       13.39    
   36.00       12.64    
   37.00       11.67    
   38.00       10.60    
   39.00       9.551    
   40.00       8.697    
   41.00       8.180    
   42.00       8.088    
   43.00       8.434    
   44.00       9.144    
   45.00       10.08    
   46.00       11.04    
   47.00       11.85    
   48.00       12.33    
   49.00       12.41    
   50.00       12.05    
   51.00       11.30    
   52.00       10.27    
   53.00       9.078    
   54.00       7.857    
   55.00       6.712    
   56.00       5.714    
   57.00       4.900    
   58.00       4.277    
   59.00       3.840    
   60.00       3.573    
   61.00       3.465    
   62.00       3.508    
   63.00       3.694    
   64.00       4.009    
   65.00       4.427    
   66.00       4.906    
   67.00       5.392    
   68.00       5.823    
   69.00       6.137    
   70.00       6.287    
   71.00       6.241    
   72.00       5.995    
   73.00       5.571    
   74.00       5.008    
   75.00       4.360    
   76.00       3.684    
   77.00       3.032    
   78.00       2.444    
   79.00       1.946    
   80.00       1.548    
   81.00       1.248    
   82.00       1.034    
   83.00      0.8916    
   84.00      0.8053    
   85.00      0.7618    
   86.00      0.7514    
   87.00      0.7673    
   88.00      0.8043    
   89.00      0.8577    
   90.00      0.9220    
   91.00      0.9897    
   92.00       1.053    
   93.00       1.102    
   94.00       1.129    
   95.00       1.127    
   96.00       1.095    
   97.00       1.033    
   98.00      0.9452    
   99.00      0.8395    
   100.0      0.7253    
   101.0      0.6127    
   102.0      0.5108    
   103.0      0.4271    
   104.0      0.3663    
   105.0      0.3301    
   106.0      0.3174    
   107.0      0.3248    
   108.0      0.3472    
   109.0      0.3786    
   110.0      0.4131    
   111.0      0.4455    
   112.0      0.4716    
   113.0      0.4888    
   114.0      0.4959    
   115.0      0.4928    
   116.0      0.4808    
   117.0      0.4617    
   118.0      0.4378    
   119.0      0.4114    
   120.0      0.3847    
   121.0      0.3594    
   122.0      0.3369    
   123.0      0.3181    
   124.0      0.3034    
   125.0      0.2930    
   126.0      0.2866    
   127.0      0.2839    
   128.0      0.2847    
   129.0      0.2884    
   130.0      0.2947    
   131.0      0.3034    
   132.0      0.3144    
   133.0      0.3275    
   134.0      0.3427    
   135.0      0.3599    
   136.0      0.3792    
   137.0      0.4006    
   138.0      0.4238    
   139.0      0.4488    
   140.0      0.4753    
   141.0      0.5032    
   142.0      0.5321    
   143.0      0.5616    
   144.0      0.5915    
   145.0      0.6213    
   146.0      0.6506    
   147.0      0.6792    
   148.0      0.7067    
   149.0      0.7329    
   150.0      0.7575    
   151.0      0.7804    
   152.0      0.8015    
   153.0      0.8206    
   154.0      0.8377    
   155.0      0.8530    
   156.0      0.8663    
   157.0      0.8779    
   158.0      0.8877    
   159.0      0.8960    
   160.0      0.9028    
   161.0      0.9083    
   162.0      0.9127    
   163.0      0.9160    
   164.0      0.9184    
   165.0      0.9201    
   166.0      0.9212    
   167.0      0.9217    
   168.0      0.9218    
   169.0      0.9216    
   170.0      0.9212    
   171.0      0.9206    
   172.0      0.9199    
   173.0      0.9192    
   174.0      0.9185    
   175.0      0.9178    
   176.0      0.9172    
   177.0      0.9168    
   178.0      0.9164    
   179.0      0.9162    
   180.0      0.9161    
 END
