# 181 angles,  1 tensor ranks for 0=projectile
@subtitle   "7Li(d,p) @ 7.5AMeV ADWA (d) + KD (p)"                                          
@legend ON
@legend x1 0.2
@legend y1 0.8
@g0 type LOGY
@yaxis ticklabel format power
@legend string   0 "Lab energy =   14.5311"
#legend string   0 "Partition=  2 Excit=  5 near/far= 1"
#  Theta       sigma       iT11        T20         T21         T22         Kyy for projectile
   0.000       198.2    
   1.000       197.5    
   2.000       195.7    
   3.000       192.6    
   4.000       188.2    
   5.000       182.6    
   6.000       175.6    
   7.000       167.3    
   8.000       157.8    
   9.000       147.1    
   10.00       135.4    
   11.00       122.9    
   12.00       109.9    
   13.00       96.68    
   14.00       83.63    
   15.00       71.13    
   16.00       59.53    
   17.00       49.14    
   18.00       40.18    
   19.00       32.78    
   20.00       26.92    
   21.00       22.52    
   22.00       19.39    
   23.00       17.29    
   24.00       15.95    
   25.00       15.15    
   26.00       14.68    
   27.00       14.42    
   28.00       14.28    
   29.00       14.23    
   30.00       14.23    
   31.00       14.26    
   32.00       14.26    
   33.00       14.16    
   34.00       13.89    
   35.00       13.39    
   36.00       12.64    
   37.00       11.67    
   38.00       10.60    
   39.00       9.551    
   40.00       8.697    
   41.00       8.180    
   42.00       8.088    
   43.00       8.434    
   44.00       9.144    
   45.00       10.08    
   46.00       11.04    
   47.00       11.85    
   48.00       12.33    
   49.00       12.41    
   50.00       12.05    
   51.00       11.30    
   52.00       10.27    
   53.00       9.078    
   54.00       7.857    
   55.00       6.712    
   56.00       5.714    
   57.00       4.900    
   58.00       4.277    
   59.00       3.840    
   60.00       3.573    
   61.00       3.465    
   62.00       3.508    
   63.00       3.694    
   64.00       4.009    
   65.00       4.427    
   66.00       4.906    
   67.00       5.392    
   68.00       5.823    
   69.00       6.137    
   70.00       6.287    
   71.00       6.241    
   72.00       5.995    
   73.00       5.571    
   74.00       5.008    
   75.00       4.360    
   76.00       3.684    
   77.00       3.032    
   78.00       2.444    
   79.00       1.946    
   80.00       1.548    
   81.00       1.248    
   82.00       1.034    
   83.00      0.8916    
   84.00      0.8053    
   85.00      0.7618    
   86.00      0.7514    
   87.00      0.7673    
   88.00      0.8043    
   89.00      0.8577    
   90.00      0.9220    
   91.00      0.9897    
   92.00       1.053    
   93.00       1.102    
   94.00       1.129    
   95.00       1.127    
   96.00       1.095    
   97.00       1.033    
   98.00      0.9452    
   99.00      0.8395    
   100.0      0.7253    
   101.0      0.6127    
   102.0      0.5108    
   103.0      0.4271    
   104.0      0.3663    
   105.0      0.3301    
   106.0      0.3174    
   107.0      0.3248    
   108.0      0.3472    
   109.0      0.3786    
   110.0      0.4131    
   111.0      0.4455    
   112.0      0.4716    
   113.0      0.4888    
   114.0      0.4959    
   115.0      0.4928    
   116.0      0.4808    
   117.0      0.4617    
   118.0      0.4378    
   119.0      0.4114    
   120.0      0.3847    
   121.0      0.3594    
   122.0      0.3369    
   123.0      0.3181    
   124.0      0.3034    
   125.0      0.2930    
   126.0      0.2866    
   127.0      0.2839    
   128.0      0.2847    
   129.0      0.2884    
   130.0      0.2947    
   131.0      0.3034    
   132.0      0.3144    
   133.0      0.3275    
   134.0      0.3427    
   135.0      0.3599    
   136.0      0.3792    
   137.0      0.4006    
   138.0      0.4238    
   139.0      0.4488    
   140.0      0.4753    
   141.0      0.5032    
   142.0      0.5321    
   143.0      0.5616    
   144.0      0.5915    
   145.0      0.6213    
   146.0      0.6506    
   147.0      0.6792    
   148.0      0.7067    
   149.0      0.7329    
   150.0      0.7575    
   151.0      0.7804    
   152.0      0.8015    
   153.0      0.8206    
   154.0      0.8377    
   155.0      0.8530    
   156.0      0.8663    
   157.0      0.8779    
   158.0      0.8877    
   159.0      0.8960    
   160.0      0.9028    
   161.0      0.9083    
   162.0      0.9127    
   163.0      0.9160    
   164.0      0.9184    
   165.0      0.9201    
   166.0      0.9212    
   167.0      0.9217    
   168.0      0.9218    
   169.0      0.9216    
   170.0      0.9212    
   171.0      0.9206    
   172.0      0.9199    
   173.0      0.9192    
   174.0      0.9185    
   175.0      0.9178    
   176.0      0.9172    
   177.0      0.9168    
   178.0      0.9164    
   179.0      0.9162    
   180.0      0.9161    
 END
