# Fusion cross sections for ELAB=  14.531, ECM=  11.290
     0.5   35.09       35.75      0.6641    
     1.5   111.5       115.1       3.558    
     2.5   177.8       187.5       9.700    
     3.5   178.7       199.7       20.99    
     4.5   133.9       168.9       35.00    
     5.5   60.60       109.0       48.45    
     6.5   6.349       51.76       45.41    
     7.5  -7.419       14.58       21.99    
     8.5  -4.706       3.592       8.298    
     9.5  -2.636      0.9082       3.544    
    10.5  -1.473      0.2322       1.705    
    11.5  -1.093      0.5942E-01   1.153    
    12.5 -0.9776      0.1515E-01  0.9928    
    13.5 -0.7041      0.3848E-02  0.7080    
    14.5 -0.5907      0.9718E-03  0.5916    
    15.5 -0.5720      0.2436E-03  0.5723    
    16.5 -0.3610      0.6032E-04  0.3610    
    17.5 -0.1733      0.1461E-04  0.1733    
    18.5 -0.2146      0.3420E-05  0.2146    
    19.5 -0.1463      0.7622E-06  0.1463    
    20.5 -0.3398E-01  0.1596E-06  0.3398E-01
    21.5 -0.2537E-02  0.3110E-07  0.2537E-02
    22.5 -0.1954E-02  0.5597E-08  0.1954E-02
    23.5 -0.1311E-02  0.9272E-09  0.1311E-02
    24.5 -0.3849E-03  0.1411E-09  0.3849E-03
    25.5 -0.6662E-04  0.1957E-10  0.6662E-04
    26.5 -0.7766E-05  0.1374E-11  0.7766E-05
    27.5 -0.6547E-06  0.6163E-12  0.6547E-06
    28.5 -0.4173E-07 -0.2524E-28  0.4173E-07
    29.5 -0.2074E-08  0.5778E-12  0.2075E-08
    30.5 -0.8225E-10  0.8530E-13  0.8234E-10
 &
