# 181 angles,  1 tensor ranks for 0=projectile
@subtitle   "7Li(d,p) @ 7.5AMeV ADWA (d) + KD (p)"                                          
@legend ON
@legend x1 0.2
@legend y1 0.8
@g0 type LOGY
@yaxis ticklabel format power
@legend string   0 "Lab energy =   14.5311"
#legend string   0 "Partition=  2 Excit=  2 near/far= 1"
#  Theta       sigma       iT11        T20         T21         T22         Kyy for projectile
   0.000       23.07    
   1.000       23.04    
   2.000       22.96    
   3.000       22.82    
   4.000       22.63    
   5.000       22.38    
   6.000       22.08    
   7.000       21.71    
   8.000       21.29    
   9.000       20.81    
   10.00       20.27    
   11.00       19.67    
   12.00       19.02    
   13.00       18.32    
   14.00       17.57    
   15.00       16.78    
   16.00       15.96    
   17.00       15.12    
   18.00       14.26    
   19.00       13.39    
   20.00       12.52    
   21.00       11.66    
   22.00       10.81    
   23.00       9.992    
   24.00       9.200    
   25.00       8.442    
   26.00       7.722    
   27.00       7.044    
   28.00       6.408    
   29.00       5.816    
   30.00       5.268    
   31.00       4.762    
   32.00       4.299    
   33.00       3.877    
   34.00       3.494    
   35.00       3.148    
   36.00       2.838    
   37.00       2.562    
   38.00       2.318    
   39.00       2.106    
   40.00       1.922    
   41.00       1.765    
   42.00       1.634    
   43.00       1.525    
   44.00       1.437    
   45.00       1.368    
   46.00       1.314    
   47.00       1.274    
   48.00       1.245    
   49.00       1.225    
   50.00       1.211    
   51.00       1.203    
   52.00       1.199    
   53.00       1.197    
   54.00       1.196    
   55.00       1.196    
   56.00       1.197    
   57.00       1.197    
   58.00       1.196    
   59.00       1.194    
   60.00       1.192    
   61.00       1.187    
   62.00       1.181    
   63.00       1.173    
   64.00       1.162    
   65.00       1.149    
   66.00       1.133    
   67.00       1.114    
   68.00       1.092    
   69.00       1.067    
   70.00       1.039    
   71.00       1.008    
   72.00      0.9757    
   73.00      0.9409    
   74.00      0.9046    
   75.00      0.8671    
   76.00      0.8288    
   77.00      0.7901    
   78.00      0.7515    
   79.00      0.7131    
   80.00      0.6754    
   81.00      0.6384    
   82.00      0.6024    
   83.00      0.5675    
   84.00      0.5338    
   85.00      0.5013    
   86.00      0.4702    
   87.00      0.4404    
   88.00      0.4121    
   89.00      0.3851    
   90.00      0.3596    
   91.00      0.3356    
   92.00      0.3130    
   93.00      0.2920    
   94.00      0.2726    
   95.00      0.2546    
   96.00      0.2383    
   97.00      0.2235    
   98.00      0.2103    
   99.00      0.1985    
   100.0      0.1882    
   101.0      0.1793    
   102.0      0.1717    
   103.0      0.1653    
   104.0      0.1601    
   105.0      0.1559    
   106.0      0.1527    
   107.0      0.1503    
   108.0      0.1487    
   109.0      0.1477    
   110.0      0.1473    
   111.0      0.1475    
   112.0      0.1481    
   113.0      0.1491    
   114.0      0.1503    
   115.0      0.1519    
   116.0      0.1536    
   117.0      0.1555    
   118.0      0.1576    
   119.0      0.1597    
   120.0      0.1619    
   121.0      0.1641    
   122.0      0.1663    
   123.0      0.1685    
   124.0      0.1707    
   125.0      0.1728    
   126.0      0.1748    
   127.0      0.1767    
   128.0      0.1785    
   129.0      0.1802    
   130.0      0.1818    
   131.0      0.1832    
   132.0      0.1845    
   133.0      0.1857    
   134.0      0.1868    
   135.0      0.1878    
   136.0      0.1887    
   137.0      0.1895    
   138.0      0.1902    
   139.0      0.1908    
   140.0      0.1914    
   141.0      0.1919    
   142.0      0.1924    
   143.0      0.1929    
   144.0      0.1934    
   145.0      0.1940    
   146.0      0.1945    
   147.0      0.1951    
   148.0      0.1958    
   149.0      0.1965    
   150.0      0.1973    
   151.0      0.1981    
   152.0      0.1990    
   153.0      0.2000    
   154.0      0.2011    
   155.0      0.2023    
   156.0      0.2035    
   157.0      0.2047    
   158.0      0.2061    
   159.0      0.2075    
   160.0      0.2089    
   161.0      0.2104    
   162.0      0.2119    
   163.0      0.2134    
   164.0      0.2149    
   165.0      0.2164    
   166.0      0.2179    
   167.0      0.2193    
   168.0      0.2207    
   169.0      0.2220    
   170.0      0.2233    
   171.0      0.2245    
   172.0      0.2255    
   173.0      0.2265    
   174.0      0.2274    
   175.0      0.2281    
   176.0      0.2288    
   177.0      0.2292    
   178.0      0.2296    
   179.0      0.2298    
   180.0      0.2299    
 END
