# Fusion cross sections for ELAB=  14.531, ECM=  11.290
     0.5   17.00      1
     0.5   35.09     -1
     1.5   55.94      1
     1.5   111.5     -1
     2.5   84.36      1
     2.5   177.8     -1
     3.5   90.27      1
     3.5   178.7     -1
     4.5   58.43      1
     4.5   133.9     -1
     5.5   33.44      1
     5.5   60.60     -1
     6.5   1.453      1
     6.5   6.349     -1
     7.5  -5.925      1
     7.5  -7.419     -1
     8.5  -1.304      1
     8.5  -4.706     -1
     9.5  -1.860      1
     9.5  -2.636     -1
    10.5 -0.4933      1
    10.5  -1.473     -1
    11.5 -0.6147      1
    11.5  -1.093     -1
    12.5 -0.4100      1
    12.5 -0.9776     -1
    13.5 -0.4358      1
    13.5 -0.7041     -1
    14.5 -0.2795      1
    14.5 -0.5907     -1
    15.5 -0.2706      1
    15.5 -0.5720     -1
    16.5 -0.5419E-01  1
    16.5 -0.3610     -1
    17.5 -0.8104E-01  1
    17.5 -0.1733     -1
    18.5 -0.1141      1
    18.5 -0.2146     -1
    19.5 -0.1136      1
    19.5 -0.1463     -1
    20.5 -0.1401E-02  1
    20.5 -0.3398E-01 -1
    21.5 -0.1644E-02  1
    21.5 -0.2537E-02 -1
    22.5 -0.9781E-03  1
    22.5 -0.1954E-02 -1
    23.5 -0.9840E-03  1
    23.5 -0.1311E-02 -1
    24.5 -0.6015E-04  1
    24.5 -0.3849E-03 -1
    25.5 -0.5936E-04  1
    25.5 -0.6662E-04 -1
    26.5 -0.6263E-06  1
    26.5 -0.7766E-05 -1
    27.5 -0.6141E-06  1
    27.5 -0.6547E-06 -1
    28.5 -0.2042E-08  1
    28.5 -0.4173E-07 -1
    29.5 -0.1993E-08  1
    29.5 -0.2074E-08 -1
    30.5 -0.2616E-11  1
    30.5 -0.8225E-10 -1
 &
