f0_0: 1
f0_1: 1
f0_2: 0
f0_3: 1
f0_4: 1
f0_5: 0.873425
f0_6: 1
f0_7: 1
f0_8: 1
f0_9: 1
f0_10: 1
f0_11: 1
r0_0: 0.964964
r0_1: 0.964964
r0_2: 0.964964
r0_3: 0
r0_4: 0.964964
r0_5: 0.924177
r0_6: 0.964964
r0_7: 0.964964
r0_8: 0.964964
r0_9: 0.964964
r0_10: 0.964964
r0_11: 0.964964
l0_0: 0.984626
l0_1: 0.984626
l0_2: 0.984626
l0_3: 0.984626
l0_4: 0.984626
l0_5: 0.984626
l0_6: 0.984626
l0_7: 0.984626
l0_8: 0.984626
l0_9: 0
l0_10: 0.984626
l0_11: 0.984626
