 loop =           0  is type =           0   0.00000000       7.00000000       0.00000000       1.29999995       0.00000000       0.00000000       0.00000000       0.00000000       0.00000000    
 loop =          -1  is type =           1   0.00000000       127.000000       1.02771997       1.03999996       16.7800007       1.19000006       1.03999996       0.00000000       0.00000000    
 loop =          -1  is type =           2   0.00000000       0.00000000       0.00000000       0.00000000       0.00000000       1.19000006       1.03999996       0.00000000       0.00000000    
 WOUT,ITER,FALLOC = F           0 F
