1Inelastic  7Li(d,p)8Li(gs) 7.266 AMeV ADKDFR-Watson LEA                
7.2868E+00    7.2853E+00    7.2804E+00    7.2711E+00    7.2560E+00    7.2331E+00
    7.2001E+00    7.1547E+00    7.0943E+00    7.0167E+00    6.9201E+00
    6.8030E+00    6.6643E+00    6.5038E+00    6.3216E+00    6.1186E+00
    5.8960E+00    5.6557E+00    5.4000E+00    5.1312E+00    4.8522E+00
    4.5660E+00    4.2753E+00    3.9831E+00    3.6922E+00    3.4052E+00
    3.1245E+00    2.8523E+00    2.5906E+00    2.3408E+00    2.1044E+00
    1.8824E+00    1.6754E+00    1.4841E+00    1.3086E+00    1.1489E+00
    1.0048E+00    8.7600E-01    7.6197E-01    6.6205E-01    5.7550E-01
    5.0151E-01    4.3920E-01    3.8765E-01    3.4592E-01    3.1306E-01
    2.8813E-01    2.7021E-01    2.5840E-01    2.5184E-01    2.4973E-01
    2.5129E-01    2.5583E-01    2.6268E-01    2.7126E-01    2.8102E-01
    2.9150E-01    3.0226E-01    3.1294E-01    3.2323E-01    3.3285E-01
    3.4160E-01    3.4930E-01    3.5582E-01    3.6106E-01    3.6498E-01
    3.6754E-01    3.6875E-01    3.6862E-01    3.6722E-01    3.6458E-01
    3.6080E-01    3.5596E-01    3.5016E-01    3.4349E-01    3.3605E-01
    3.2797E-01    3.1935E-01    3.1028E-01    3.0089E-01    2.9127E-01
    2.8152E-01    2.7172E-01    2.6197E-01    2.5233E-01    2.4289E-01
    2.3370E-01    2.2481E-01    2.1628E-01    2.0815E-01    2.0043E-01
    1.9317E-01    1.8638E-01    1.8007E-01    1.7424E-01    1.6891E-01
    1.6406E-01    1.5968E-01    1.5577E-01    1.5231E-01    1.4927E-01
    1.4664E-01    1.4440E-01    1.4252E-01    1.4098E-01    1.3974E-01
    1.3879E-01    1.3810E-01    1.3765E-01    1.3741E-01    1.3735E-01
    1.3747E-01    1.3774E-01    1.3814E-01    1.3866E-01    1.3928E-01
    1.4001E-01    1.4082E-01    1.4171E-01    1.4267E-01    1.4372E-01
    1.4484E-01    1.4604E-01    1.4732E-01    1.4868E-01    1.5015E-01
    1.5171E-01    1.5339E-01    1.5519E-01    1.5712E-01    1.5920E-01
    1.6144E-01    1.6385E-01    1.6643E-01    1.6921E-01    1.7219E-01
    1.7538E-01    1.7880E-01    1.8244E-01    1.8631E-01    1.9042E-01
    1.9478E-01    1.9938E-01    2.0421E-01    2.0929E-01    2.1460E-01
    2.2014E-01    2.2590E-01    2.3186E-01    2.3802E-01    2.4436E-01
    2.5086E-01    2.5750E-01    2.6426E-01    2.7113E-01    2.7807E-01
    2.8506E-01    2.9208E-01    2.9910E-01    3.0608E-01    3.1300E-01
    3.1983E-01    3.2654E-01    3.3310E-01    3.3948E-01    3.4564E-01
    3.5157E-01    3.5723E-01    3.6259E-01    3.6763E-01    3.7232E-01
    3.7664E-01    3.8057E-01    3.8408E-01    3.8717E-01    3.8980E-01
    3.9198E-01    3.9369E-01    3.9491E-01    3.9565E-01
