 loop =           0  is type =           0   0.00000000       11.0000000       0.00000000       1.29999995       0.00000000       0.00000000       0.00000000       0.00000000       0.00000000    
 loop =          -1  is type =           1   0.00000000       95.3351974       1.03937995      0.776000023       3.34388995       1.91560996      0.744000018       0.00000000       0.00000000    
 loop =          -1  is type =           2   0.00000000       0.00000000       0.00000000       0.00000000       4.40680981       1.91560996      0.744000018       0.00000000       0.00000000    
 WOUT,ITER,FALLOC = F           0 F
