# 181 angles,  1 tensor ranks for 0=projectile
@subtitle   "7Li(d,p) @ 7.5AMeV ADWA (d) + KD (p)"                                          
@legend ON
@legend x1 0.2
@legend y1 0.8
@g0 type LOGY
@yaxis ticklabel format power
@legend string   0 "Lab energy =   14.5311"
#legend string   0 "Partition=  2 Excit=  5 near/far= 1"
#  Theta       sigma       iT11        T20         T21         T22         Kyy for projectile
   0.000       188.8    
   1.000       188.2    
   2.000       186.5    
   3.000       183.6    
   4.000       179.5    
   5.000       174.1    
   6.000       167.6    
   7.000       159.8    
   8.000       150.8    
   9.000       140.7    
   10.00       129.6    
   11.00       117.8    
   12.00       105.5    
   13.00       92.95    
   14.00       80.57    
   15.00       68.69    
   16.00       57.64    
   17.00       47.73    
   18.00       39.16    
   19.00       32.06    
   20.00       26.42    
   21.00       22.17    
   22.00       19.13    
   23.00       17.07    
   24.00       15.77    
   25.00       14.99    
   26.00       14.55    
   27.00       14.33    
   28.00       14.24    
   29.00       14.24    
   30.00       14.30    
   31.00       14.38    
   32.00       14.43    
   33.00       14.37    
   34.00       14.13    
   35.00       13.66    
   36.00       12.94    
   37.00       12.00    
   38.00       10.94    
   39.00       9.899    
   40.00       9.032    
   41.00       8.479    
   42.00       8.330    
   43.00       8.598    
   44.00       9.219    
   45.00       10.06    
   46.00       10.94    
   47.00       11.68    
   48.00       12.13    
   49.00       12.20    
   50.00       11.86    
   51.00       11.16    
   52.00       10.19    
   53.00       9.065    
   54.00       7.911    
   55.00       6.824    
   56.00       5.872    
   57.00       5.091    
   58.00       4.489    
   59.00       4.062    
   60.00       3.797    
   61.00       3.685    
   62.00       3.719    
   63.00       3.890    
   64.00       4.186    
   65.00       4.581    
   66.00       5.034    
   67.00       5.495    
   68.00       5.903    
   69.00       6.199    
   70.00       6.336    
   71.00       6.287    
   72.00       6.046    
   73.00       5.634    
   74.00       5.088    
   75.00       4.460    
   76.00       3.805    
   77.00       3.173    
   78.00       2.601    
   79.00       2.116    
   80.00       1.726    
   81.00       1.431    
   82.00       1.219    
   83.00       1.076    
   84.00      0.9879    
   85.00      0.9413    
   86.00      0.9266    
   87.00      0.9368    
   88.00      0.9666    
   89.00       1.011    
   90.00       1.065    
   91.00       1.121    
   92.00       1.172    
   93.00       1.209    
   94.00       1.224    
   95.00       1.213    
   96.00       1.172    
   97.00       1.104    
   98.00       1.013    
   99.00      0.9051    
   100.0      0.7907    
   101.0      0.6789    
   102.0      0.5784    
   103.0      0.4960    
   104.0      0.4359    
   105.0      0.3996    
   106.0      0.3858    
   107.0      0.3910    
   108.0      0.4103    
   109.0      0.4377    
   110.0      0.4677    
   111.0      0.4952    
   112.0      0.5162    
   113.0      0.5282    
   114.0      0.5302    
   115.0      0.5223    
   116.0      0.5056    
   117.0      0.4821    
   118.0      0.4541    
   119.0      0.4238    
   120.0      0.3935    
   121.0      0.3649    
   122.0      0.3393    
   123.0      0.3177    
   124.0      0.3005    
   125.0      0.2878    
   126.0      0.2794    
   127.0      0.2749    
   128.0      0.2739    
   129.0      0.2760    
   130.0      0.2807    
   131.0      0.2878    
   132.0      0.2969    
   133.0      0.3080    
   134.0      0.3208    
   135.0      0.3353    
   136.0      0.3514    
   137.0      0.3691    
   138.0      0.3883    
   139.0      0.4087    
   140.0      0.4302    
   141.0      0.4526    
   142.0      0.4757    
   143.0      0.4991    
   144.0      0.5226    
   145.0      0.5458    
   146.0      0.5684    
   147.0      0.5903    
   148.0      0.6111    
   149.0      0.6306    
   150.0      0.6487    
   151.0      0.6652    
   152.0      0.6802    
   153.0      0.6934    
   154.0      0.7050    
   155.0      0.7150    
   156.0      0.7234    
   157.0      0.7304    
   158.0      0.7359    
   159.0      0.7402    
   160.0      0.7434    
   161.0      0.7455    
   162.0      0.7468    
   163.0      0.7473    
   164.0      0.7472    
   165.0      0.7466    
   166.0      0.7456    
   167.0      0.7443    
   168.0      0.7427    
   169.0      0.7411    
   170.0      0.7393    
   171.0      0.7376    
   172.0      0.7359    
   173.0      0.7343    
   174.0      0.7329    
   175.0      0.7316    
   176.0      0.7306    
   177.0      0.7297    
   178.0      0.7291    
   179.0      0.7287    
   180.0      0.7286    
 END
