# 181 angles,  1 tensor ranks for 0=projectile
@subtitle   "7Li(d,p) @ 7.5AMeV ADWA (d) + KD (p)"                                          
@legend ON
@legend x1 0.2
@legend y1 0.8
@g0 type LOGY
@yaxis ticklabel format power
@legend string   0 "Lab energy =   14.5311"
#legend string   0 "Partition=  2 Excit=  2 near/far= 1"
#  Theta       sigma       iT11        T20         T21         T22         Kyy for projectile
   0.000       22.81    
   1.000       22.78    
   2.000       22.71    
   3.000       22.58    
   4.000       22.40    
   5.000       22.16    
   6.000       21.87    
   7.000       21.52    
   8.000       21.12    
   9.000       20.66    
   10.00       20.14    
   11.00       19.57    
   12.00       18.94    
   13.00       18.26    
   14.00       17.54    
   15.00       16.77    
   16.00       15.97    
   17.00       15.15    
   18.00       14.31    
   19.00       13.46    
   20.00       12.60    
   21.00       11.75    
   22.00       10.92    
   23.00       10.10    
   24.00       9.316    
   25.00       8.561    
   26.00       7.841    
   27.00       7.161    
   28.00       6.521    
   29.00       5.924    
   30.00       5.369    
   31.00       4.856    
   32.00       4.384    
   33.00       3.952    
   34.00       3.559    
   35.00       3.202    
   36.00       2.882    
   37.00       2.595    
   38.00       2.341    
   39.00       2.118    
   40.00       1.924    
   41.00       1.758    
   42.00       1.617    
   43.00       1.501    
   44.00       1.406    
   45.00       1.330    
   46.00       1.271    
   47.00       1.227    
   48.00       1.195    
   49.00       1.173    
   50.00       1.159    
   51.00       1.152    
   52.00       1.149    
   53.00       1.149    
   54.00       1.152    
   55.00       1.156    
   56.00       1.162    
   57.00       1.167    
   58.00       1.172    
   59.00       1.177    
   60.00       1.181    
   61.00       1.183    
   62.00       1.184    
   63.00       1.183    
   64.00       1.180    
   65.00       1.174    
   66.00       1.165    
   67.00       1.153    
   68.00       1.138    
   69.00       1.120    
   70.00       1.098    
   71.00       1.074    
   72.00       1.047    
   73.00       1.018    
   74.00      0.9872    
   75.00      0.9545    
   76.00      0.9207    
   77.00      0.8862    
   78.00      0.8511    
   79.00      0.8160    
   80.00      0.7810    
   81.00      0.7464    
   82.00      0.7123    
   83.00      0.6789    
   84.00      0.6464    
   85.00      0.6147    
   86.00      0.5841    
   87.00      0.5544    
   88.00      0.5259    
   89.00      0.4985    
   90.00      0.4722    
   91.00      0.4472    
   92.00      0.4235    
   93.00      0.4012    
   94.00      0.3802    
   95.00      0.3607    
   96.00      0.3426    
   97.00      0.3259    
   98.00      0.3107    
   99.00      0.2969    
   100.0      0.2844    
   101.0      0.2733    
   102.0      0.2635    
   103.0      0.2548    
   104.0      0.2473    
   105.0      0.2408    
   106.0      0.2352    
   107.0      0.2305    
   108.0      0.2266    
   109.0      0.2233    
   110.0      0.2206    
   111.0      0.2185    
   112.0      0.2168    
   113.0      0.2156    
   114.0      0.2148    
   115.0      0.2142    
   116.0      0.2140    
   117.0      0.2139    
   118.0      0.2142    
   119.0      0.2145    
   120.0      0.2151    
   121.0      0.2158    
   122.0      0.2166    
   123.0      0.2175    
   124.0      0.2185    
   125.0      0.2196    
   126.0      0.2208    
   127.0      0.2219    
   128.0      0.2232    
   129.0      0.2244    
   130.0      0.2257    
   131.0      0.2271    
   132.0      0.2285    
   133.0      0.2299    
   134.0      0.2314    
   135.0      0.2330    
   136.0      0.2346    
   137.0      0.2363    
   138.0      0.2381    
   139.0      0.2400    
   140.0      0.2420    
   141.0      0.2441    
   142.0      0.2464    
   143.0      0.2489    
   144.0      0.2515    
   145.0      0.2542    
   146.0      0.2572    
   147.0      0.2603    
   148.0      0.2635    
   149.0      0.2670    
   150.0      0.2706    
   151.0      0.2743    
   152.0      0.2783    
   153.0      0.2823    
   154.0      0.2865    
   155.0      0.2908    
   156.0      0.2951    
   157.0      0.2996    
   158.0      0.3041    
   159.0      0.3086    
   160.0      0.3132    
   161.0      0.3177    
   162.0      0.3222    
   163.0      0.3266    
   164.0      0.3310    
   165.0      0.3352    
   166.0      0.3393    
   167.0      0.3432    
   168.0      0.3469    
   169.0      0.3505    
   170.0      0.3538    
   171.0      0.3568    
   172.0      0.3596    
   173.0      0.3621    
   174.0      0.3643    
   175.0      0.3662    
   176.0      0.3678    
   177.0      0.3690    
   178.0      0.3699    
   179.0      0.3704    
   180.0      0.3706    
 END
