# 181 angles,  1 tensor ranks for 0=projectile
@subtitle   "7Li(d,p) @ 7.5AMeV ADWA (d) + KD (p)"                                          
@legend ON
@legend x1 0.2
@legend y1 0.8
@g0 type LOGY
@yaxis ticklabel format power
@legend string   0 "Lab energy =   14.5311"
#legend string   0 "Partition=  2 Excit=  1 near/far= 1"
#  Theta       sigma       iT11        T20         T21         T22         Kyy for projectile
   0.000       29.35    
   1.000       29.36    
   2.000       29.36    
   3.000       29.37    
   4.000       29.37    
   5.000       29.36    
   6.000       29.31    
   7.000       29.22    
   8.000       29.08    
   9.000       28.87    
   10.00       28.58    
   11.00       28.20    
   12.00       27.74    
   13.00       27.17    
   14.00       26.51    
   15.00       25.75    
   16.00       24.90    
   17.00       23.96    
   18.00       22.95    
   19.00       21.88    
   20.00       20.75    
   21.00       19.58    
   22.00       18.38    
   23.00       17.18    
   24.00       15.97    
   25.00       14.77    
   26.00       13.60    
   27.00       12.46    
   28.00       11.36    
   29.00       10.31    
   30.00       9.315    
   31.00       8.381    
   32.00       7.511    
   33.00       6.705    
   34.00       5.967    
   35.00       5.295    
   36.00       4.688    
   37.00       4.147    
   38.00       3.667    
   39.00       3.247    
   40.00       2.884    
   41.00       2.575    
   42.00       2.315    
   43.00       2.100    
   44.00       1.928    
   45.00       1.794    
   46.00       1.693    
   47.00       1.621    
   48.00       1.576    
   49.00       1.552    
   50.00       1.546    
   51.00       1.554    
   52.00       1.575    
   53.00       1.604    
   54.00       1.640    
   55.00       1.679    
   56.00       1.720    
   57.00       1.762    
   58.00       1.802    
   59.00       1.840    
   60.00       1.874    
   61.00       1.903    
   62.00       1.927    
   63.00       1.945    
   64.00       1.958    
   65.00       1.963    
   66.00       1.962    
   67.00       1.955    
   68.00       1.941    
   69.00       1.921    
   70.00       1.895    
   71.00       1.864    
   72.00       1.827    
   73.00       1.786    
   74.00       1.742    
   75.00       1.693    
   76.00       1.642    
   77.00       1.589    
   78.00       1.534    
   79.00       1.478    
   80.00       1.422    
   81.00       1.365    
   82.00       1.308    
   83.00       1.252    
   84.00       1.197    
   85.00       1.143    
   86.00       1.090    
   87.00       1.040    
   88.00      0.9913    
   89.00      0.9450    
   90.00      0.9011    
   91.00      0.8596    
   92.00      0.8207    
   93.00      0.7844    
   94.00      0.7508    
   95.00      0.7198    
   96.00      0.6915    
   97.00      0.6657    
   98.00      0.6425    
   99.00      0.6217    
   100.0      0.6032    
   101.0      0.5869    
   102.0      0.5727    
   103.0      0.5604    
   104.0      0.5499    
   105.0      0.5410    
   106.0      0.5336    
   107.0      0.5275    
   108.0      0.5226    
   109.0      0.5188    
   110.0      0.5160    
   111.0      0.5139    
   112.0      0.5125    
   113.0      0.5117    
   114.0      0.5114    
   115.0      0.5115    
   116.0      0.5118    
   117.0      0.5125    
   118.0      0.5133    
   119.0      0.5143    
   120.0      0.5154    
   121.0      0.5165    
   122.0      0.5177    
   123.0      0.5189    
   124.0      0.5202    
   125.0      0.5214    
   126.0      0.5227    
   127.0      0.5240    
   128.0      0.5254    
   129.0      0.5268    
   130.0      0.5284    
   131.0      0.5300    
   132.0      0.5318    
   133.0      0.5338    
   134.0      0.5359    
   135.0      0.5383    
   136.0      0.5410    
   137.0      0.5439    
   138.0      0.5472    
   139.0      0.5508    
   140.0      0.5547    
   141.0      0.5590    
   142.0      0.5637    
   143.0      0.5688    
   144.0      0.5742    
   145.0      0.5801    
   146.0      0.5863    
   147.0      0.5929    
   148.0      0.5998    
   149.0      0.6071    
   150.0      0.6147    
   151.0      0.6226    
   152.0      0.6307    
   153.0      0.6391    
   154.0      0.6476    
   155.0      0.6564    
   156.0      0.6652    
   157.0      0.6741    
   158.0      0.6830    
   159.0      0.6919    
   160.0      0.7008    
   161.0      0.7096    
   162.0      0.7182    
   163.0      0.7266    
   164.0      0.7349    
   165.0      0.7428    
   166.0      0.7504    
   167.0      0.7577    
   168.0      0.7646    
   169.0      0.7711    
   170.0      0.7772    
   171.0      0.7827    
   172.0      0.7878    
   173.0      0.7923    
   174.0      0.7962    
   175.0      0.7996    
   176.0      0.8024    
   177.0      0.8046    
   178.0      0.8062    
   179.0      0.8071    
   180.0      0.8074    
 END
