# 181 angles,  1 tensor ranks for 0=projectile
@subtitle   "7Li(d,p) @ 7.5AMeV ADWA (d) + KD (p)"                                          
@legend ON
@legend x1 0.2
@legend y1 0.8
@g0 type LOGY
@yaxis ticklabel format power
@xaxis label "Scattering angle (degrees)"
@yaxis label "Cross section (mb/sr)"
@legend string   0 "Partition=  1 Excit=  1 near/far= 1"
#legend string   0 "Lab energy =   14.5311"
@s0 linestyle   1
#  Theta       sigma       iT11        T20         T21         T22         Kyy for projectile
  0.1000E-01  0.1578E+16
   1.000      0.1553E+08
   2.000      0.9315E+06
   3.000      0.1736E+06
   4.000      0.5136E+05
   5.000      0.1969E+05
   6.000       9021.    
   7.000       4771.    
   8.000       2869.    
   9.000       1941.    
   10.00       1454.    
   11.00       1181.    
   12.00       1016.    
   13.00       909.0    
   14.00       833.0    
   15.00       774.1    
   16.00       724.6    
   17.00       680.3    
   18.00       639.1    
   19.00       599.5    
   20.00       561.1    
   21.00       523.5    
   22.00       486.8    
   23.00       450.8    
   24.00       415.8    
   25.00       381.8    
   26.00       349.1    
   27.00       317.6    
   28.00       287.6    
   29.00       259.1    
   30.00       232.3    
   31.00       207.0    
   32.00       183.5    
   33.00       161.7    
   34.00       141.6    
   35.00       123.1    
   36.00       106.3    
   37.00       91.12    
   38.00       77.46    
   39.00       65.26    
   40.00       54.45    
   41.00       44.95    
   42.00       36.66    
   43.00       29.51    
   44.00       23.40    
   45.00       18.23    
   46.00       13.92    
   47.00       10.37    
   48.00       7.512    
   49.00       5.251    
   50.00       3.512    
   51.00       2.223    
   52.00       1.315    
   53.00      0.7271    
   54.00      0.4011    
   55.00      0.2857    
   56.00      0.3346    
   57.00      0.5070    
   58.00      0.7670    
   59.00       1.084    
   60.00       1.432    
   61.00       1.788    
   62.00       2.136    
   63.00       2.462    
   64.00       2.753    
   65.00       3.003    
   66.00       3.206    
   67.00       3.360    
   68.00       3.464    
   69.00       3.518    
   70.00       3.524    
   71.00       3.485    
   72.00       3.406    
   73.00       3.291    
   74.00       3.145    
   75.00       2.972    
   76.00       2.779    
   77.00       2.571    
   78.00       2.351    
   79.00       2.126    
   80.00       1.899    
   81.00       1.675    
   82.00       1.457    
   83.00       1.249    
   84.00       1.053    
   85.00      0.8723    
   86.00      0.7080    
   87.00      0.5621    
   88.00      0.4357    
   89.00      0.3297    
   90.00      0.2447    
   91.00      0.1808    
   92.00      0.1381    
   93.00      0.1163    
   94.00      0.1149    
   95.00      0.1333    
   96.00      0.1706    
   97.00      0.2260    
   98.00      0.2983    
   99.00      0.3865    
   100.0      0.4892    
   101.0      0.6052    
   102.0      0.7331    
   103.0      0.8713    
   104.0       1.019    
   105.0       1.173    
   106.0       1.334    
   107.0       1.499    
   108.0       1.666    
   109.0       1.834    
   110.0       2.002    
   111.0       2.168    
   112.0       2.330    
   113.0       2.486    
   114.0       2.635    
   115.0       2.775    
   116.0       2.905    
   117.0       3.024    
   118.0       3.129    
   119.0       3.221    
   120.0       3.297    
   121.0       3.356    
   122.0       3.399    
   123.0       3.423    
   124.0       3.429    
   125.0       3.417    
   126.0       3.386    
   127.0       3.336    
   128.0       3.269    
   129.0       3.184    
   130.0       3.082    
   131.0       2.965    
   132.0       2.833    
   133.0       2.689    
   134.0       2.535    
   135.0       2.371    
   136.0       2.201    
   137.0       2.026    
   138.0       1.849    
   139.0       1.673    
   140.0       1.501    
   141.0       1.334    
   142.0       1.175    
   143.0       1.027    
   144.0      0.8934    
   145.0      0.7754    
   146.0      0.6755    
   147.0      0.5960    
   148.0      0.5386    
   149.0      0.5050    
   150.0      0.4965    
   151.0      0.5141    
   152.0      0.5585    
   153.0      0.6301    
   154.0      0.7289    
   155.0      0.8546    
   156.0       1.006    
   157.0       1.183    
   158.0       1.384    
   159.0       1.606    
   160.0       1.849    
   161.0       2.108    
   162.0       2.383    
   163.0       2.669    
   164.0       2.964    
   165.0       3.264    
   166.0       3.567    
   167.0       3.868    
   168.0       4.164    
   169.0       4.452    
   170.0       4.729    
   171.0       4.990    
   172.0       5.234    
   173.0       5.456    
   174.0       5.654    
   175.0       5.826    
   176.0       5.970    
   177.0       6.084    
   178.0       6.166    
   179.0       6.216    
   180.0       6.233    
 END
@legend string   1 "Partition=  2 Excit=  1 near/far= 1"
#legend string   0 "Lab energy =   14.5311"
@s1 linestyle   2
#  Theta       sigma       iT11        T20         T21         T22         Kyy for projectile
   0.000       29.35    
   1.000       29.36    
   2.000       29.36    
   3.000       29.37    
   4.000       29.37    
   5.000       29.36    
   6.000       29.31    
   7.000       29.22    
   8.000       29.08    
   9.000       28.87    
   10.00       28.58    
   11.00       28.20    
   12.00       27.74    
   13.00       27.17    
   14.00       26.51    
   15.00       25.75    
   16.00       24.90    
   17.00       23.96    
   18.00       22.95    
   19.00       21.88    
   20.00       20.75    
   21.00       19.58    
   22.00       18.38    
   23.00       17.18    
   24.00       15.97    
   25.00       14.77    
   26.00       13.60    
   27.00       12.46    
   28.00       11.36    
   29.00       10.31    
   30.00       9.315    
   31.00       8.381    
   32.00       7.511    
   33.00       6.705    
   34.00       5.967    
   35.00       5.295    
   36.00       4.688    
   37.00       4.147    
   38.00       3.667    
   39.00       3.247    
   40.00       2.884    
   41.00       2.575    
   42.00       2.315    
   43.00       2.100    
   44.00       1.928    
   45.00       1.794    
   46.00       1.693    
   47.00       1.621    
   48.00       1.576    
   49.00       1.552    
   50.00       1.546    
   51.00       1.554    
   52.00       1.575    
   53.00       1.604    
   54.00       1.640    
   55.00       1.679    
   56.00       1.720    
   57.00       1.762    
   58.00       1.802    
   59.00       1.840    
   60.00       1.874    
   61.00       1.903    
   62.00       1.927    
   63.00       1.945    
   64.00       1.958    
   65.00       1.963    
   66.00       1.962    
   67.00       1.955    
   68.00       1.941    
   69.00       1.921    
   70.00       1.895    
   71.00       1.864    
   72.00       1.827    
   73.00       1.786    
   74.00       1.742    
   75.00       1.693    
   76.00       1.642    
   77.00       1.589    
   78.00       1.534    
   79.00       1.478    
   80.00       1.422    
   81.00       1.365    
   82.00       1.308    
   83.00       1.252    
   84.00       1.197    
   85.00       1.143    
   86.00       1.090    
   87.00       1.040    
   88.00      0.9913    
   89.00      0.9450    
   90.00      0.9011    
   91.00      0.8596    
   92.00      0.8207    
   93.00      0.7844    
   94.00      0.7508    
   95.00      0.7198    
   96.00      0.6915    
   97.00      0.6657    
   98.00      0.6425    
   99.00      0.6217    
   100.0      0.6032    
   101.0      0.5869    
   102.0      0.5727    
   103.0      0.5604    
   104.0      0.5499    
   105.0      0.5410    
   106.0      0.5336    
   107.0      0.5275    
   108.0      0.5226    
   109.0      0.5188    
   110.0      0.5160    
   111.0      0.5139    
   112.0      0.5125    
   113.0      0.5117    
   114.0      0.5114    
   115.0      0.5115    
   116.0      0.5118    
   117.0      0.5125    
   118.0      0.5133    
   119.0      0.5143    
   120.0      0.5154    
   121.0      0.5165    
   122.0      0.5177    
   123.0      0.5189    
   124.0      0.5202    
   125.0      0.5214    
   126.0      0.5227    
   127.0      0.5240    
   128.0      0.5254    
   129.0      0.5268    
   130.0      0.5284    
   131.0      0.5300    
   132.0      0.5318    
   133.0      0.5338    
   134.0      0.5359    
   135.0      0.5383    
   136.0      0.5410    
   137.0      0.5439    
   138.0      0.5472    
   139.0      0.5508    
   140.0      0.5547    
   141.0      0.5590    
   142.0      0.5637    
   143.0      0.5688    
   144.0      0.5742    
   145.0      0.5801    
   146.0      0.5863    
   147.0      0.5929    
   148.0      0.5998    
   149.0      0.6071    
   150.0      0.6147    
   151.0      0.6226    
   152.0      0.6307    
   153.0      0.6391    
   154.0      0.6476    
   155.0      0.6564    
   156.0      0.6652    
   157.0      0.6741    
   158.0      0.6830    
   159.0      0.6919    
   160.0      0.7008    
   161.0      0.7096    
   162.0      0.7182    
   163.0      0.7266    
   164.0      0.7349    
   165.0      0.7428    
   166.0      0.7504    
   167.0      0.7577    
   168.0      0.7646    
   169.0      0.7711    
   170.0      0.7772    
   171.0      0.7827    
   172.0      0.7878    
   173.0      0.7923    
   174.0      0.7962    
   175.0      0.7996    
   176.0      0.8024    
   177.0      0.8046    
   178.0      0.8062    
   179.0      0.8071    
   180.0      0.8074    
 END
@legend string   2 "Partition=  2 Excit=  2 near/far= 1"
#legend string   0 "Lab energy =   14.5311"
@s2 linestyle   3
#  Theta       sigma       iT11        T20         T21         T22         Kyy for projectile
   0.000       22.81    
   1.000       22.78    
   2.000       22.71    
   3.000       22.58    
   4.000       22.40    
   5.000       22.16    
   6.000       21.87    
   7.000       21.52    
   8.000       21.12    
   9.000       20.66    
   10.00       20.14    
   11.00       19.57    
   12.00       18.94    
   13.00       18.26    
   14.00       17.54    
   15.00       16.77    
   16.00       15.97    
   17.00       15.15    
   18.00       14.31    
   19.00       13.46    
   20.00       12.60    
   21.00       11.75    
   22.00       10.92    
   23.00       10.10    
   24.00       9.316    
   25.00       8.561    
   26.00       7.841    
   27.00       7.161    
   28.00       6.521    
   29.00       5.924    
   30.00       5.369    
   31.00       4.856    
   32.00       4.384    
   33.00       3.952    
   34.00       3.559    
   35.00       3.202    
   36.00       2.882    
   37.00       2.595    
   38.00       2.341    
   39.00       2.118    
   40.00       1.924    
   41.00       1.758    
   42.00       1.617    
   43.00       1.501    
   44.00       1.406    
   45.00       1.330    
   46.00       1.271    
   47.00       1.227    
   48.00       1.195    
   49.00       1.173    
   50.00       1.159    
   51.00       1.152    
   52.00       1.149    
   53.00       1.149    
   54.00       1.152    
   55.00       1.156    
   56.00       1.162    
   57.00       1.167    
   58.00       1.172    
   59.00       1.177    
   60.00       1.181    
   61.00       1.183    
   62.00       1.184    
   63.00       1.183    
   64.00       1.180    
   65.00       1.174    
   66.00       1.165    
   67.00       1.153    
   68.00       1.138    
   69.00       1.120    
   70.00       1.098    
   71.00       1.074    
   72.00       1.047    
   73.00       1.018    
   74.00      0.9872    
   75.00      0.9545    
   76.00      0.9207    
   77.00      0.8862    
   78.00      0.8511    
   79.00      0.8160    
   80.00      0.7810    
   81.00      0.7464    
   82.00      0.7123    
   83.00      0.6789    
   84.00      0.6464    
   85.00      0.6147    
   86.00      0.5841    
   87.00      0.5544    
   88.00      0.5259    
   89.00      0.4985    
   90.00      0.4722    
   91.00      0.4472    
   92.00      0.4235    
   93.00      0.4012    
   94.00      0.3802    
   95.00      0.3607    
   96.00      0.3426    
   97.00      0.3259    
   98.00      0.3107    
   99.00      0.2969    
   100.0      0.2844    
   101.0      0.2733    
   102.0      0.2635    
   103.0      0.2548    
   104.0      0.2473    
   105.0      0.2408    
   106.0      0.2352    
   107.0      0.2305    
   108.0      0.2266    
   109.0      0.2233    
   110.0      0.2206    
   111.0      0.2185    
   112.0      0.2168    
   113.0      0.2156    
   114.0      0.2148    
   115.0      0.2142    
   116.0      0.2140    
   117.0      0.2139    
   118.0      0.2142    
   119.0      0.2145    
   120.0      0.2151    
   121.0      0.2158    
   122.0      0.2166    
   123.0      0.2175    
   124.0      0.2185    
   125.0      0.2196    
   126.0      0.2208    
   127.0      0.2219    
   128.0      0.2232    
   129.0      0.2244    
   130.0      0.2257    
   131.0      0.2271    
   132.0      0.2285    
   133.0      0.2299    
   134.0      0.2314    
   135.0      0.2330    
   136.0      0.2346    
   137.0      0.2363    
   138.0      0.2381    
   139.0      0.2400    
   140.0      0.2420    
   141.0      0.2441    
   142.0      0.2464    
   143.0      0.2489    
   144.0      0.2515    
   145.0      0.2542    
   146.0      0.2572    
   147.0      0.2603    
   148.0      0.2635    
   149.0      0.2670    
   150.0      0.2706    
   151.0      0.2743    
   152.0      0.2783    
   153.0      0.2823    
   154.0      0.2865    
   155.0      0.2908    
   156.0      0.2951    
   157.0      0.2996    
   158.0      0.3041    
   159.0      0.3086    
   160.0      0.3132    
   161.0      0.3177    
   162.0      0.3222    
   163.0      0.3266    
   164.0      0.3310    
   165.0      0.3352    
   166.0      0.3393    
   167.0      0.3432    
   168.0      0.3469    
   169.0      0.3505    
   170.0      0.3538    
   171.0      0.3568    
   172.0      0.3596    
   173.0      0.3621    
   174.0      0.3643    
   175.0      0.3662    
   176.0      0.3678    
   177.0      0.3690    
   178.0      0.3699    
   179.0      0.3704    
   180.0      0.3706    
 END
@legend string   3 "Partition=  2 Excit=  3 near/far= 1"
#legend string   0 "Lab energy =   14.5311"
@s3 linestyle   4
#  Theta       sigma       iT11        T20         T21         T22         Kyy for projectile
   0.000       61.68    
   1.000       61.57    
   2.000       61.23    
   3.000       60.66    
   4.000       59.86    
   5.000       58.83    
   6.000       57.56    
   7.000       56.07    
   8.000       54.34    
   9.000       52.38    
   10.00       50.22    
   11.00       47.85    
   12.00       45.32    
   13.00       42.64    
   14.00       39.87    
   15.00       37.03    
   16.00       34.18    
   17.00       31.37    
   18.00       28.65    
   19.00       26.06    
   20.00       23.63    
   21.00       21.40    
   22.00       19.38    
   23.00       17.58    
   24.00       15.99    
   25.00       14.61    
   26.00       13.41    
   27.00       12.36    
   28.00       11.45    
   29.00       10.65    
   30.00       9.929    
   31.00       9.266    
   32.00       8.644    
   33.00       8.048    
   34.00       7.470    
   35.00       6.905    
   36.00       6.355    
   37.00       5.826    
   38.00       5.327    
   39.00       4.868    
   40.00       4.462    
   41.00       4.117    
   42.00       3.838    
   43.00       3.626    
   44.00       3.475    
   45.00       3.375    
   46.00       3.313    
   47.00       3.273    
   48.00       3.242    
   49.00       3.206    
   50.00       3.158    
   51.00       3.093    
   52.00       3.012    
   53.00       2.916    
   54.00       2.813    
   55.00       2.707    
   56.00       2.606    
   57.00       2.516    
   58.00       2.442    
   59.00       2.386    
   60.00       2.351    
   61.00       2.335    
   62.00       2.338    
   63.00       2.355    
   64.00       2.383    
   65.00       2.416    
   66.00       2.447    
   67.00       2.470    
   68.00       2.479    
   69.00       2.471    
   70.00       2.442    
   71.00       2.391    
   72.00       2.320    
   73.00       2.231    
   74.00       2.128    
   75.00       2.015    
   76.00       1.898    
   77.00       1.781    
   78.00       1.669    
   79.00       1.564    
   80.00       1.468    
   81.00       1.382    
   82.00       1.306    
   83.00       1.239    
   84.00       1.180    
   85.00       1.128    
   86.00       1.082    
   87.00       1.038    
   88.00      0.9975    
   89.00      0.9576    
   90.00      0.9178    
   91.00      0.8775    
   92.00      0.8362    
   93.00      0.7940    
   94.00      0.7511    
   95.00      0.7078    
   96.00      0.6649    
   97.00      0.6232    
   98.00      0.5833    
   99.00      0.5461    
   100.0      0.5123    
   101.0      0.4821    
   102.0      0.4560    
   103.0      0.4339    
   104.0      0.4156    
   105.0      0.4008    
   106.0      0.3890    
   107.0      0.3795    
   108.0      0.3719    
   109.0      0.3654    
   110.0      0.3596    
   111.0      0.3542    
   112.0      0.3488    
   113.0      0.3432    
   114.0      0.3375    
   115.0      0.3316    
   116.0      0.3256    
   117.0      0.3197    
   118.0      0.3140    
   119.0      0.3089    
   120.0      0.3044    
   121.0      0.3007    
   122.0      0.2979    
   123.0      0.2961    
   124.0      0.2954    
   125.0      0.2957    
   126.0      0.2970    
   127.0      0.2993    
   128.0      0.3024    
   129.0      0.3063    
   130.0      0.3108    
   131.0      0.3158    
   132.0      0.3212    
   133.0      0.3269    
   134.0      0.3328    
   135.0      0.3387    
   136.0      0.3447    
   137.0      0.3505    
   138.0      0.3562    
   139.0      0.3617    
   140.0      0.3670    
   141.0      0.3721    
   142.0      0.3770    
   143.0      0.3817    
   144.0      0.3862    
   145.0      0.3906    
   146.0      0.3949    
   147.0      0.3991    
   148.0      0.4034    
   149.0      0.4076    
   150.0      0.4119    
   151.0      0.4163    
   152.0      0.4208    
   153.0      0.4255    
   154.0      0.4304    
   155.0      0.4354    
   156.0      0.4406    
   157.0      0.4459    
   158.0      0.4514    
   159.0      0.4571    
   160.0      0.4629    
   161.0      0.4688    
   162.0      0.4747    
   163.0      0.4806    
   164.0      0.4866    
   165.0      0.4924    
   166.0      0.4982    
   167.0      0.5038    
   168.0      0.5092    
   169.0      0.5144    
   170.0      0.5193    
   171.0      0.5238    
   172.0      0.5280    
   173.0      0.5318    
   174.0      0.5351    
   175.0      0.5380    
   176.0      0.5404    
   177.0      0.5423    
   178.0      0.5437    
   179.0      0.5445    
   180.0      0.5448    
 END
@legend string   4 "Partition=  2 Excit=  4 near/far= 1"
#legend string   0 "Lab energy =   14.5311"
@s4 linestyle   5
#  Theta       sigma       iT11        T20         T21         T22         Kyy for projectile
   0.000       64.35    
   1.000       64.22    
   2.000       63.84    
   3.000       63.20    
   4.000       62.30    
   5.000       61.13    
   6.000       59.68    
   7.000       57.95    
   8.000       55.94    
   9.000       53.65    
   10.00       51.10    
   11.00       48.31    
   12.00       45.32    
   13.00       42.17    
   14.00       38.92    
   15.00       35.63    
   16.00       32.36    
   17.00       29.20    
   18.00       26.20    
   19.00       23.42    
   20.00       20.89    
   21.00       18.65    
   22.00       16.71    
   23.00       15.05    
   24.00       13.67    
   25.00       12.52    
   26.00       11.59    
   27.00       10.81    
   28.00       10.17    
   29.00       9.623    
   30.00       9.138    
   31.00       8.688    
   32.00       8.248    
   33.00       7.802    
   34.00       7.335    
   35.00       6.844    
   36.00       6.331    
   37.00       5.806    
   38.00       5.288    
   39.00       4.798    
   40.00       4.360    
   41.00       3.992    
   42.00       3.708    
   43.00       3.510    
   44.00       3.393    
   45.00       3.339    
   46.00       3.328    
   47.00       3.335    
   48.00       3.336    
   49.00       3.314    
   50.00       3.258    
   51.00       3.166    
   52.00       3.041    
   53.00       2.892    
   54.00       2.730    
   55.00       2.568    
   56.00       2.417    
   57.00       2.286    
   58.00       2.181    
   59.00       2.106    
   60.00       2.063    
   61.00       2.053    
   62.00       2.072    
   63.00       2.117    
   64.00       2.181    
   65.00       2.256    
   66.00       2.332    
   67.00       2.400    
   68.00       2.449    
   69.00       2.473    
   70.00       2.465    
   71.00       2.423    
   72.00       2.349    
   73.00       2.246    
   74.00       2.121    
   75.00       1.982    
   76.00       1.837    
   77.00       1.694    
   78.00       1.560    
   79.00       1.437    
   80.00       1.330    
   81.00       1.239    
   82.00       1.163    
   83.00       1.101    
   84.00       1.050    
   85.00       1.009    
   86.00      0.9751    
   87.00      0.9456    
   88.00      0.9188    
   89.00      0.8927    
   90.00      0.8658    
   91.00      0.8370    
   92.00      0.8055    
   93.00      0.7707    
   94.00      0.7328    
   95.00      0.6922    
   96.00      0.6498    
   97.00      0.6067    
   98.00      0.5643    
   99.00      0.5238    
   100.0      0.4866    
   101.0      0.4536    
   102.0      0.4255    
   103.0      0.4025    
   104.0      0.3846    
   105.0      0.3712    
   106.0      0.3617    
   107.0      0.3552    
   108.0      0.3506    
   109.0      0.3471    
   110.0      0.3438    
   111.0      0.3402    
   112.0      0.3356    
   113.0      0.3301    
   114.0      0.3234    
   115.0      0.3157    
   116.0      0.3073    
   117.0      0.2985    
   118.0      0.2897    
   119.0      0.2813    
   120.0      0.2736    
   121.0      0.2669    
   122.0      0.2615    
   123.0      0.2575    
   124.0      0.2549    
   125.0      0.2538    
   126.0      0.2542    
   127.0      0.2559    
   128.0      0.2588    
   129.0      0.2628    
   130.0      0.2677    
   131.0      0.2734    
   132.0      0.2796    
   133.0      0.2861    
   134.0      0.2930    
   135.0      0.2999    
   136.0      0.3067    
   137.0      0.3134    
   138.0      0.3199    
   139.0      0.3261    
   140.0      0.3319    
   141.0      0.3374    
   142.0      0.3424    
   143.0      0.3471    
   144.0      0.3514    
   145.0      0.3554    
   146.0      0.3591    
   147.0      0.3625    
   148.0      0.3658    
   149.0      0.3689    
   150.0      0.3719    
   151.0      0.3750    
   152.0      0.3780    
   153.0      0.3812    
   154.0      0.3844    
   155.0      0.3878    
   156.0      0.3913    
   157.0      0.3950    
   158.0      0.3989    
   159.0      0.4029    
   160.0      0.4071    
   161.0      0.4114    
   162.0      0.4159    
   163.0      0.4205    
   164.0      0.4251    
   165.0      0.4297    
   166.0      0.4343    
   167.0      0.4388    
   168.0      0.4432    
   169.0      0.4475    
   170.0      0.4515    
   171.0      0.4553    
   172.0      0.4589    
   173.0      0.4621    
   174.0      0.4649    
   175.0      0.4674    
   176.0      0.4694    
   177.0      0.4711    
   178.0      0.4722    
   179.0      0.4729    
   180.0      0.4732    
 END
@legend string   5 "Partition=  2 Excit=  5 near/far= 1"
#legend string   0 "Lab energy =   14.5311"
@s5 linestyle   1
#  Theta       sigma       iT11        T20         T21         T22         Kyy for projectile
   0.000       188.8    
   1.000       188.2    
   2.000       186.5    
   3.000       183.6    
   4.000       179.5    
   5.000       174.1    
   6.000       167.6    
   7.000       159.8    
   8.000       150.8    
   9.000       140.7    
   10.00       129.6    
   11.00       117.8    
   12.00       105.5    
   13.00       92.95    
   14.00       80.57    
   15.00       68.69    
   16.00       57.64    
   17.00       47.73    
   18.00       39.16    
   19.00       32.06    
   20.00       26.42    
   21.00       22.17    
   22.00       19.13    
   23.00       17.07    
   24.00       15.77    
   25.00       14.99    
   26.00       14.55    
   27.00       14.33    
   28.00       14.24    
   29.00       14.24    
   30.00       14.30    
   31.00       14.38    
   32.00       14.43    
   33.00       14.37    
   34.00       14.13    
   35.00       13.66    
   36.00       12.94    
   37.00       12.00    
   38.00       10.94    
   39.00       9.899    
   40.00       9.032    
   41.00       8.479    
   42.00       8.330    
   43.00       8.598    
   44.00       9.219    
   45.00       10.06    
   46.00       10.94    
   47.00       11.68    
   48.00       12.13    
   49.00       12.20    
   50.00       11.86    
   51.00       11.16    
   52.00       10.19    
   53.00       9.065    
   54.00       7.911    
   55.00       6.824    
   56.00       5.872    
   57.00       5.091    
   58.00       4.489    
   59.00       4.062    
   60.00       3.797    
   61.00       3.685    
   62.00       3.719    
   63.00       3.890    
   64.00       4.186    
   65.00       4.581    
   66.00       5.034    
   67.00       5.495    
   68.00       5.903    
   69.00       6.199    
   70.00       6.336    
   71.00       6.287    
   72.00       6.046    
   73.00       5.634    
   74.00       5.088    
   75.00       4.460    
   76.00       3.805    
   77.00       3.173    
   78.00       2.601    
   79.00       2.116    
   80.00       1.726    
   81.00       1.431    
   82.00       1.219    
   83.00       1.076    
   84.00      0.9879    
   85.00      0.9413    
   86.00      0.9266    
   87.00      0.9368    
   88.00      0.9666    
   89.00       1.011    
   90.00       1.065    
   91.00       1.121    
   92.00       1.172    
   93.00       1.209    
   94.00       1.224    
   95.00       1.213    
   96.00       1.172    
   97.00       1.104    
   98.00       1.013    
   99.00      0.9051    
   100.0      0.7907    
   101.0      0.6789    
   102.0      0.5784    
   103.0      0.4960    
   104.0      0.4359    
   105.0      0.3996    
   106.0      0.3858    
   107.0      0.3910    
   108.0      0.4103    
   109.0      0.4377    
   110.0      0.4677    
   111.0      0.4952    
   112.0      0.5162    
   113.0      0.5282    
   114.0      0.5302    
   115.0      0.5223    
   116.0      0.5056    
   117.0      0.4821    
   118.0      0.4541    
   119.0      0.4238    
   120.0      0.3935    
   121.0      0.3649    
   122.0      0.3393    
   123.0      0.3177    
   124.0      0.3005    
   125.0      0.2878    
   126.0      0.2794    
   127.0      0.2749    
   128.0      0.2739    
   129.0      0.2760    
   130.0      0.2807    
   131.0      0.2878    
   132.0      0.2969    
   133.0      0.3080    
   134.0      0.3208    
   135.0      0.3353    
   136.0      0.3514    
   137.0      0.3691    
   138.0      0.3883    
   139.0      0.4087    
   140.0      0.4302    
   141.0      0.4526    
   142.0      0.4757    
   143.0      0.4991    
   144.0      0.5226    
   145.0      0.5458    
   146.0      0.5684    
   147.0      0.5903    
   148.0      0.6111    
   149.0      0.6306    
   150.0      0.6487    
   151.0      0.6652    
   152.0      0.6802    
   153.0      0.6934    
   154.0      0.7050    
   155.0      0.7150    
   156.0      0.7234    
   157.0      0.7304    
   158.0      0.7359    
   159.0      0.7402    
   160.0      0.7434    
   161.0      0.7455    
   162.0      0.7468    
   163.0      0.7473    
   164.0      0.7472    
   165.0      0.7466    
   166.0      0.7456    
   167.0      0.7443    
   168.0      0.7427    
   169.0      0.7411    
   170.0      0.7393    
   171.0      0.7376    
   172.0      0.7359    
   173.0      0.7343    
   174.0      0.7329    
   175.0      0.7316    
   176.0      0.7306    
   177.0      0.7297    
   178.0      0.7291    
   179.0      0.7287    
   180.0      0.7286    
 END
