# Fusion cross sections for ELAB=  14.531, ECM=  11.290
     0.5   34.60       35.20      0.6004    
     1.5   108.8       112.2       3.452    
     2.5   170.3       180.2       9.854    
     3.5   165.4       187.1       21.77    
     4.5   115.2       151.5       36.25    
     5.5   40.77       91.50       50.73    
     6.5  -6.920       39.07       45.99    
     7.5  -13.91       7.564       21.47    
     8.5  -6.548       1.326       7.874    
     9.5  -3.088      0.2510       3.339    
    10.5  -1.555      0.4888E-01   1.603    
    11.5  -1.074      0.9610E-02   1.084    
    12.5 -0.9315      0.1898E-02  0.9334    
    13.5 -0.6653      0.3773E-03  0.6656    
    14.5 -0.5562      0.7562E-04  0.5562    
    15.5 -0.5380      0.1533E-04  0.5380    
    16.5 -0.3394      0.3143E-05  0.3394    
    17.5 -0.1630      0.6485E-06  0.1630    
    18.5 -0.2018      0.1333E-06  0.2018    
    19.5 -0.1376      0.2686E-07  0.1376    
    20.5 -0.3195E-01  0.5216E-08  0.3195E-01
    21.5 -0.2386E-02  0.9609E-09  0.2386E-02
    22.5 -0.1838E-02  0.1659E-09  0.1838E-02
    23.5 -0.1233E-02  0.2674E-10  0.1233E-02
    24.5 -0.3619E-03  0.4849E-11  0.3619E-03
    25.5 -0.6264E-04  0.8585E-12  0.6264E-04
    26.5 -0.7303E-05  0.5200E-12  0.7303E-05
    27.5 -0.6157E-06  0.3467E-12  0.6157E-06
    28.5 -0.3924E-07  0.1596E-12  0.3924E-07
    29.5 -0.1951E-08  0.4127E-12  0.1951E-08
    30.5 -0.7722E-10  0.2132E-12  0.7743E-10
    31.5 -0.2102E-11  0.3962E-12  0.2498E-11
    32.5 -0.2935E-12 -0.2270E-12  0.6649E-13
    33.5  0.1388E-12  0.1403E-12  0.1478E-14
    34.5  0.2407E-12  0.2408E-12  0.2773E-16
    35.5  0.1486E-12  0.1486E-12  0.4432E-18
    36.5 -0.6081E-20   0.000      0.6081E-20
    37.5  0.3659E-12  0.3659E-12  0.7215E-22
    38.5  0.5365E-13  0.5365E-13  0.7449E-24
    39.5 -0.6727E-26   0.000      0.6727E-26
    40.5  0.4512E-12  0.4512E-12   0.000    
 &
