# 181 angles,  1 tensor ranks for 0=projectile
@subtitle   "7Li(d,p) @ 7.5AMeV ADWA (d) + KD (p)"                                          
@legend ON
@legend x1 0.2
@legend y1 0.8
@g0 type LOGY
@yaxis ticklabel format power
@legend string   0 "Lab energy =   14.5311"
#legend string   0 "Partition=  2 Excit=  3 near/far= 1"
#  Theta       sigma       iT11        T20         T21         T22         Kyy for projectile
   0.000       61.68    
   1.000       61.57    
   2.000       61.23    
   3.000       60.66    
   4.000       59.86    
   5.000       58.83    
   6.000       57.56    
   7.000       56.07    
   8.000       54.34    
   9.000       52.38    
   10.00       50.22    
   11.00       47.85    
   12.00       45.32    
   13.00       42.64    
   14.00       39.87    
   15.00       37.03    
   16.00       34.18    
   17.00       31.37    
   18.00       28.65    
   19.00       26.06    
   20.00       23.63    
   21.00       21.40    
   22.00       19.38    
   23.00       17.58    
   24.00       15.99    
   25.00       14.61    
   26.00       13.41    
   27.00       12.36    
   28.00       11.45    
   29.00       10.65    
   30.00       9.929    
   31.00       9.266    
   32.00       8.644    
   33.00       8.048    
   34.00       7.470    
   35.00       6.905    
   36.00       6.355    
   37.00       5.826    
   38.00       5.327    
   39.00       4.868    
   40.00       4.462    
   41.00       4.117    
   42.00       3.838    
   43.00       3.626    
   44.00       3.475    
   45.00       3.375    
   46.00       3.313    
   47.00       3.273    
   48.00       3.242    
   49.00       3.206    
   50.00       3.158    
   51.00       3.093    
   52.00       3.012    
   53.00       2.916    
   54.00       2.813    
   55.00       2.707    
   56.00       2.606    
   57.00       2.516    
   58.00       2.442    
   59.00       2.386    
   60.00       2.351    
   61.00       2.335    
   62.00       2.338    
   63.00       2.355    
   64.00       2.383    
   65.00       2.416    
   66.00       2.447    
   67.00       2.470    
   68.00       2.479    
   69.00       2.471    
   70.00       2.442    
   71.00       2.391    
   72.00       2.320    
   73.00       2.231    
   74.00       2.128    
   75.00       2.015    
   76.00       1.898    
   77.00       1.781    
   78.00       1.669    
   79.00       1.564    
   80.00       1.468    
   81.00       1.382    
   82.00       1.306    
   83.00       1.239    
   84.00       1.180    
   85.00       1.128    
   86.00       1.082    
   87.00       1.038    
   88.00      0.9975    
   89.00      0.9576    
   90.00      0.9178    
   91.00      0.8775    
   92.00      0.8362    
   93.00      0.7940    
   94.00      0.7511    
   95.00      0.7078    
   96.00      0.6649    
   97.00      0.6232    
   98.00      0.5833    
   99.00      0.5461    
   100.0      0.5123    
   101.0      0.4821    
   102.0      0.4560    
   103.0      0.4339    
   104.0      0.4156    
   105.0      0.4008    
   106.0      0.3890    
   107.0      0.3795    
   108.0      0.3719    
   109.0      0.3654    
   110.0      0.3596    
   111.0      0.3542    
   112.0      0.3488    
   113.0      0.3432    
   114.0      0.3375    
   115.0      0.3316    
   116.0      0.3256    
   117.0      0.3197    
   118.0      0.3140    
   119.0      0.3089    
   120.0      0.3044    
   121.0      0.3007    
   122.0      0.2979    
   123.0      0.2961    
   124.0      0.2954    
   125.0      0.2957    
   126.0      0.2970    
   127.0      0.2993    
   128.0      0.3024    
   129.0      0.3063    
   130.0      0.3108    
   131.0      0.3158    
   132.0      0.3212    
   133.0      0.3269    
   134.0      0.3328    
   135.0      0.3387    
   136.0      0.3447    
   137.0      0.3505    
   138.0      0.3562    
   139.0      0.3617    
   140.0      0.3670    
   141.0      0.3721    
   142.0      0.3770    
   143.0      0.3817    
   144.0      0.3862    
   145.0      0.3906    
   146.0      0.3949    
   147.0      0.3991    
   148.0      0.4034    
   149.0      0.4076    
   150.0      0.4119    
   151.0      0.4163    
   152.0      0.4208    
   153.0      0.4255    
   154.0      0.4304    
   155.0      0.4354    
   156.0      0.4406    
   157.0      0.4459    
   158.0      0.4514    
   159.0      0.4571    
   160.0      0.4629    
   161.0      0.4688    
   162.0      0.4747    
   163.0      0.4806    
   164.0      0.4866    
   165.0      0.4924    
   166.0      0.4982    
   167.0      0.5038    
   168.0      0.5092    
   169.0      0.5144    
   170.0      0.5193    
   171.0      0.5238    
   172.0      0.5280    
   173.0      0.5318    
   174.0      0.5351    
   175.0      0.5380    
   176.0      0.5404    
   177.0      0.5423    
   178.0      0.5437    
   179.0      0.5445    
   180.0      0.5448    
 END
