# Fusion cross sections for ELAB=  14.531, ECM=  11.290
     0.5   16.66      1
     0.5   34.60     -1
     1.5   54.79      1
     1.5   108.8     -1
     2.5   80.77      1
     2.5   170.3     -1
     3.5   83.85      1
     3.5   165.4     -1
     4.5   49.28      1
     4.5   115.2     -1
     5.5   22.57      1
     5.5   40.77     -1
     6.5  -5.606      1
     6.5  -6.920     -1
     7.5  -10.20      1
     7.5  -13.91     -1
     8.5  -1.906      1
     8.5  -6.548     -1
     9.5  -2.165      1
     9.5  -3.088     -1
    10.5 -0.5174      1
    10.5  -1.555     -1
    11.5 -0.6097      1
    11.5  -1.074     -1
    12.5 -0.3893      1
    12.5 -0.9315     -1
    13.5 -0.4120      1
    13.5 -0.6653     -1
    14.5 -0.2630      1
    14.5 -0.5562     -1
    15.5 -0.2546      1
    15.5 -0.5380     -1
    16.5 -0.5097E-01  1
    16.5 -0.3394     -1
    17.5 -0.7621E-01  1
    17.5 -0.1630     -1
    18.5 -0.1073      1
    18.5 -0.2018     -1
    19.5 -0.1069      1
    19.5 -0.1376     -1
    20.5 -0.1317E-02  1
    20.5 -0.3195E-01 -1
    21.5 -0.1546E-02  1
    21.5 -0.2386E-02 -1
    22.5 -0.9197E-03  1
    22.5 -0.1838E-02 -1
    23.5 -0.9253E-03  1
    23.5 -0.1233E-02 -1
    24.5 -0.5656E-04  1
    24.5 -0.3619E-03 -1
    25.5 -0.5582E-04  1
    25.5 -0.6264E-04 -1
    26.5 -0.5890E-06  1
    26.5 -0.7303E-05 -1
    27.5 -0.5775E-06  1
    27.5 -0.6157E-06 -1
    28.5 -0.1920E-08  1
    28.5 -0.3924E-07 -1
    29.5 -0.1874E-08  1
    29.5 -0.1951E-08 -1
    30.5 -0.2287E-11  1
    30.5 -0.7722E-10 -1
    31.5 -0.2167E-11  1
    31.5 -0.2102E-11 -1
    32.5 -0.1377E-12  1
    32.5 -0.2935E-12 -1
    33.5  0.1389E-12  1
    33.5  0.1388E-12 -1
    34.5  0.1445E-12  1
    34.5  0.2407E-12 -1
    35.5  0.9905E-13  1
    35.5  0.1486E-12 -1
    36.5 -0.5090E-13  1
    36.5 -0.6081E-20 -1
    37.5  0.1046E-12  1
    37.5  0.3659E-12 -1
    38.5  0.1610E-12  1
    38.5  0.5365E-13 -1
    39.5 -0.6677E-26  1
    39.5 -0.6727E-26 -1
    40.5  0.2820E-12  1
    40.5  0.4512E-12 -1
 &
