# 181 angles,  1 tensor ranks for 0=projectile
@subtitle   "7Li(d,p) @ 7.5AMeV ADWA (d) + KD (p)"                                          
@legend ON
@legend x1 0.2
@legend y1 0.8
@g0 type LOGY
@yaxis ticklabel format power
@legend string   0 "Lab energy =   14.5311"
#legend string   0 "Partition=  2 Excit=  4 near/far= 1"
#  Theta       sigma       iT11        T20         T21         T22         Kyy for projectile
   0.000       64.35    
   1.000       64.22    
   2.000       63.84    
   3.000       63.20    
   4.000       62.30    
   5.000       61.13    
   6.000       59.68    
   7.000       57.95    
   8.000       55.94    
   9.000       53.65    
   10.00       51.10    
   11.00       48.31    
   12.00       45.32    
   13.00       42.17    
   14.00       38.92    
   15.00       35.63    
   16.00       32.36    
   17.00       29.20    
   18.00       26.20    
   19.00       23.42    
   20.00       20.89    
   21.00       18.65    
   22.00       16.71    
   23.00       15.05    
   24.00       13.67    
   25.00       12.52    
   26.00       11.59    
   27.00       10.81    
   28.00       10.17    
   29.00       9.623    
   30.00       9.138    
   31.00       8.688    
   32.00       8.248    
   33.00       7.802    
   34.00       7.335    
   35.00       6.844    
   36.00       6.331    
   37.00       5.806    
   38.00       5.288    
   39.00       4.798    
   40.00       4.360    
   41.00       3.992    
   42.00       3.708    
   43.00       3.510    
   44.00       3.393    
   45.00       3.339    
   46.00       3.328    
   47.00       3.335    
   48.00       3.336    
   49.00       3.314    
   50.00       3.258    
   51.00       3.166    
   52.00       3.041    
   53.00       2.892    
   54.00       2.730    
   55.00       2.568    
   56.00       2.417    
   57.00       2.286    
   58.00       2.181    
   59.00       2.106    
   60.00       2.063    
   61.00       2.053    
   62.00       2.072    
   63.00       2.117    
   64.00       2.181    
   65.00       2.256    
   66.00       2.332    
   67.00       2.400    
   68.00       2.449    
   69.00       2.473    
   70.00       2.465    
   71.00       2.423    
   72.00       2.349    
   73.00       2.246    
   74.00       2.121    
   75.00       1.982    
   76.00       1.837    
   77.00       1.694    
   78.00       1.560    
   79.00       1.437    
   80.00       1.330    
   81.00       1.239    
   82.00       1.163    
   83.00       1.101    
   84.00       1.050    
   85.00       1.009    
   86.00      0.9751    
   87.00      0.9456    
   88.00      0.9188    
   89.00      0.8927    
   90.00      0.8658    
   91.00      0.8370    
   92.00      0.8055    
   93.00      0.7707    
   94.00      0.7328    
   95.00      0.6922    
   96.00      0.6498    
   97.00      0.6067    
   98.00      0.5643    
   99.00      0.5238    
   100.0      0.4866    
   101.0      0.4536    
   102.0      0.4255    
   103.0      0.4025    
   104.0      0.3846    
   105.0      0.3712    
   106.0      0.3617    
   107.0      0.3552    
   108.0      0.3506    
   109.0      0.3471    
   110.0      0.3438    
   111.0      0.3402    
   112.0      0.3356    
   113.0      0.3301    
   114.0      0.3234    
   115.0      0.3157    
   116.0      0.3073    
   117.0      0.2985    
   118.0      0.2897    
   119.0      0.2813    
   120.0      0.2736    
   121.0      0.2669    
   122.0      0.2615    
   123.0      0.2575    
   124.0      0.2549    
   125.0      0.2538    
   126.0      0.2542    
   127.0      0.2559    
   128.0      0.2588    
   129.0      0.2628    
   130.0      0.2677    
   131.0      0.2734    
   132.0      0.2796    
   133.0      0.2861    
   134.0      0.2930    
   135.0      0.2999    
   136.0      0.3067    
   137.0      0.3134    
   138.0      0.3199    
   139.0      0.3261    
   140.0      0.3319    
   141.0      0.3374    
   142.0      0.3424    
   143.0      0.3471    
   144.0      0.3514    
   145.0      0.3554    
   146.0      0.3591    
   147.0      0.3625    
   148.0      0.3658    
   149.0      0.3689    
   150.0      0.3719    
   151.0      0.3750    
   152.0      0.3780    
   153.0      0.3812    
   154.0      0.3844    
   155.0      0.3878    
   156.0      0.3913    
   157.0      0.3950    
   158.0      0.3989    
   159.0      0.4029    
   160.0      0.4071    
   161.0      0.4114    
   162.0      0.4159    
   163.0      0.4205    
   164.0      0.4251    
   165.0      0.4297    
   166.0      0.4343    
   167.0      0.4388    
   168.0      0.4432    
   169.0      0.4475    
   170.0      0.4515    
   171.0      0.4553    
   172.0      0.4589    
   173.0      0.4621    
   174.0      0.4649    
   175.0      0.4674    
   176.0      0.4694    
   177.0      0.4711    
   178.0      0.4722    
   179.0      0.4729    
   180.0      0.4732    
 END
