1Inelastic  7Li(d,p)8Li(v1+) 7.266 AMeV ADKD-KD LEA                     
9.5855E+00    9.5801E+00    9.5634E+00    9.5347E+00    9.4927E+00    9.4356E+00
    9.3616E+00    9.2688E+00    9.1550E+00    9.0188E+00    8.8585E+00
    8.6735E+00    8.4632E+00    8.2280E+00    7.9686E+00    7.6863E+00
    7.3830E+00    7.0612E+00    6.7235E+00    6.3728E+00    6.0125E+00
    5.6457E+00    5.2758E+00    4.9059E+00    4.5393E+00    4.1786E+00
    3.8267E+00    3.4858E+00    3.1581E+00    2.8452E+00    2.5486E+00
    2.2695E+00    2.0086E+00    1.7664E+00    1.5432E+00    1.3390E+00
    1.1536E+00    9.8647E-01    8.3719E-01    7.0499E-01    5.8906E-01
    4.8847E-01    4.0227E-01    3.2942E-01    2.6886E-01    2.1953E-01
    1.8037E-01    1.5031E-01    1.2834E-01    1.1347E-01    1.0474E-01
    1.0127E-01    1.0222E-01    1.0680E-01    1.1430E-01    1.2406E-01
    1.3549E-01    1.4805E-01    1.6126E-01    1.7471E-01    1.8805E-01
    2.0096E-01    2.1318E-01    2.2452E-01    2.3481E-01    2.4392E-01
    2.5177E-01    2.5831E-01    2.6352E-01    2.6740E-01    2.6998E-01
    2.7130E-01    2.7142E-01    2.7043E-01    2.6839E-01    2.6541E-01
    2.6159E-01    2.5702E-01    2.5182E-01    2.4608E-01    2.3991E-01
    2.3342E-01    2.2670E-01    2.1983E-01    2.1292E-01    2.0604E-01
    1.9927E-01    1.9267E-01    1.8631E-01    1.8024E-01    1.7451E-01
    1.6915E-01    1.6421E-01    1.5972E-01    1.5569E-01    1.5215E-01
    1.4912E-01    1.4659E-01    1.4458E-01    1.4309E-01    1.4213E-01
    1.4168E-01    1.4174E-01    1.4232E-01    1.4339E-01    1.4496E-01
    1.4701E-01    1.4954E-01    1.5253E-01    1.5598E-01    1.5988E-01
    1.6422E-01    1.6899E-01    1.7417E-01    1.7977E-01    1.8578E-01
    1.9218E-01    1.9896E-01    2.0612E-01    2.1365E-01    2.2153E-01
    2.2976E-01    2.3832E-01    2.4720E-01    2.5638E-01    2.6584E-01
    2.7558E-01    2.8557E-01    2.9578E-01    3.0620E-01    3.1681E-01
    3.2757E-01    3.3846E-01    3.4945E-01    3.6051E-01    3.7161E-01
    3.8272E-01    3.9381E-01    4.0483E-01    4.1577E-01    4.2658E-01
    4.3723E-01    4.4769E-01    4.5793E-01    4.6791E-01    4.7762E-01
    4.8701E-01    4.9608E-01    5.0478E-01    5.1311E-01    5.2105E-01
    5.2857E-01    5.3568E-01    5.4236E-01    5.4860E-01    5.5441E-01
    5.5978E-01    5.6472E-01    5.6924E-01    5.7334E-01    5.7705E-01
    5.8037E-01    5.8332E-01    5.8592E-01    5.8819E-01    5.9016E-01
    5.9185E-01    5.9328E-01    5.9448E-01    5.9548E-01    5.9629E-01
    5.9694E-01    5.9746E-01    5.9786E-01    5.9816E-01    5.9839E-01
    5.9856E-01    5.9867E-01    5.9875E-01    5.9879E-01
