    0.00   9.585500E+00
    1.00   9.580100E+00
    2.00   9.563400E+00
    3.00   9.534700E+00
    4.00   9.492700E+00
    5.00   9.435600E+00
    6.00   9.361600E+00
    7.00   9.268800E+00
    8.00   9.155000E+00
    9.00   9.018800E+00
   10.00   8.858500E+00
   11.00   8.673500E+00
   12.00   8.463200E+00
   13.00   8.228000E+00
   14.00   7.968600E+00
   15.00   7.686300E+00
   16.00   7.383000E+00
   17.00   7.061200E+00
   18.00   6.723500E+00
   19.00   6.372800E+00
   20.00   6.012500E+00
   21.00   5.645700E+00
   22.00   5.275800E+00
   23.00   4.905900E+00
   24.00   4.539300E+00
   25.00   4.178600E+00
   26.00   3.826700E+00
   27.00   3.485800E+00
   28.00   3.158100E+00
   29.00   2.845200E+00
   30.00   2.548600E+00
   31.00   2.269500E+00
   32.00   2.008600E+00
   33.00   1.766400E+00
   34.00   1.543200E+00
   35.00   1.339000E+00
   36.00   1.153600E+00
   37.00   9.864700E-01
   38.00   8.371900E-01
   39.00   7.049900E-01
   40.00   5.890600E-01
   41.00   4.884700E-01
   42.00   4.022700E-01
   43.00   3.294200E-01
   44.00   2.688600E-01
   45.00   2.195300E-01
   46.00   1.803700E-01
   47.00   1.503100E-01
   48.00   1.283400E-01
   49.00   1.134700E-01
   50.00   1.047400E-01
   51.00   1.012700E-01
   52.00   1.022200E-01
   53.00   1.068000E-01
   54.00   1.143000E-01
   55.00   1.240600E-01
   56.00   1.354900E-01
   57.00   1.480500E-01
   58.00   1.612600E-01
   59.00   1.747100E-01
   60.00   1.880500E-01
   61.00   2.009600E-01
   62.00   2.131800E-01
   63.00   2.245200E-01
   64.00   2.348100E-01
   65.00   2.439200E-01
   66.00   2.517700E-01
   67.00   2.583100E-01
   68.00   2.635200E-01
   69.00   2.674000E-01
   70.00   2.699800E-01
   71.00   2.713000E-01
   72.00   2.714200E-01
   73.00   2.704300E-01
   74.00   2.683900E-01
   75.00   2.654100E-01
   76.00   2.615900E-01
   77.00   2.570200E-01
   78.00   2.518200E-01
   79.00   2.460800E-01
   80.00   2.399100E-01
   81.00   2.334200E-01
   82.00   2.267000E-01
   83.00   2.198300E-01
   84.00   2.129200E-01
   85.00   2.060400E-01
   86.00   1.992700E-01
   87.00   1.926700E-01
   88.00   1.863100E-01
   89.00   1.802400E-01
   90.00   1.745100E-01
   91.00   1.691500E-01
   92.00   1.642100E-01
   93.00   1.597200E-01
   94.00   1.556900E-01
   95.00   1.521500E-01
   96.00   1.491200E-01
   97.00   1.465900E-01
   98.00   1.445800E-01
   99.00   1.430900E-01
  100.00   1.421300E-01
  101.00   1.416800E-01
  102.00   1.417400E-01
  103.00   1.423200E-01
  104.00   1.433900E-01
  105.00   1.449600E-01
  106.00   1.470100E-01
  107.00   1.495400E-01
  108.00   1.525300E-01
  109.00   1.559800E-01
  110.00   1.598800E-01
  111.00   1.642200E-01
  112.00   1.689900E-01
  113.00   1.741700E-01
  114.00   1.797700E-01
  115.00   1.857800E-01
  116.00   1.921800E-01
  117.00   1.989600E-01
  118.00   2.061200E-01
  119.00   2.136500E-01
  120.00   2.215300E-01
  121.00   2.297600E-01
  122.00   2.383200E-01
  123.00   2.472000E-01
  124.00   2.563800E-01
  125.00   2.658400E-01
  126.00   2.755800E-01
  127.00   2.855700E-01
  128.00   2.957800E-01
  129.00   3.062000E-01
  130.00   3.168100E-01
  131.00   3.275700E-01
  132.00   3.384600E-01
  133.00   3.494500E-01
  134.00   3.605100E-01
  135.00   3.716100E-01
  136.00   3.827200E-01
  137.00   3.938100E-01
  138.00   4.048300E-01
  139.00   4.157700E-01
  140.00   4.265800E-01
  141.00   4.372300E-01
  142.00   4.476900E-01
  143.00   4.579300E-01
  144.00   4.679100E-01
  145.00   4.776200E-01
  146.00   4.870100E-01
  147.00   4.960800E-01
  148.00   5.047800E-01
  149.00   5.131100E-01
  150.00   5.210500E-01
  151.00   5.285700E-01
  152.00   5.356800E-01
  153.00   5.423600E-01
  154.00   5.486000E-01
  155.00   5.544100E-01
  156.00   5.597800E-01
  157.00   5.647200E-01
  158.00   5.692400E-01
  159.00   5.733400E-01
  160.00   5.770500E-01
  161.00   5.803700E-01
  162.00   5.833200E-01
  163.00   5.859200E-01
  164.00   5.881900E-01
  165.00   5.901600E-01
  166.00   5.918500E-01
  167.00   5.932800E-01
  168.00   5.944800E-01
  169.00   5.954800E-01
  170.00   5.962900E-01
  171.00   5.969400E-01
  172.00   5.974600E-01
  173.00   5.978600E-01
  174.00   5.981600E-01
  175.00   5.983900E-01
  176.00   5.985600E-01
  177.00   5.986700E-01
  178.00   5.987500E-01
  179.00   5.987900E-01
