 loop =          -1  is type =           0   0.00000000       7.00000000       0.00000000       1.30270004       0.00000000       0.00000000       0.00000000       0.00000000       0.00000000    
 loop =          -1  is type =           1   0.00000000       51.0485992       1.13240004      0.689999998       1.53149998       1.11039996      0.689999998       0.00000000       0.00000000    
 loop =          -1  is type =           2   0.00000000       0.00000000       0.00000000       0.00000000       8.22109985       1.11039996      0.689999998       0.00000000       0.00000000    
 loop =          -1  is type =           3   0.00000000       5.90000010      0.712700009      0.629999995       0.00000000       0.00000000       0.00000000       0.00000000       0.00000000    
 WOUT,ITER,FALLOC = F           0 F
