# KN1=   7
  0.0094041   0.0129   0.0000    0.002100  -0.0240
  0.0108633   0.0199   0.0000    0.002802  -0.0320
  0.0123225   0.0292   0.0000    0.003606  -0.0414
  0.0137817   0.0412   0.0000    0.004510  -0.0521
  0.0152409   0.0558   0.0000    0.005516  -0.0639
  0.0167001   0.0739   0.0000    0.006623  -0.0772
  0.0181593   0.0956   0.0000    0.007830  -0.0919
  0.0196184   0.1211   0.0000    0.009139  -0.1078
  0.0210776   0.1515   0.0000    0.010550  -0.1255
  0.0225368   0.1867   0.0000    0.012061  -0.1446
  0.0239960   0.2266   0.0000    0.013673  -0.1648
  0.0254552   0.2730   0.0000    0.015387  -0.1872
  0.0269144   0.3255   0.0000    0.017201  -0.2111
  0.0283736   0.3845   0.0000    0.019117  -0.2365
  0.0298328   0.4522   0.0000    0.021134  -0.2646
  0.0312920   0.5273   0.0000    0.023252  -0.2941
  0.0327512   0.6110   0.0000    0.025471  -0.3256
  0.0342104   0.7053   0.0000    0.027791  -0.3598
  0.0356696   0.8096   0.0000    0.030212  -0.3962
  0.0371288   0.9260   0.0000    0.032735  -0.4353
  0.0385880   1.0540   0.0000    0.035358  -0.4768
  0.0400471   1.1935   0.0000    0.038083  -0.5202
  0.0415063   1.3528   0.0000    0.040909  -0.5690
  0.0429655   1.5239   0.0000    0.043836  -0.6192
  0.0444247   1.7135   0.0000    0.046864  -0.6734
  0.0458839   1.9231   0.0000    0.049993  -0.7318
  0.0473431   2.1523   0.0000    0.053223  -0.7938
  0.0488023   2.4039   0.0000    0.056555  -0.8602
  0.0502615   2.6820   0.0000    0.059987  -0.9320
  0.0517207   2.9879   0.0000    0.063521  -1.0092
  0.0531799   3.3237   0.0000    0.067156  -1.0920
  0.0546391   3.6934   0.0000    0.070892  -1.1814
  0.0560983   4.1005   0.0000    0.074729  -1.2779
  0.0575575   4.5496   0.0000    0.078667  -1.3825
  0.0590167   5.0450   0.0000    0.082706  -1.4959
  0.0604758   5.5918   0.0000    0.086847  -1.6189
  0.0619350   6.1971   0.0000    0.091088  -1.7532
  0.0633942   6.8680   0.0000    0.095431  -1.9000
  0.0648534   7.6128   0.0000    0.099875  -2.0609
  0.0663126   8.4417   0.0000    0.104420  -2.2380
  0.0677718   9.3664   0.0000    0.109066  -2.4339
  0.0692310  10.4007   0.0000    0.113813  -2.6512
  0.0706902  11.5610   0.0000    0.118661  -2.8938
  0.0721494  12.8666   0.0000    0.123610  -3.1659
  0.0736086  14.3408   0.0000    0.128661  -3.4732
  0.0750678  16.0111   0.0000    0.133813  -3.8226
  0.0765270  17.9108   0.0000    0.139065  -4.2233
  0.0779862  20.0790   0.0000    0.144419  -4.6871
  0.0794454  22.5624   0.0000    0.149874  -5.2299
  0.0809045  25.4153   0.0000    0.155430  -5.8731
  0.0823637  28.7005   0.0000    0.161088  -6.6473
  0.0838229  32.4865   0.0000    0.166846  -7.5962
  0.0852821  36.8434   0.0000    0.172705  -8.7859
  0.0867413  41.8354   0.0000    0.178666 -10.3205
  0.0882005  47.5029   0.0000    0.184728 -12.3743
  0.0896597  53.8419   0.0000    0.190891 -15.2624
  0.0911189  60.7800   0.0000    0.197155 -19.6208
  0.0925781  68.1584   0.0000    0.203520 -26.9494
  0.0940373  75.7419   0.0000    0.209986 -41.8471
  0.0954965  83.2528   0.0000    0.216553 -88.5115
  0.0969557 -89.5709   0.0000    0.2232221377.1012
  0.0984149 -82.9281   0.0000    0.229991  81.9053
  0.0998741 -76.9321   0.0000    0.236862  43.1361
  0.1013332 -71.6174   0.0000    0.243834  29.6958
  0.1027924 -66.9620   0.0000    0.250907  22.8763
  0.1042516 -62.9110   0.0000    0.258081  18.7536
  0.1057108 -59.3959   0.0000    0.265356  15.9930
  0.1071700 -56.3464   0.0000    0.272732  14.0158
  0.1086292 -53.6967   0.0000    0.280210  12.5304
  0.1100884 -51.3884   0.0000    0.287788  11.3741
  0.1115476 -49.3711   0.0000    0.295468  10.4487
  0.1130068 -47.6022   0.0000    0.303249   9.6917
  0.1144660 -46.0452   0.0000    0.311131   9.0609
  0.1159252 -44.6703   0.0000    0.319114   8.5275
  0.1173844 -43.4521   0.0000    0.327198   8.0707
  0.1188436 -42.3702   0.0000    0.335383   7.6754
  0.1203028 -41.4058   0.0000    0.343669   7.3298
  0.1217619 -40.5443   0.0000    0.352057   7.0253
  0.1232211 -39.7731   0.0000    0.360546   6.7551
  0.1246803 -39.0814   0.0000    0.369135   6.5138
  0.1261395 -38.4603   0.0000    0.377826   6.2970
  0.1275987 -37.9016   0.0000    0.386618   6.1013
  0.1290579 -37.3982   0.0000    0.395511   5.9238
  0.1305171 -36.9445   0.0000    0.404506   5.7620
  0.1319763 -36.5359   0.0000    0.413601   5.6141
  0.1334355 -36.1673   0.0000    0.422798   5.4784
  0.1348947 -35.8352   0.0000    0.432095   5.3535
  0.1363539 -35.5359   0.0000    0.441494   5.2381
  0.1378131 -35.2666   0.0000    0.450994   5.1313
  0.1392723 -35.0246   0.0000    0.460595   5.0322
  0.1407315 -34.8075   0.0000    0.470297   4.9400
  0.1421906 -34.6132   0.0000    0.480100   4.8540
  0.1436498 -34.4399   0.0000    0.490005   4.7737
  0.1451090 -34.2859   0.0000    0.500010   4.6985
 &
