# 181 angles,  1 tensor ranks for 0=projectile
@subtitle   "7Li(d,p)8Li(bound) 7.45AMeV FR DWBA DA1p Watson"                               
@legend ON
@legend x1 0.2
@legend y1 0.8
@g0 type LOGY
@yaxis ticklabel format power
@legend string   0 "Lab energy =   14.5700"
#legend string   0 "Partition=  2 Excit=  1 near/far= 1"
#  Theta       sigma       iT11        T20         T21         T22         Kyy for projectile
   0.000       65.18    
   1.000       65.15    
   2.000       65.05    
   3.000       64.87    
   4.000       64.58    
   5.000       64.15    
   6.000       63.55    
   7.000       62.73    
   8.000       61.69    
   9.000       60.38    
   10.00       58.80    
   11.00       56.96    
   12.00       54.86    
   13.00       52.51    
   14.00       49.96    
   15.00       47.23    
   16.00       44.36    
   17.00       41.41    
   18.00       38.41    
   19.00       35.40    
   20.00       32.43    
   21.00       29.54    
   22.00       26.75    
   23.00       24.10    
   24.00       21.59    
   25.00       19.26    
   26.00       17.10    
   27.00       15.13    
   28.00       13.35    
   29.00       11.75    
   30.00       10.33    
   31.00       9.080    
   32.00       7.991    
   33.00       7.050    
   34.00       6.245    
   35.00       5.564    
   36.00       4.992    
   37.00       4.516    
   38.00       4.124    
   39.00       3.804    
   40.00       3.544    
   41.00       3.334    
   42.00       3.164    
   43.00       3.027    
   44.00       2.914    
   45.00       2.820    
   46.00       2.738    
   47.00       2.666    
   48.00       2.598    
   49.00       2.533    
   50.00       2.469    
   51.00       2.404    
   52.00       2.337    
   53.00       2.268    
   54.00       2.198    
   55.00       2.126    
   56.00       2.053    
   57.00       1.980    
   58.00       1.908    
   59.00       1.839    
   60.00       1.772    
   61.00       1.709    
   62.00       1.651    
   63.00       1.600    
   64.00       1.555    
   65.00       1.517    
   66.00       1.487    
   67.00       1.466    
   68.00       1.453    
   69.00       1.449    
   70.00       1.454    
   71.00       1.466    
   72.00       1.488    
   73.00       1.516    
   74.00       1.552    
   75.00       1.595    
   76.00       1.644    
   77.00       1.698    
   78.00       1.756    
   79.00       1.817    
   80.00       1.882    
   81.00       1.948    
   82.00       2.015    
   83.00       2.081    
   84.00       2.147    
   85.00       2.212    
   86.00       2.274    
   87.00       2.333    
   88.00       2.388    
   89.00       2.439    
   90.00       2.485    
   91.00       2.526    
   92.00       2.561    
   93.00       2.590    
   94.00       2.612    
   95.00       2.629    
   96.00       2.639    
   97.00       2.642    
   98.00       2.639    
   99.00       2.630    
   100.0       2.615    
   101.0       2.593    
   102.0       2.566    
   103.0       2.534    
   104.0       2.496    
   105.0       2.453    
   106.0       2.406    
   107.0       2.355    
   108.0       2.300    
   109.0       2.242    
   110.0       2.181    
   111.0       2.117    
   112.0       2.051    
   113.0       1.983    
   114.0       1.914    
   115.0       1.844    
   116.0       1.773    
   117.0       1.702    
   118.0       1.630    
   119.0       1.559    
   120.0       1.488    
   121.0       1.417    
   122.0       1.348    
   123.0       1.280    
   124.0       1.214    
   125.0       1.149    
   126.0       1.086    
   127.0       1.025    
   128.0      0.9662    
   129.0      0.9100    
   130.0      0.8564    
   131.0      0.8055    
   132.0      0.7577    
   133.0      0.7129    
   134.0      0.6714    
   135.0      0.6332    
   136.0      0.5985    
   137.0      0.5674    
   138.0      0.5399    
   139.0      0.5162    
   140.0      0.4962    
   141.0      0.4801    
   142.0      0.4678    
   143.0      0.4594    
   144.0      0.4548    
   145.0      0.4540    
   146.0      0.4568    
   147.0      0.4633    
   148.0      0.4733    
   149.0      0.4866    
   150.0      0.5031    
   151.0      0.5226    
   152.0      0.5449    
   153.0      0.5698    
   154.0      0.5971    
   155.0      0.6264    
   156.0      0.6576    
   157.0      0.6904    
   158.0      0.7245    
   159.0      0.7595    
   160.0      0.7953    
   161.0      0.8315    
   162.0      0.8679    
   163.0      0.9040    
   164.0      0.9398    
   165.0      0.9748    
   166.0       1.009    
   167.0       1.042    
   168.0       1.073    
   169.0       1.103    
   170.0       1.131    
   171.0       1.157    
   172.0       1.180    
   173.0       1.201    
   174.0       1.220    
   175.0       1.236    
   176.0       1.249    
   177.0       1.260    
   178.0       1.267    
   179.0       1.271    
   180.0       1.273    
 END
