# 181 angles,  1 tensor ranks for 0=projectile
@subtitle   "7Li(d,p)8Li(bound) 7.45AMeV FR DWBA DA1p Watson"                               
@legend ON
@legend x1 0.2
@legend y1 0.8
@g0 type LOGY
@yaxis ticklabel format power
@xaxis label "Scattering angle (degrees)"
@yaxis label "Cross section (mb/sr)"
@legend string   0 "Partition=  1 Excit=  1 near/far= 1"
#legend string   0 "Lab energy =   14.5700"
@s0 linestyle   1
#  Theta       sigma       iT11        T20         T21         T22         Kyy for projectile
  0.1000E-01  0.1569E+16
   1.000      0.1525E+08
   2.000      0.8808E+06
   3.000      0.1548E+06
   4.000      0.4265E+05
   5.000      0.1533E+05
   6.000       6868.    
   7.000       3847.    
   8.000       2666.    
   9.000       2170.    
   10.00       1938.    
   11.00       1808.    
   12.00       1712.    
   13.00       1623.    
   14.00       1532.    
   15.00       1434.    
   16.00       1332.    
   17.00       1225.    
   18.00       1117.    
   19.00       1010.    
   20.00       904.3    
   21.00       802.9    
   22.00       706.6    
   23.00       616.2    
   24.00       532.6    
   25.00       456.1    
   26.00       386.8    
   27.00       324.8    
   28.00       269.9    
   29.00       221.8    
   30.00       180.2    
   31.00       144.6    
   32.00       114.4    
   33.00       89.28    
   34.00       68.56    
   35.00       51.75    
   36.00       38.35    
   37.00       27.88    
   38.00       19.89    
   39.00       13.98    
   40.00       9.788    
   41.00       6.979    
   42.00       5.275    
   43.00       4.430    
   44.00       4.235    
   45.00       4.516    
   46.00       5.129    
   47.00       5.955    
   48.00       6.898    
   49.00       7.885    
   50.00       8.857    
   51.00       9.769    
   52.00       10.59    
   53.00       11.30    
   54.00       11.88    
   55.00       12.32    
   56.00       12.63    
   57.00       12.80    
   58.00       12.83    
   59.00       12.75    
   60.00       12.56    
   61.00       12.28    
   62.00       11.91    
   63.00       11.48    
   64.00       11.00    
   65.00       10.50    
   66.00       9.987    
   67.00       9.485    
   68.00       9.009    
   69.00       8.576    
   70.00       8.200    
   71.00       7.896    
   72.00       7.674    
   73.00       7.541    
   74.00       7.506    
   75.00       7.570    
   76.00       7.735    
   77.00       7.999    
   78.00       8.358    
   79.00       8.806    
   80.00       9.335    
   81.00       9.933    
   82.00       10.59    
   83.00       11.29    
   84.00       12.03    
   85.00       12.78    
   86.00       13.54    
   87.00       14.28    
   88.00       15.01    
   89.00       15.70    
   90.00       16.34    
   91.00       16.93    
   92.00       17.45    
   93.00       17.90    
   94.00       18.27    
   95.00       18.56    
   96.00       18.76    
   97.00       18.86    
   98.00       18.88    
   99.00       18.81    
   100.0       18.65    
   101.0       18.41    
   102.0       18.08    
   103.0       17.68    
   104.0       17.20    
   105.0       16.65    
   106.0       16.04    
   107.0       15.38    
   108.0       14.68    
   109.0       13.93    
   110.0       13.15    
   111.0       12.35    
   112.0       11.54    
   113.0       10.72    
   114.0       9.911    
   115.0       9.113    
   116.0       8.339    
   117.0       7.597    
   118.0       6.895    
   119.0       6.242    
   120.0       5.646    
   121.0       5.112    
   122.0       4.647    
   123.0       4.256    
   124.0       3.941    
   125.0       3.704    
   126.0       3.548    
   127.0       3.470    
   128.0       3.470    
   129.0       3.543    
   130.0       3.686    
   131.0       3.891    
   132.0       4.152    
   133.0       4.462    
   134.0       4.811    
   135.0       5.192    
   136.0       5.594    
   137.0       6.009    
   138.0       6.429    
   139.0       6.846    
   140.0       7.252    
   141.0       7.644    
   142.0       8.015    
   143.0       8.365    
   144.0       8.692    
   145.0       8.996    
   146.0       9.282    
   147.0       9.553    
   148.0       9.816    
   149.0       10.08    
   150.0       10.35    
   151.0       10.64    
   152.0       10.95    
   153.0       11.31    
   154.0       11.71    
   155.0       12.17    
   156.0       12.71    
   157.0       13.31    
   158.0       14.00    
   159.0       14.78    
   160.0       15.64    
   161.0       16.60    
   162.0       17.63    
   163.0       18.75    
   164.0       19.94    
   165.0       21.19    
   166.0       22.48    
   167.0       23.80    
   168.0       25.14    
   169.0       26.47    
   170.0       27.78    
   171.0       29.05    
   172.0       30.25    
   173.0       31.36    
   174.0       32.37    
   175.0       33.25    
   176.0       34.00    
   177.0       34.60    
   178.0       35.03    
   179.0       35.30    
   180.0       35.38    
 END
@legend string   1 "Partition=  2 Excit=  1 near/far= 1"
#legend string   0 "Lab energy =   14.5700"
@s1 linestyle   2
#  Theta       sigma       iT11        T20         T21         T22         Kyy for projectile
   0.000       65.18    
   1.000       65.15    
   2.000       65.05    
   3.000       64.87    
   4.000       64.58    
   5.000       64.15    
   6.000       63.55    
   7.000       62.73    
   8.000       61.69    
   9.000       60.38    
   10.00       58.80    
   11.00       56.96    
   12.00       54.86    
   13.00       52.51    
   14.00       49.96    
   15.00       47.23    
   16.00       44.36    
   17.00       41.41    
   18.00       38.41    
   19.00       35.40    
   20.00       32.43    
   21.00       29.54    
   22.00       26.75    
   23.00       24.10    
   24.00       21.59    
   25.00       19.26    
   26.00       17.10    
   27.00       15.13    
   28.00       13.35    
   29.00       11.75    
   30.00       10.33    
   31.00       9.080    
   32.00       7.991    
   33.00       7.050    
   34.00       6.245    
   35.00       5.564    
   36.00       4.992    
   37.00       4.516    
   38.00       4.124    
   39.00       3.804    
   40.00       3.544    
   41.00       3.334    
   42.00       3.164    
   43.00       3.027    
   44.00       2.914    
   45.00       2.820    
   46.00       2.738    
   47.00       2.666    
   48.00       2.598    
   49.00       2.533    
   50.00       2.469    
   51.00       2.404    
   52.00       2.337    
   53.00       2.268    
   54.00       2.198    
   55.00       2.126    
   56.00       2.053    
   57.00       1.980    
   58.00       1.908    
   59.00       1.839    
   60.00       1.772    
   61.00       1.709    
   62.00       1.651    
   63.00       1.600    
   64.00       1.555    
   65.00       1.517    
   66.00       1.487    
   67.00       1.466    
   68.00       1.453    
   69.00       1.449    
   70.00       1.454    
   71.00       1.466    
   72.00       1.488    
   73.00       1.516    
   74.00       1.552    
   75.00       1.595    
   76.00       1.644    
   77.00       1.698    
   78.00       1.756    
   79.00       1.817    
   80.00       1.882    
   81.00       1.948    
   82.00       2.015    
   83.00       2.081    
   84.00       2.147    
   85.00       2.212    
   86.00       2.274    
   87.00       2.333    
   88.00       2.388    
   89.00       2.439    
   90.00       2.485    
   91.00       2.526    
   92.00       2.561    
   93.00       2.590    
   94.00       2.612    
   95.00       2.629    
   96.00       2.639    
   97.00       2.642    
   98.00       2.639    
   99.00       2.630    
   100.0       2.615    
   101.0       2.593    
   102.0       2.566    
   103.0       2.534    
   104.0       2.496    
   105.0       2.453    
   106.0       2.406    
   107.0       2.355    
   108.0       2.300    
   109.0       2.242    
   110.0       2.181    
   111.0       2.117    
   112.0       2.051    
   113.0       1.983    
   114.0       1.914    
   115.0       1.844    
   116.0       1.773    
   117.0       1.702    
   118.0       1.630    
   119.0       1.559    
   120.0       1.488    
   121.0       1.417    
   122.0       1.348    
   123.0       1.280    
   124.0       1.214    
   125.0       1.149    
   126.0       1.086    
   127.0       1.025    
   128.0      0.9662    
   129.0      0.9100    
   130.0      0.8564    
   131.0      0.8055    
   132.0      0.7577    
   133.0      0.7129    
   134.0      0.6714    
   135.0      0.6332    
   136.0      0.5985    
   137.0      0.5674    
   138.0      0.5399    
   139.0      0.5162    
   140.0      0.4962    
   141.0      0.4801    
   142.0      0.4678    
   143.0      0.4594    
   144.0      0.4548    
   145.0      0.4540    
   146.0      0.4568    
   147.0      0.4633    
   148.0      0.4733    
   149.0      0.4866    
   150.0      0.5031    
   151.0      0.5226    
   152.0      0.5449    
   153.0      0.5698    
   154.0      0.5971    
   155.0      0.6264    
   156.0      0.6576    
   157.0      0.6904    
   158.0      0.7245    
   159.0      0.7595    
   160.0      0.7953    
   161.0      0.8315    
   162.0      0.8679    
   163.0      0.9040    
   164.0      0.9398    
   165.0      0.9748    
   166.0       1.009    
   167.0       1.042    
   168.0       1.073    
   169.0       1.103    
   170.0       1.131    
   171.0       1.157    
   172.0       1.180    
   173.0       1.201    
   174.0       1.220    
   175.0       1.236    
   176.0       1.249    
   177.0       1.260    
   178.0       1.267    
   179.0       1.271    
   180.0       1.273    
 END
@legend string   2 "Partition=  2 Excit=  2 near/far= 1"
#legend string   0 "Lab energy =   14.5700"
@s2 linestyle   3
#  Theta       sigma       iT11        T20         T21         T22         Kyy for projectile
   0.000       58.18    
   1.000       58.05    
   2.000       57.67    
   3.000       57.03    
   4.000       56.14    
   5.000       55.00    
   6.000       53.61    
   7.000       51.99    
   8.000       50.15    
   9.000       48.10    
   10.00       45.87    
   11.00       43.49    
   12.00       40.99    
   13.00       38.40    
   14.00       35.76    
   15.00       33.10    
   16.00       30.46    
   17.00       27.86    
   18.00       25.33    
   19.00       22.90    
   20.00       20.59    
   21.00       18.41    
   22.00       16.38    
   23.00       14.49    
   24.00       12.76    
   25.00       11.19    
   26.00       9.773    
   27.00       8.505    
   28.00       7.381    
   29.00       6.391    
   30.00       5.527    
   31.00       4.780    
   32.00       4.139    
   33.00       3.593    
   34.00       3.132    
   35.00       2.746    
   36.00       2.426    
   37.00       2.162    
   38.00       1.946    
   39.00       1.770    
   40.00       1.628    
   41.00       1.513    
   42.00       1.419    
   43.00       1.342    
   44.00       1.278    
   45.00       1.224    
   46.00       1.176    
   47.00       1.133    
   48.00       1.093    
   49.00       1.054    
   50.00       1.016    
   51.00      0.9781    
   52.00      0.9399    
   53.00      0.9014    
   54.00      0.8627    
   55.00      0.8241    
   56.00      0.7861    
   57.00      0.7489    
   58.00      0.7132    
   59.00      0.6794    
   60.00      0.6479    
   61.00      0.6193    
   62.00      0.5939    
   63.00      0.5722    
   64.00      0.5544    
   65.00      0.5407    
   66.00      0.5314    
   67.00      0.5265    
   68.00      0.5261    
   69.00      0.5301    
   70.00      0.5384    
   71.00      0.5508    
   72.00      0.5672    
   73.00      0.5873    
   74.00      0.6107    
   75.00      0.6370    
   76.00      0.6661    
   77.00      0.6973    
   78.00      0.7303    
   79.00      0.7647    
   80.00      0.8001    
   81.00      0.8361    
   82.00      0.8722    
   83.00      0.9080    
   84.00      0.9432    
   85.00      0.9774    
   86.00       1.010    
   87.00       1.042    
   88.00       1.071    
   89.00       1.098    
   90.00       1.123    
   91.00       1.146    
   92.00       1.165    
   93.00       1.182    
   94.00       1.196    
   95.00       1.208    
   96.00       1.216    
   97.00       1.221    
   98.00       1.224    
   99.00       1.223    
   100.0       1.220    
   101.0       1.214    
   102.0       1.205    
   103.0       1.194    
   104.0       1.181    
   105.0       1.165    
   106.0       1.148    
   107.0       1.128    
   108.0       1.106    
   109.0       1.083    
   110.0       1.058    
   111.0       1.032    
   112.0       1.004    
   113.0      0.9757    
   114.0      0.9461    
   115.0      0.9157    
   116.0      0.8846    
   117.0      0.8529    
   118.0      0.8208    
   119.0      0.7883    
   120.0      0.7557    
   121.0      0.7230    
   122.0      0.6903    
   123.0      0.6578    
   124.0      0.6256    
   125.0      0.5938    
   126.0      0.5624    
   127.0      0.5317    
   128.0      0.5017    
   129.0      0.4725    
   130.0      0.4442    
   131.0      0.4170    
   132.0      0.3909    
   133.0      0.3659    
   134.0      0.3423    
   135.0      0.3200    
   136.0      0.2991    
   137.0      0.2798    
   138.0      0.2619    
   139.0      0.2457    
   140.0      0.2310    
   141.0      0.2180    
   142.0      0.2066    
   143.0      0.1969    
   144.0      0.1888    
   145.0      0.1823    
   146.0      0.1773    
   147.0      0.1739    
   148.0      0.1720    
   149.0      0.1714    
   150.0      0.1722    
   151.0      0.1742    
   152.0      0.1773    
   153.0      0.1815    
   154.0      0.1867    
   155.0      0.1926    
   156.0      0.1993    
   157.0      0.2066    
   158.0      0.2145    
   159.0      0.2227    
   160.0      0.2312    
   161.0      0.2400    
   162.0      0.2488    
   163.0      0.2576    
   164.0      0.2663    
   165.0      0.2749    
   166.0      0.2832    
   167.0      0.2912    
   168.0      0.2988    
   169.0      0.3060    
   170.0      0.3127    
   171.0      0.3189    
   172.0      0.3246    
   173.0      0.3296    
   174.0      0.3340    
   175.0      0.3378    
   176.0      0.3409    
   177.0      0.3433    
   178.0      0.3451    
   179.0      0.3461    
   180.0      0.3465    
 END
@legend string   3 "Partition=  2 Excit=  3 near/far= 1"
#legend string   0 "Lab energy =   14.5700"
@s3 linestyle   4
#  Theta       sigma       iT11        T20         T21         T22         Kyy for projectile
   0.000       164.1    
   1.000       163.5    
   2.000       161.7    
   3.000       158.7    
   4.000       154.6    
   5.000       149.4    
   6.000       143.3    
   7.000       136.4    
   8.000       128.8    
   9.000       120.7    
   10.00       112.4    
   11.00       104.1    
   12.00       95.73    
   13.00       87.60    
   14.00       79.75    
   15.00       72.24    
   16.00       65.11    
   17.00       58.38    
   18.00       52.07    
   19.00       46.19    
   20.00       40.75    
   21.00       35.76    
   22.00       31.23    
   23.00       27.14    
   24.00       23.51    
   25.00       20.29    
   26.00       17.48    
   27.00       15.03    
   28.00       12.92    
   29.00       11.10    
   30.00       9.541    
   31.00       8.217    
   32.00       7.096    
   33.00       6.155    
   34.00       5.371    
   35.00       4.721    
   36.00       4.187    
   37.00       3.748    
   38.00       3.389    
   39.00       3.094    
   40.00       2.851    
   41.00       2.648    
   42.00       2.477    
   43.00       2.330    
   44.00       2.202    
   45.00       2.087    
   46.00       1.983    
   47.00       1.885    
   48.00       1.790    
   49.00       1.699    
   50.00       1.608    
   51.00       1.519    
   52.00       1.431    
   53.00       1.345    
   54.00       1.261    
   55.00       1.179    
   56.00       1.101    
   57.00       1.027    
   58.00      0.9570    
   59.00      0.8930    
   60.00      0.8351    
   61.00      0.7839    
   62.00      0.7400    
   63.00      0.7038    
   64.00      0.6755    
   65.00      0.6552    
   66.00      0.6430    
   67.00      0.6386    
   68.00      0.6420    
   69.00      0.6528    
   70.00      0.6707    
   71.00      0.6953    
   72.00      0.7260    
   73.00      0.7622    
   74.00      0.8034    
   75.00      0.8490    
   76.00      0.8983    
   77.00      0.9508    
   78.00       1.006    
   79.00       1.063    
   80.00       1.121    
   81.00       1.179    
   82.00       1.237    
   83.00       1.294    
   84.00       1.350    
   85.00       1.403    
   86.00       1.455    
   87.00       1.504    
   88.00       1.551    
   89.00       1.595    
   90.00       1.637    
   91.00       1.674    
   92.00       1.708    
   93.00       1.738    
   94.00       1.763    
   95.00       1.784    
   96.00       1.800    
   97.00       1.812    
   98.00       1.820    
   99.00       1.825    
   100.0       1.827    
   101.0       1.825    
   102.0       1.820    
   103.0       1.812    
   104.0       1.801    
   105.0       1.785    
   106.0       1.767    
   107.0       1.745    
   108.0       1.719    
   109.0       1.691    
   110.0       1.661    
   111.0       1.628    
   112.0       1.593    
   113.0       1.557    
   114.0       1.520    
   115.0       1.481    
   116.0       1.441    
   117.0       1.399    
   118.0       1.357    
   119.0       1.312    
   120.0       1.267    
   121.0       1.220    
   122.0       1.173    
   123.0       1.125    
   124.0       1.077    
   125.0       1.030    
   126.0      0.9823    
   127.0      0.9355    
   128.0      0.8893    
   129.0      0.8439    
   130.0      0.7995    
   131.0      0.7560    
   132.0      0.7138    
   133.0      0.6729    
   134.0      0.6335    
   135.0      0.5958    
   136.0      0.5598    
   137.0      0.5257    
   138.0      0.4934    
   139.0      0.4630    
   140.0      0.4345    
   141.0      0.4081    
   142.0      0.3837    
   143.0      0.3614    
   144.0      0.3412    
   145.0      0.3231    
   146.0      0.3070    
   147.0      0.2929    
   148.0      0.2807    
   149.0      0.2701    
   150.0      0.2612    
   151.0      0.2538    
   152.0      0.2479    
   153.0      0.2433    
   154.0      0.2400    
   155.0      0.2378    
   156.0      0.2366    
   157.0      0.2362    
   158.0      0.2364    
   159.0      0.2370    
   160.0      0.2381    
   161.0      0.2393    
   162.0      0.2408    
   163.0      0.2425    
   164.0      0.2442    
   165.0      0.2461    
   166.0      0.2479    
   167.0      0.2496    
   168.0      0.2512    
   169.0      0.2527    
   170.0      0.2539    
   171.0      0.2549    
   172.0      0.2558    
   173.0      0.2565    
   174.0      0.2572    
   175.0      0.2577    
   176.0      0.2582    
   177.0      0.2587    
   178.0      0.2590    
   179.0      0.2592    
   180.0      0.2593    
 END
@legend string   4 "Partition=  2 Excit=  4 near/far= 1"
#legend string   0 "Lab energy =   14.5700"
@s4 linestyle   5
#  Theta       sigma       iT11        T20         T21         T22         Kyy for projectile
   0.000       162.7    
   1.000       162.1    
   2.000       160.3    
   3.000       157.1    
   4.000       152.7    
   5.000       147.1    
   6.000       140.3    
   7.000       132.6    
   8.000       124.2    
   9.000       115.4    
   10.00       106.5    
   11.00       97.81    
   12.00       89.46    
   13.00       81.59    
   14.00       74.20    
   15.00       67.28    
   16.00       60.77    
   17.00       54.61    
   18.00       48.78    
   19.00       43.26    
   20.00       38.09    
   21.00       33.29    
   22.00       28.92    
   23.00       25.00    
   24.00       21.53    
   25.00       18.52    
   26.00       15.92    
   27.00       13.69    
   28.00       11.77    
   29.00       10.13    
   30.00       8.726    
   31.00       7.524    
   32.00       6.502    
   33.00       5.643    
   34.00       4.927    
   35.00       4.338    
   36.00       3.857    
   37.00       3.465    
   38.00       3.143    
   39.00       2.877    
   40.00       2.654    
   41.00       2.466    
   42.00       2.304    
   43.00       2.165    
   44.00       2.043    
   45.00       1.935    
   46.00       1.836    
   47.00       1.744    
   48.00       1.654    
   49.00       1.566    
   50.00       1.479    
   51.00       1.392    
   52.00       1.307    
   53.00       1.224    
   54.00       1.143    
   55.00       1.065    
   56.00      0.9911    
   57.00      0.9209    
   58.00      0.8552    
   59.00      0.7946    
   60.00      0.7401    
   61.00      0.6921    
   62.00      0.6513    
   63.00      0.6179    
   64.00      0.5919    
   65.00      0.5734    
   66.00      0.5621    
   67.00      0.5580    
   68.00      0.5609    
   69.00      0.5705    
   70.00      0.5867    
   71.00      0.6089    
   72.00      0.6366    
   73.00      0.6692    
   74.00      0.7061    
   75.00      0.7469    
   76.00      0.7910    
   77.00      0.8382    
   78.00      0.8881    
   79.00      0.9399    
   80.00      0.9929    
   81.00       1.046    
   82.00       1.098    
   83.00       1.149    
   84.00       1.197    
   85.00       1.244    
   86.00       1.288    
   87.00       1.331    
   88.00       1.372    
   89.00       1.413    
   90.00       1.451    
   91.00       1.487    
   92.00       1.520    
   93.00       1.548    
   94.00       1.571    
   95.00       1.589    
   96.00       1.601    
   97.00       1.610    
   98.00       1.615    
   99.00       1.618    
   100.0       1.619    
   101.0       1.619    
   102.0       1.618    
   103.0       1.614    
   104.0       1.607    
   105.0       1.597    
   106.0       1.582    
   107.0       1.563    
   108.0       1.540    
   109.0       1.513    
   110.0       1.484    
   111.0       1.453    
   112.0       1.422    
   113.0       1.390    
   114.0       1.359    
   115.0       1.327    
   116.0       1.294    
   117.0       1.260    
   118.0       1.225    
   119.0       1.188    
   120.0       1.148    
   121.0       1.107    
   122.0       1.064    
   123.0       1.021    
   124.0      0.9769    
   125.0      0.9336    
   126.0      0.8910    
   127.0      0.8492    
   128.0      0.8083    
   129.0      0.7683    
   130.0      0.7291    
   131.0      0.6909    
   132.0      0.6537    
   133.0      0.6178    
   134.0      0.5832    
   135.0      0.5502    
   136.0      0.5188    
   137.0      0.4888    
   138.0      0.4602    
   139.0      0.4330    
   140.0      0.4071    
   141.0      0.3828    
   142.0      0.3601    
   143.0      0.3391    
   144.0      0.3200    
   145.0      0.3027    
   146.0      0.2872    
   147.0      0.2734    
   148.0      0.2611    
   149.0      0.2501    
   150.0      0.2404    
   151.0      0.2320    
   152.0      0.2250    
   153.0      0.2194    
   154.0      0.2152    
   155.0      0.2121    
   156.0      0.2101    
   157.0      0.2088    
   158.0      0.2080    
   159.0      0.2074    
   160.0      0.2070    
   161.0      0.2068    
   162.0      0.2067    
   163.0      0.2068    
   164.0      0.2072    
   165.0      0.2079    
   166.0      0.2086    
   167.0      0.2094    
   168.0      0.2101    
   169.0      0.2105    
   170.0      0.2108    
   171.0      0.2107    
   172.0      0.2106    
   173.0      0.2104    
   174.0      0.2104    
   175.0      0.2104    
   176.0      0.2106    
   177.0      0.2109    
   178.0      0.2112    
   179.0      0.2115    
   180.0      0.2116    
 END
@legend string   5 "Partition=  2 Excit=  5 near/far= 1"
#legend string   0 "Lab energy =   14.5700"
@s5 linestyle   1
#  Theta       sigma       iT11        T20         T21         T22         Kyy for projectile
   0.000       225.2    
   1.000       225.5    
   2.000       226.7    
   3.000       229.5    
   4.000       235.0    
   5.000       244.2    
   6.000       257.2    
   7.000       272.4    
   8.000       285.5    
   9.000       291.3    
   10.00       285.0    
   11.00       264.4    
   12.00       231.3    
   13.00       190.8    
   14.00       149.3    
   15.00       112.7    
   16.00       84.36    
   17.00       65.04    
   18.00       53.36    
   19.00       47.05    
   20.00       43.81    
   21.00       41.76    
   22.00       39.55    
   23.00       36.37    
   24.00       31.99    
   25.00       26.77    
   26.00       21.53    
   27.00       17.16    
   28.00       14.23    
   29.00       12.77    
   30.00       12.30    
   31.00       12.15    
   32.00       11.80    
   33.00       11.04    
   34.00       9.973    
   35.00       8.865    
   36.00       7.974    
   37.00       7.476    
   38.00       7.422    
   39.00       7.754    
   40.00       8.312    
   41.00       8.876    
   42.00       9.230    
   43.00       9.233    
   44.00       8.874    
   45.00       8.263    
   46.00       7.568    
   47.00       6.944    
   48.00       6.477    
   49.00       6.175    
   50.00       5.994    
   51.00       5.866    
   52.00       5.725    
   53.00       5.519    
   54.00       5.223    
   55.00       4.845    
   56.00       4.421    
   57.00       3.997    
   58.00       3.610    
   59.00       3.275    
   60.00       2.983    
   61.00       2.719    
   62.00       2.471    
   63.00       2.237    
   64.00       2.019    
   65.00       1.822    
   66.00       1.647    
   67.00       1.498    
   68.00       1.375    
   69.00       1.270    
   70.00       1.175    
   71.00       1.077    
   72.00      0.9702    
   73.00      0.8596    
   74.00      0.7558    
   75.00      0.6696    
   76.00      0.6064    
   77.00      0.5662    
   78.00      0.5470    
   79.00      0.5460    
   80.00      0.5574    
   81.00      0.5709    
   82.00      0.5736    
   83.00      0.5578    
   84.00      0.5267    
   85.00      0.4927    
   86.00      0.4681    
   87.00      0.4573    
   88.00      0.4560    
   89.00      0.4589    
   90.00      0.4659    
   91.00      0.4814    
   92.00      0.5061    
   93.00      0.5309    
   94.00      0.5418    
   95.00      0.5323    
   96.00      0.5119    
   97.00      0.5018    
   98.00      0.5190    
   99.00      0.5614    
   100.0      0.6087    
   101.0      0.6373    
   102.0      0.6378    
   103.0      0.6187    
   104.0      0.5963    
   105.0      0.5791    
   106.0      0.5646    
   107.0      0.5486    
   108.0      0.5386    
   109.0      0.5548    
   110.0      0.6164    
   111.0      0.7220    
   112.0      0.8434    
   113.0      0.9379    
   114.0      0.9720    
   115.0      0.9387    
   116.0      0.8576    
   117.0      0.7605    
   118.0      0.6748    
   119.0      0.6160    
   120.0      0.5889    
   121.0      0.5935    
   122.0      0.6276    
   123.0      0.6855    
   124.0      0.7577    
   125.0      0.8338    
   126.0      0.9065    
   127.0      0.9731    
   128.0       1.033    
   129.0       1.085    
   130.0       1.121    
   131.0       1.136    
   132.0       1.129    
   133.0       1.100    
   134.0       1.057    
   135.0       1.007    
   136.0      0.9557    
   137.0      0.9093    
   138.0      0.8741    
   139.0      0.8551    
   140.0      0.8532    
   141.0      0.8639    
   142.0      0.8804    
   143.0      0.8977    
   144.0      0.9154    
   145.0      0.9365    
   146.0      0.9646    
   147.0       1.002    
   148.0       1.048    
   149.0       1.103    
   150.0       1.164    
   151.0       1.227    
   152.0       1.284    
   153.0       1.323    
   154.0       1.339    
   155.0       1.336    
   156.0       1.322    
   157.0       1.308    
   158.0       1.300    
   159.0       1.299    
   160.0       1.303    
   161.0       1.310    
   162.0       1.318    
   163.0       1.325    
   164.0       1.328    
   165.0       1.322    
   166.0       1.309    
   167.0       1.294    
   168.0       1.285    
   169.0       1.285    
   170.0       1.292    
   171.0       1.297    
   172.0       1.298    
   173.0       1.297    
   174.0       1.298    
   175.0       1.303    
   176.0       1.309    
   177.0       1.308    
   178.0       1.300    
   179.0       1.289    
   180.0       1.285    
 END
