# 181 angles,  1 tensor ranks for 0=projectile
@subtitle   "7Li(d,p)8Li(bound) 7.45AMeV FR DWBA DA1p Watson"                               
@legend ON
@legend x1 0.2
@legend y1 0.8
@g0 type LOGY
@yaxis ticklabel format power
@legend string   0 "Lab energy =   14.5700"
#legend string   0 "Partition=  2 Excit=  2 near/far= 1"
#  Theta       sigma       iT11        T20         T21         T22         Kyy for projectile
   0.000       58.18    
   1.000       58.05    
   2.000       57.67    
   3.000       57.03    
   4.000       56.14    
   5.000       55.00    
   6.000       53.61    
   7.000       51.99    
   8.000       50.15    
   9.000       48.10    
   10.00       45.87    
   11.00       43.49    
   12.00       40.99    
   13.00       38.40    
   14.00       35.76    
   15.00       33.10    
   16.00       30.46    
   17.00       27.86    
   18.00       25.33    
   19.00       22.90    
   20.00       20.59    
   21.00       18.41    
   22.00       16.38    
   23.00       14.49    
   24.00       12.76    
   25.00       11.19    
   26.00       9.773    
   27.00       8.505    
   28.00       7.381    
   29.00       6.391    
   30.00       5.527    
   31.00       4.780    
   32.00       4.139    
   33.00       3.593    
   34.00       3.132    
   35.00       2.746    
   36.00       2.426    
   37.00       2.162    
   38.00       1.946    
   39.00       1.770    
   40.00       1.628    
   41.00       1.513    
   42.00       1.419    
   43.00       1.342    
   44.00       1.278    
   45.00       1.224    
   46.00       1.176    
   47.00       1.133    
   48.00       1.093    
   49.00       1.054    
   50.00       1.016    
   51.00      0.9781    
   52.00      0.9399    
   53.00      0.9014    
   54.00      0.8627    
   55.00      0.8241    
   56.00      0.7861    
   57.00      0.7489    
   58.00      0.7132    
   59.00      0.6794    
   60.00      0.6479    
   61.00      0.6193    
   62.00      0.5939    
   63.00      0.5722    
   64.00      0.5544    
   65.00      0.5407    
   66.00      0.5314    
   67.00      0.5265    
   68.00      0.5261    
   69.00      0.5301    
   70.00      0.5384    
   71.00      0.5508    
   72.00      0.5672    
   73.00      0.5873    
   74.00      0.6107    
   75.00      0.6370    
   76.00      0.6661    
   77.00      0.6973    
   78.00      0.7303    
   79.00      0.7647    
   80.00      0.8001    
   81.00      0.8361    
   82.00      0.8722    
   83.00      0.9080    
   84.00      0.9432    
   85.00      0.9774    
   86.00       1.010    
   87.00       1.042    
   88.00       1.071    
   89.00       1.098    
   90.00       1.123    
   91.00       1.146    
   92.00       1.165    
   93.00       1.182    
   94.00       1.196    
   95.00       1.208    
   96.00       1.216    
   97.00       1.221    
   98.00       1.224    
   99.00       1.223    
   100.0       1.220    
   101.0       1.214    
   102.0       1.205    
   103.0       1.194    
   104.0       1.181    
   105.0       1.165    
   106.0       1.148    
   107.0       1.128    
   108.0       1.106    
   109.0       1.083    
   110.0       1.058    
   111.0       1.032    
   112.0       1.004    
   113.0      0.9757    
   114.0      0.9461    
   115.0      0.9157    
   116.0      0.8846    
   117.0      0.8529    
   118.0      0.8208    
   119.0      0.7883    
   120.0      0.7557    
   121.0      0.7230    
   122.0      0.6903    
   123.0      0.6578    
   124.0      0.6256    
   125.0      0.5938    
   126.0      0.5624    
   127.0      0.5317    
   128.0      0.5017    
   129.0      0.4725    
   130.0      0.4442    
   131.0      0.4170    
   132.0      0.3909    
   133.0      0.3659    
   134.0      0.3423    
   135.0      0.3200    
   136.0      0.2991    
   137.0      0.2798    
   138.0      0.2619    
   139.0      0.2457    
   140.0      0.2310    
   141.0      0.2180    
   142.0      0.2066    
   143.0      0.1969    
   144.0      0.1888    
   145.0      0.1823    
   146.0      0.1773    
   147.0      0.1739    
   148.0      0.1720    
   149.0      0.1714    
   150.0      0.1722    
   151.0      0.1742    
   152.0      0.1773    
   153.0      0.1815    
   154.0      0.1867    
   155.0      0.1926    
   156.0      0.1993    
   157.0      0.2066    
   158.0      0.2145    
   159.0      0.2227    
   160.0      0.2312    
   161.0      0.2400    
   162.0      0.2488    
   163.0      0.2576    
   164.0      0.2663    
   165.0      0.2749    
   166.0      0.2832    
   167.0      0.2912    
   168.0      0.2988    
   169.0      0.3060    
   170.0      0.3127    
   171.0      0.3189    
   172.0      0.3246    
   173.0      0.3296    
   174.0      0.3340    
   175.0      0.3378    
   176.0      0.3409    
   177.0      0.3433    
   178.0      0.3451    
   179.0      0.3461    
   180.0      0.3465    
 END
