           6           1           1
    0.5+     1 1   3.629       0.000      0.2070E-01  0.3021      0.5714E-02  0.5224E-02  0.2518E-01   3.270    
    0.5+     1 2   3.629       0.000      0.7827E-02  0.5267      0.1143E-02  0.1045E-02  0.5035E-02   3.087    
    0.5+     3 3   4.972       0.000      0.1329      0.1369      0.2320E-01  0.2196E-01  0.7989E-01   4.577    
    0.5-     0 1   5.619       0.000      0.1354      0.1132       0.000       0.000       0.000       5.371    
    0.5-     2 2   5.522       0.000      0.8833E-01  0.6560E-01  0.1197      0.1087      0.2509       4.889    
    0.5-     2 3   5.522       0.000      0.5694E-01  0.1581      0.6805E-01  0.6174E-01  0.1249       5.052    
    1.5+     1 1   7.258       0.000      0.3126E-01  0.3554E-01  0.9106E-01  0.8395E-01  0.2639       6.753    
    1.5+     1 2   7.258       0.000      0.8745      0.2635      0.5977E-01  0.5504E-01  0.1842       5.821    
    1.5+     1 3   7.258       0.000      0.8770       2.092      0.8771E-02  0.8030E-02  0.3645E-01   4.236    
    1.5+     3 4   9.943       0.000      0.3084      0.6846E-01  0.9549E-01  0.8869E-01  0.1509       9.232    
    1.5+     3 5   9.943       0.000      0.1714      0.5478      0.2219E-01  0.2110E-01  0.8021E-01   9.101    
    1.5-     0 1   11.24       0.000      0.2334      0.1546      0.1095      0.1003      0.1739       10.47    
    1.5-     2 2   11.04       0.000      0.2818      0.1104      0.1895      0.1708      0.3436       9.948    
    1.5-     2 3   11.04       0.000      0.3607      0.6798      0.1353      0.1228      0.2570       9.488    
    1.5-     2 4   11.04       0.000      0.3460      0.8640      0.3582E-01  0.3239E-01  0.6173E-01   9.704    
    1.5-     4 5   8.231       0.000      0.4104E-01  0.9445E-01  0.2350E-01  0.2040E-01  0.5077E-01   8.001    
    2.5+     1 1   10.89       0.000      0.2510      0.2095E-01  0.8523      0.7511      0.3230       8.689    
    2.5+     1 2   10.89       0.000       4.563      0.1449E-01  0.3494      0.3072      0.1137       5.539    
    2.5+     3 3   14.92       0.000      0.2118      0.2477      0.2925      0.2710      0.2792       13.61    
    2.5+     3 4   14.92       0.000      0.8540      0.8844      0.9394E-01  0.8770E-01  0.1552       12.84    
    2.5+     3 5   14.92       0.000       1.039       3.183      0.5061E-01  0.4637E-01  0.3965E-01   10.56    
    2.5+     5 6   15.71       0.000      0.1555      0.1673      0.3203E-01  0.2913E-01  0.6250E-01   15.26    
    2.5-     0 1   16.86       0.000      0.2445      0.4267E-01  0.3980      0.3615      0.6470       15.16    
    2.5-     2 2   16.57       0.000      0.3072      0.1791      0.2669      0.2355      0.2936       15.28    
    2.5-     2 3   16.57       0.000       1.619      0.7445E-01  0.2626      0.2350      0.3961       13.98    
    2.5-     2 4   16.57       0.000       1.506       1.618      0.1638      0.1462      0.2227       12.91    
    2.5-     4 5   12.35       0.000      0.1048      0.6188E-02  0.8961E-01  0.8509E-01  0.2634       11.80    
    2.5-     4 6   12.35       0.000      0.7237E-01  0.3019      0.1915E-01  0.1672E-01  0.4296E-01   11.89    
    3.5+     1 1   14.52       0.000      0.1738E-01  0.6185E-02   3.492       3.061      0.2995       7.641    
    3.5+     3 2   19.89       0.000      0.4183      0.7439E-01  0.5362      0.4976      0.4562       17.90    
    3.5+     3 3   19.89       0.000       1.936      0.8415E-01  0.5022      0.4669      0.4924       16.41    
    3.5+     3 4   19.89       0.000       4.489       4.257      0.4851      0.4421      0.1801       10.03    
    3.5+     5 5   20.95       0.000      0.2119      0.9810E-02  0.1255      0.1168      0.2515       20.23    
    3.5+     5 6   20.95       0.000      0.2067      0.5227      0.2643E-01  0.2412E-01  0.5174E-01   20.11    
    3.5-     2 1   22.09       0.000      0.2179      0.1522       1.085      0.9487      0.8607       18.82    
    3.5-     2 2   22.09       0.000       3.683      0.6185E-01  0.6796      0.5968      0.6136       16.45    
    3.5-     4 3   16.46       0.000      0.8779E-01  0.1433      0.2456      0.2385      0.7664       14.98    
    3.5-     4 4   16.46       0.000      0.2297      0.3884      0.1020      0.9773E-01  0.3119       15.33    
    3.5-     4 5   16.46       0.000      0.1038      0.4839      0.2518E-01  0.2425E-01  0.8778E-01   15.74    
    3.5-     6 6   4.518       0.000      0.1661      0.1780      0.4597E-01  0.4261E-01  0.9488E-01   3.991    
    4.5+     3 1   24.86       0.000      0.1374      0.2393E-01   2.171       2.020       1.936       18.57    
    4.5+     3 2   24.86       0.000       8.637      0.6633E-02   2.589       2.357      0.7027       10.57    
    4.5+     5 3   26.18       0.000      0.6938E-01  0.2323      0.2968      0.2775      0.5980       24.71    
    4.5+     5 4   26.18       0.000      0.5972      0.5391      0.1467      0.1367      0.2944       24.47    
    4.5+     5 5   26.18       0.000      0.3968       1.109      0.4056E-01  0.3777E-01  0.8127E-01   24.52    
    4.5+     7 6  0.3657       0.000      0.7213E-01  0.8221E-01  0.2918E-01  0.2752E-01  0.7159E-01  0.8309E-01
    4.5-     2 1   27.61       0.000      0.2042      0.7361E-01   2.734       2.382       1.859       20.36    
    4.5-     4 2   20.58       0.000      0.1345      0.4197E-01  0.3952      0.3860       1.246       18.37    
    4.5-     4 3   20.58       0.000      0.4199      0.3498E-01  0.4580      0.4467       1.456       17.76    
    4.5-     4 4   20.58       0.000      0.2541      0.5669      0.1843      0.1814      0.6891       18.70    
    4.5-     6 5   5.648       0.000      0.1934      0.9303E-02  0.1633      0.1542      0.3619       4.766    
    4.5-     6 6   5.648       0.000      0.2167      0.5411      0.3794E-01  0.3530E-01  0.7947E-01   4.737    
    5.5+     3 1   29.83       0.000      0.4162E-01  0.1044E-01   9.880       8.989       2.419       8.489    
    5.5+     5 2   31.42       0.000      0.2626      0.2102E-01  0.4148      0.3883      0.8369       29.50    
    5.5+     5 3   31.42       0.000      0.9060      0.7668E-01  0.5518      0.5162       1.113       28.26    
    5.5+     5 4   31.42       0.000       1.239       1.155      0.2724      0.2547      0.5484       27.95    
    5.5+     7 5  0.4389       0.000      0.7661E-01  0.4532E-02  0.9395E-01  0.9045E-01  0.2476     -0.7421E-01
    5.5+     7 6  0.4389       0.000      0.9363E-01  0.2457      0.2400E-01  0.2275E-01  0.5992E-01 -0.7090E-02
    5.5-     4 1   24.69       0.000      0.6760E-01  0.2671E-01   1.614       1.579       5.119       16.29    
    5.5-     4 2   24.69       0.000      0.4264      0.5717E-02  0.8102      0.8024       3.086       19.56    
    5.5-     6 3   6.777       0.000      0.5162E-01  0.2447      0.3466      0.3285      0.7787       5.027    
    5.5-     6 4   6.777       0.000      0.5499      0.5000      0.1901      0.1797      0.4236       4.934    
    5.5-     6 5   6.777       0.000      0.3720       1.081      0.5140E-01  0.4855E-01  0.1140       5.111    
    5.5-     8 6  0.2657E-01   0.000      0.2992E-01  0.3561E-01  0.1541E-01  0.1474E-01  0.4076E-01 -0.1099    
    6.5+     5 1   36.66       0.000      0.9678E-01  0.9755E-02   1.644       1.539       3.317       30.05    
    6.5+     5 2   36.66       0.000       1.895      0.1761E-02   1.086       1.017       2.190       30.47    
    6.5+     7 3  0.5120       0.000      0.1912E-01  0.1131      0.1841      0.1780      0.4921     -0.4744    
    6.5+     7 4  0.5120       0.000      0.2170      0.2107      0.1088      0.1050      0.2886     -0.4181    
    6.5+     7 5  0.5120       0.000      0.1503      0.4728      0.2926E-01  0.2818E-01  0.7721E-01 -0.2457    
    6.5+     9 6  0.1833E-02   0.000      0.1244E-01  0.1544E-01  0.7753E-02  0.7480E-02  0.2282E-01 -0.6409E-01
    6.5-     4 1   28.81       0.000      0.4545E-01  0.1091E-01   2.683       2.661       10.27       13.14    
    6.5-     6 2   7.907       0.000      0.2505      0.1771E-01  0.4423      0.4196      0.9976       5.779    
    6.5-     6 3   7.907       0.000      0.7550      0.8805E-01  0.6364      0.6035       1.433       4.391    
    6.5-     6 4   7.907       0.000       1.077       1.052      0.3157      0.2992      0.7091       4.454    
    6.5-     8 5  0.3100E-01   0.000      0.2947E-01  0.2164E-02  0.4699E-01  0.4582E-01  0.1321     -0.2256    
    6.5-     8 6  0.3100E-01   0.000      0.3864E-01  0.1052      0.1272E-01  0.1223E-01  0.3420E-01 -0.1720    
    7.5+     5 1   41.89       0.000      0.1703E-01  0.3916E-02   3.305       3.094       6.665       28.81    
    7.5+     7 2  0.5852       0.000      0.1026      0.8263E-02  0.2202      0.2131      0.5909     -0.5499    
    7.5+     7 3  0.5852       0.000      0.2780      0.4330E-01  0.3350      0.3241      0.8976      -1.293    
    7.5+     7 4  0.5852       0.000      0.4102      0.4387      0.1678      0.1623      0.4487      -1.043    
    7.5+     9 5  0.2094E-02   0.000      0.1153E-01  0.1035E-02  0.2284E-01  0.2253E-01  0.6906E-01 -0.1249    
    7.5+     9 6  0.2094E-02   0.000      0.1600E-01  0.4520E-01  0.6434E-02  0.6247E-02  0.1908E-01 -0.9087E-01
    7.5-     6 1   9.036       0.000      0.9825E-01  0.8695E-02   1.715       1.627       3.870       1.717    
    7.5-     6 2   9.036       0.000       1.548      0.1377E-02   1.168       1.108       2.634       2.577    
    7.5-     8 3  0.3543E-01   0.000      0.6744E-02  0.4891E-01  0.8725E-01  0.8540E-01  0.2483     -0.4412    
    7.5-     8 4  0.3543E-01   0.000      0.8393E-01  0.8537E-01  0.5439E-01  0.5313E-01  0.1538     -0.3952    
    7.5-     8 5  0.3543E-01   0.000      0.5932E-01  0.1975      0.1462E-01  0.1426E-01  0.4113E-01 -0.2914    
    7.5-    10 6  0.1187E-03   0.000      0.5143E-02  0.6680E-02  0.3809E-02  0.3710E-02  0.1225E-01 -0.3147E-01
    8.5+     7 1  0.6583       0.000      0.4271E-01  0.4458E-02  0.8403      0.8136       2.257      -3.300    
    8.5+     7 2  0.6583       0.000      0.5634      0.6369E-03  0.5876      0.5688       1.577      -2.639    
    8.5+     9 3  0.2356E-02   0.000      0.2431E-02  0.2117E-01  0.4077E-01  0.4039E-01  0.1239     -0.2263    
    8.5+     9 4  0.2356E-02   0.000      0.3308E-01  0.3518E-01  0.2645E-01  0.2614E-01  0.8017E-01 -0.1987    
    8.5+     9 5  0.2356E-02   0.000      0.2377E-01  0.8343E-01  0.7115E-02  0.7019E-02  0.2152E-01 -0.1405    
    8.5+    11 6  0.7271E-05   0.000      0.2111E-02  0.2882E-02  0.1841E-02  0.1820E-02  0.7567E-02 -0.1621E-01
    8.5-     6 1   10.17       0.000      0.1405E-01  0.3437E-02   3.342       3.171       7.541      -3.905    
    8.5-     8 2  0.3985E-01   0.000      0.4061E-01  0.3291E-02  0.9956E-01  0.9757E-01  0.2844     -0.4856    
    8.5-     8 3  0.3985E-01   0.000      0.1021      0.1952E-01  0.1579      0.1546      0.4503     -0.8446    
    8.5-     8 4  0.3985E-01   0.000      0.1554      0.1765      0.7995E-01  0.7826E-01  0.2276     -0.6779    
    8.5-    10 5  0.1335E-03   0.000      0.4536E-02  0.4885E-03  0.1091E-01  0.1083E-01  0.3661E-01 -0.6324E-01
    8.5-    10 6  0.1335E-03   0.000      0.6592E-02  0.1943E-01  0.3175E-02  0.3110E-02  0.1034E-01 -0.4252E-01
    9.5+     7 1  0.7315       0.000      0.6030E-02  0.1742E-02   1.605       1.554       4.313      -6.749    
    9.5+     9 2  0.2618E-02   0.000      0.1628E-01  0.1296E-02  0.4490E-01  0.4453E-01  0.1367     -0.2411    
    9.5+     9 3  0.2618E-02   0.000      0.3867E-01  0.8709E-02  0.7349E-01  0.7286E-01  0.2236     -0.4147    
    9.5+     9 4  0.2618E-02   0.000      0.6039E-01  0.7235E-01  0.3757E-01  0.3722E-01  0.1142     -0.3192    
    9.5+    11 5  0.8079E-05   0.000      0.1788E-02  0.2272E-03  0.5178E-02  0.5246E-02  0.1758E-01 -0.3001E-01
    9.5+    11 6  0.8079E-05   0.000      0.2700E-02  0.8337E-02  0.1543E-02  0.1538E-02  0.5997E-02 -0.2011E-01
    9.5-     8 1  0.4428E-01   0.000      0.1747E-01  0.1836E-02  0.3758      0.3684       1.074      -1.794    
    9.5-     8 2  0.4428E-01   0.000      0.2061      0.2414E-03  0.2687      0.2633      0.7676      -1.462    
    9.5-    10 3  0.1483E-03   0.000      0.8919E-03  0.9145E-02  0.1887E-01  0.1880E-01  0.6390E-01 -0.1115    
    9.5-    10 4  0.1483E-03   0.000      0.1311E-01  0.1463E-01  0.1263E-01  0.1256E-01  0.4258E-01 -0.9537E-01
    9.5-    10 5  0.1483E-03   0.000      0.9557E-02  0.3538E-01  0.3405E-02  0.3381E-02  0.1144E-01 -0.6301E-01
    9.5-    12 6  0.4287E-06   0.000      0.8612E-03  0.1241E-02  0.8768E-03  0.8717E-03  0.4124E-02 -0.7974E-02
   10.5+     9 1  0.2880E-02   0.000      0.7158E-02  0.7361E-03  0.1681      0.1668      0.5120     -0.8518    
   10.5+     9 2  0.2880E-02   0.000      0.7786E-01  0.9044E-04  0.1223      0.1214      0.3725     -0.6913    
   10.5+    11 3  0.8887E-05   0.000      0.3314E-03  0.3941E-02  0.8745E-02  0.8903E-02  0.2842E-01 -0.5033E-01
   10.5+    11 4  0.8887E-05   0.000      0.5200E-02  0.6114E-02  0.6003E-02  0.6096E-02  0.1997E-01 -0.4337E-01
   10.5+    11 5  0.8887E-05   0.000      0.3838E-02  0.1502E-01  0.1621E-02  0.1643E-02  0.5497E-02 -0.2761E-01
   10.5+    13 6  0.2472E-07   0.000      0.3496E-03  0.5328E-03  0.4183E-03  0.4333E-03  0.3957E-02 -0.5691E-02
   10.5-     8 1  0.4871E-01   0.000      0.2242E-02  0.7112E-03  0.7085      0.6946       2.026      -3.384    
   10.5-    10 2  0.1631E-03   0.000      0.6542E-02  0.5133E-03  0.2020E-01  0.2015E-01  0.6857E-01 -0.1158    
   10.5-    10 3  0.1631E-03   0.000      0.1485E-01  0.3850E-02  0.3390E-01  0.3382E-01  0.1150     -0.2013    
   10.5-    10 4  0.1631E-03   0.000      0.2369E-01  0.2994E-01  0.1748E-01  0.1742E-01  0.5921E-01 -0.1476    
   10.5-    12 5  0.4716E-06   0.000      0.7051E-03  0.1042E-03  0.2426E-02  0.2465E-02  0.1079E-01 -0.1649E-01
   10.5-    12 6  0.4716E-06   0.000      0.1099E-02  0.3573E-02  0.7381E-03  0.7391E-03  0.3411E-02 -0.9559E-02
   11.5+     9 1  0.3142E-02   0.000      0.8297E-03  0.2832E-03  0.3137      0.3113      0.9558      -1.579    
   11.5+    11 2  0.9695E-05   0.000      0.2626E-02  0.2050E-03  0.9150E-02  0.9329E-02  0.2934E-01 -0.5064E-01
   11.5+    11 3  0.9695E-05   0.000      0.5740E-02  0.1690E-02  0.1568E-01  0.1598E-01  0.5053E-01 -0.8960E-01
   11.5+    11 4  0.9695E-05   0.000      0.9322E-02  0.1246E-01  0.8142E-02  0.8290E-02  0.2645E-01 -0.6465E-01
   11.5+    13 5  0.2697E-07   0.000      0.2782E-03  0.4729E-04  0.1142E-02  0.1204E-02  0.5347E-02 -0.8019E-02
   11.5+    13 6  0.2697E-07   0.000      0.4457E-03  0.1529E-02  0.3535E-03  0.3683E-03  0.2779E-02 -0.5475E-02
   11.5-    10 1  0.1780E-03   0.000      0.2924E-02  0.2953E-03  0.7510E-01  0.7495E-01  0.2552     -0.4083    
   11.5-    10 2  0.1780E-03   0.000      0.2984E-01  0.3427E-04  0.5548E-01  0.5536E-01  0.1884     -0.3289    
   11.5-    12 3  0.5145E-06   0.000      0.1244E-03  0.1694E-02  0.4016E-02  0.4099E-02  0.1766E-01 -0.2759E-01
   11.5-    12 4  0.5145E-06   0.000      0.2063E-02  0.2563E-02  0.2814E-02  0.2866E-02  0.1245E-01 -0.2276E-01
   11.5-    12 5  0.5145E-06   0.000      0.1538E-02  0.6379E-02  0.7619E-03  0.7744E-03  0.3389E-02 -0.1284E-01
   11.5-    14 6  0.1410E-08   0.000      0.1414E-03  0.2285E-03  0.1976E-03  0.2250E-03  0.6868E-02 -0.7660E-02
   12.5+    11 1  0.1050E-04   0.000      0.1189E-02  0.1191E-03  0.3385E-01  0.3452E-01  0.1082     -0.1778    
   12.5+    11 2  0.1050E-04   0.000      0.1152E-01  0.1317E-04  0.2531E-01  0.2581E-01  0.8117E-01 -0.1438    
   12.5+    13 3  0.2922E-07   0.000      0.4707E-04  0.7272E-03  0.1860E-02  0.1967E-02  0.6910E-02 -0.1151E-01
   12.5+    13 4  0.2922E-07   0.000      0.8180E-03  0.1077E-02  0.1326E-02  0.1400E-02  0.5577E-02 -0.1020E-01
   12.5+    13 5  0.2922E-07   0.000      0.6156E-03  0.2710E-02  0.3598E-03  0.3793E-03  0.1674E-02 -0.5739E-02
   12.5+    15 6  0.8011E-10   0.000      0.5703E-04  0.9787E-04  0.9314E-04  0.1077E-03  0.3493E-02 -0.3849E-02
   12.5-    10 1  0.1928E-03   0.000      0.3095E-03  0.1130E-03  0.1391      0.1388      0.4726     -0.7508    
   12.5-    12 2  0.5574E-06   0.000      0.1052E-02  0.8249E-04  0.4123E-02  0.4213E-02  0.1807E-01 -0.2754E-01
   12.5-    12 3  0.5574E-06   0.000      0.2229E-02  0.7372E-03  0.7186E-02  0.7341E-02  0.3153E-01 -0.4902E-01
   12.5-    12 4  0.5574E-06   0.000      0.3674E-02  0.5201E-02  0.3755E-02  0.3833E-02  0.1651E-01 -0.3298E-01
   12.5-    14 5  0.1528E-08   0.000      0.1098E-03  0.2126E-04  0.5373E-03  0.5930E-03  0.5952E-02 -0.7213E-02
   12.5-    14 6  0.1528E-08   0.000      0.1801E-03  0.6536E-03  0.1680E-03  0.1892E-03  0.4469E-02 -0.5660E-02
   13.5+    11 1  0.1131E-04   0.000      0.1164E-03  0.4538E-04  0.6227E-01  0.6352E-01  0.1988     -0.3248    
   13.5+    13 2  0.3146E-07   0.000      0.4208E-03  0.3343E-04  0.1879E-02  0.1989E-02  0.6444E-02 -0.1077E-01
   13.5+    13 3  0.3146E-07   0.000      0.8683E-03  0.3203E-03  0.3323E-02  0.3517E-02  0.1173E-01 -0.1975E-01
   13.5+    13 4  0.3146E-07   0.000      0.1450E-02  0.2178E-02  0.1746E-02  0.1847E-02  0.6474E-02 -0.1369E-01
   13.5+    15 5  0.8631E-10   0.000      0.4334E-04  0.9486E-05  0.2497E-03  0.2804E-03  0.2974E-02 -0.3557E-02
   13.5+    15 6  0.8631E-10   0.000      0.7255E-04  0.2792E-03  0.7929E-04  0.9076E-04  0.2264E-02 -0.2785E-02
   13.5-    12 1  0.6002E-06   0.000      0.4817E-03  0.4832E-04  0.1518E-01  0.1552E-01  0.6646E-01 -0.9769E-01
   13.5-    12 2  0.6002E-06   0.000      0.4469E-02  0.5124E-05  0.1147E-01  0.1173E-01  0.5027E-01 -0.7795E-01
   13.5-    14 3  0.1645E-08   0.000      0.1792E-04  0.3116E-03  0.8635E-03  0.9470E-03  0.5491E-02 -0.7631E-02
   13.5-    14 4  0.1645E-08   0.000      0.3243E-03  0.4535E-03  0.6245E-03  0.6871E-03  0.5451E-02 -0.7541E-02
   13.5-    14 5  0.1645E-08   0.000      0.2460E-03  0.1151E-02  0.1697E-03  0.1872E-03  0.1860E-02 -0.3614E-02
   13.5-    16 6  0.5186E-11   0.000      0.2294E-04  0.4188E-04  0.4609E-04  0.7785E-04  0.1422E-01 -0.1441E-01
   14.5+    13 1  0.3371E-07   0.000      0.1944E-03  0.1972E-04  0.6893E-02  0.7300E-02  0.2311E-01 -0.3752E-01
   14.5+    13 2  0.3371E-07   0.000      0.1739E-02  0.2016E-05  0.5256E-02  0.5565E-02  0.1802E-01 -0.3058E-01
   14.5+    15 3  0.9247E-10   0.000      0.6861E-05  0.1334E-03  0.3960E-03  0.4421E-03  0.2694E-02 -0.3673E-02
   14.5+    15 4  0.9247E-10   0.000      0.1285E-03  0.1911E-03  0.2903E-03  0.3250E-03  0.2712E-02 -0.3647E-02
   14.5+    15 5  0.9247E-10   0.000      0.9819E-04  0.4892E-03  0.7905E-04  0.8876E-04  0.9330E-03 -0.1688E-02
   14.5+    17 6 -0.1400E-11   0.000      0.9212E-05  0.1791E-04  0.2201E-04  0.4739E-04  0.1129E-01 -0.1139E-01
   14.5-    12 1  0.6431E-06   0.000      0.4407E-04  0.1834E-04  0.2778E-01  0.2840E-01  0.1216     -0.1778    
   14.5-    14 2  0.1763E-08   0.000      0.1681E-03  0.1362E-04  0.8609E-03  0.9424E-03  0.4273E-02 -0.6258E-02
   14.5-    14 3  0.1763E-08   0.000      0.3390E-03  0.1387E-03  0.1541E-02  0.1688E-02  0.8384E-02 -0.1209E-01
   14.5-    14 4  0.1763E-08   0.000      0.5722E-03  0.9137E-03  0.8136E-03  0.8922E-03  0.5147E-02 -0.8338E-02
   14.5-    16 5  0.5577E-11   0.000      0.1712E-04  0.4207E-05  0.1227E-03  0.1688E-03  0.8382E-02 -0.8695E-02
   14.5-    16 6  0.5577E-11   0.000      0.2916E-04  0.1192E-03  0.3937E-04  0.6209E-04  0.8776E-02 -0.9026E-02
   15.5+    13 1  0.3596E-07   0.000      0.1678E-04  0.7460E-05  0.1255E-01  0.1330E-01  0.4188E-01 -0.6776E-01
   15.5+    15 2  0.9864E-10   0.000      0.6708E-04  0.5578E-05  0.3901E-03  0.4347E-03  0.2063E-02 -0.2961E-02
   15.5+    15 3  0.9864E-10   0.000      0.1326E-03  0.5987E-04  0.7059E-03  0.7871E-03  0.4095E-02 -0.5781E-02
   15.5+    15 4  0.9864E-10   0.000      0.2259E-03  0.3840E-03  0.3743E-03  0.4179E-03  0.2535E-02 -0.3937E-02
   15.5+    17 5 -0.1493E-11   0.000      0.6760E-05  0.1856E-05  0.5750E-04  0.8611E-04  0.6715E-02 -0.6867E-02
   15.5+    17 6 -0.1493E-11   0.000      0.1170E-04  0.5086E-04  0.1877E-04  0.3599E-04  0.6961E-02 -0.7079E-02
   15.5-    14 1  0.1880E-08   0.000      0.7825E-04  0.8078E-05  0.3148E-02  0.3445E-02  0.1444E-01 -0.2112E-01
   15.5-    14 2  0.1880E-08   0.000      0.6783E-03  0.8002E-06  0.2419E-02  0.2648E-02  0.1199E-01 -0.1773E-01
   15.5-    16 3  0.5883E-11   0.000      0.2638E-05  0.5705E-04  0.1926E-03  0.2529E-03  0.3973E-02 -0.4478E-02
   15.5-    16 4  0.5883E-11   0.000      0.5094E-04  0.8067E-04  0.1427E-03  0.1918E-03  0.6302E-02 -0.6768E-02
   15.5-    16 5  0.5883E-11   0.000      0.3916E-04  0.2079E-03  0.3893E-04  0.5351E-04  0.2625E-02 -0.2965E-02
   15.5-    18 6  0.1098E-12   0.000      0.3693E-05  0.7649E-05  0.1086E-04  0.2361E-04  0.1027E-01 -0.1032E-01
   16.5+    15 1  0.1048E-09   0.000      0.3142E-04  0.3324E-05  0.1423E-02  0.1585E-02  0.6938E-02 -0.9980E-02
   16.5+    15 2  0.1048E-09   0.000      0.2651E-03  0.3201E-06  0.1101E-02  0.1226E-02  0.5812E-02 -0.8404E-02
   16.5+    17 3 -0.1586E-11   0.000      0.1018E-05  0.2438E-04  0.8921E-04  0.1218E-03  0.3321E-02 -0.3558E-02
   16.5+    17 4 -0.1586E-11   0.000      0.2018E-04  0.3408E-04  0.6683E-04  0.9559E-04  0.5094E-02 -0.5311E-02
   16.5+    17 5 -0.1586E-11   0.000      0.1560E-04  0.8835E-04  0.1828E-04  0.2734E-04  0.2111E-02 -0.2261E-02
   16.5+    19 6  0.1050E-11   0.000      0.1478E-05  0.3267E-05  0.6460E-05  0.3247E-04  0.2559E-01 -0.2563E-01
   16.5-    14 1  0.1998E-08   0.000      0.6421E-05  0.3048E-05  0.5711E-02  0.6248E-02  0.2573E-01 -0.3769E-01
   16.5-    16 2  0.6298E-11   0.000      0.2674E-04  0.2296E-05  0.1878E-03  0.2431E-03  0.1218E-02 -0.1678E-02
   16.5-    16 3  0.6298E-11   0.000      0.5195E-04  0.2580E-04  0.3429E-03  0.4462E-03  0.3853E-02 -0.4720E-02
   16.5-    16 4  0.6298E-11   0.000      0.8926E-04  0.1616E-03  0.1826E-03  0.2397E-03  0.3719E-02 -0.4392E-02
   16.5-    18 5  0.1166E-12   0.000      0.2671E-05  0.8152E-06  0.2834E-04  0.4848E-04  0.5976E-02 -0.6057E-02
   16.5-    18 6  0.1166E-12   0.000      0.4688E-05  0.2168E-04  0.9299E-05  0.1864E-04  0.6302E-02 -0.6356E-02
   17.5+    15 1  0.1110E-09   0.000      0.2467E-05  0.1251E-05  0.2571E-02  0.2864E-02  0.1232E-01 -0.1776E-01
   17.5+    17 2 -0.1630E-11   0.000      0.1065E-04  0.9468E-06  0.8613E-04  0.1143E-03  0.1168E-02 -0.1380E-02
   17.5+    17 3 -0.1630E-11   0.000      0.2038E-04  0.1110E-04  0.1586E-03  0.2126E-03  0.3403E-02 -0.3806E-02
   17.5+    17 4 -0.1630E-11   0.000      0.3527E-04  0.6811E-04  0.8479E-04  0.1158E-03  0.3124E-02 -0.3428E-02
   17.5+    19 5  0.1161E-11   0.000      0.1055E-05  0.3569E-06  0.1589E-04  0.4436E-04  0.1498E-01 -0.1504E-01
   17.5+    19 6  0.1161E-11   0.000      0.1876E-05  0.9247E-05  0.5435E-05  0.2299E-04  0.1568E-01 -0.1572E-01
   17.5-    16 1  0.6668E-11   0.000      0.1260E-04  0.1374E-05  0.6830E-03  0.8810E-03  0.1798E-02 -0.3376E-02
   17.5-    16 2  0.6668E-11   0.000      0.1038E-03  0.1290E-06  0.5316E-03  0.6883E-03  0.3413E-02 -0.4737E-02
   17.5-    18 3  0.1235E-12   0.000      0.3939E-06  0.1041E-04  0.4365E-04  0.7066E-04  0.2827E-02 -0.2952E-02
   17.5-    18 4  0.1235E-12   0.000      0.7997E-05  0.1440E-04  0.3297E-04  0.5484E-04  0.4479E-02 -0.4589E-02
   17.5-    18 5  0.1235E-12   0.000      0.6213E-05  0.3754E-04  0.9030E-05  0.1543E-04  0.1885E-02 -0.1953E-02
   17.5-    20 6 -0.2470E-12   0.000      0.5912E-06  0.1394E-05  0.2824E-05  0.1222E-04  0.1256E-01 -0.1258E-01
   18.5+    17 1 -0.1773E-11   0.000      0.5043E-05  0.5686E-06  0.3126E-03  0.4114E-03  0.2214E-02 -0.2944E-02
   18.5+    17 2 -0.1773E-11   0.000      0.4067E-04  0.5220E-07  0.2446E-03  0.3245E-03  0.3293E-02 -0.3902E-02
   18.5+    19 3  0.1225E-11   0.000      0.1528E-06  0.4446E-05  0.2402E-04  0.5574E-04  0.7313E-02 -0.7398E-02
   18.5+    19 4  0.1225E-11   0.000      0.3168E-05  0.6093E-05  0.1838E-04  0.4687E-04  0.1130E-01 -0.1138E-01
   18.5+    19 5  0.1225E-11   0.000      0.2473E-05  0.1596E-04  0.5070E-05  0.1413E-04  0.4739E-02 -0.4776E-02
   18.5+    21 6  0.4432E-12   0.000      0.2362E-06  0.5940E-06  0.1909E-05  0.5726E-05  0.1040E-01 -0.1041E-01
   18.5-    16 1  0.7039E-11   0.000      0.9507E-06  0.5162E-06  0.1231E-02  0.1586E-02  0.2249E-02 -0.5067E-02
   18.5-    18 2  0.1303E-12   0.000      0.4240E-05  0.3932E-06  0.4182E-04  0.6654E-04  0.8913E-03 -0.1004E-02
   18.5-    18 3  0.1303E-12   0.000      0.8001E-05  0.4767E-05  0.7758E-04  0.1242E-03  0.2769E-02 -0.2983E-02
   18.5-    18 4  0.1303E-12   0.000      0.1394E-04  0.2872E-04  0.4159E-04  0.6730E-04  0.2667E-02 -0.2818E-02
   18.5-    20 5 -0.2607E-12   0.000      0.4170E-06  0.1557E-06  0.7134E-05  0.1883E-04  0.7275E-02 -0.7302E-02
   18.5-    20 6 -0.2607E-12   0.000      0.7499E-06  0.3940E-05  0.2408E-05  0.8923E-05  0.7677E-02 -0.7693E-02
   19.5+    17 1 -0.1921E-11   0.000      0.3675E-06  0.2132E-06  0.5617E-03  0.7379E-03  0.3227E-02 -0.4527E-02
   19.5+    19 2  0.1235E-11   0.000      0.1687E-05  0.1638E-06  0.2277E-04  0.4959E-04  0.2546E-02 -0.2621E-02
   19.5+    19 3  0.1235E-11   0.000      0.3144E-05  0.2046E-05  0.4257E-04  0.9470E-04  0.7463E-02 -0.7605E-02
   19.5+    19 4  0.1235E-11   0.000      0.5512E-05  0.1212E-04  0.2294E-04  0.5317E-04  0.6925E-02 -0.7019E-02
   19.5+    21 5  0.4665E-12   0.000      0.1648E-06  0.6770E-07  0.4417E-05  0.1459E-04  0.7282E-02 -0.7301E-02
   19.5+    21 6  0.4665E-12   0.000      0.2995E-06  0.1677E-05  0.1582E-05  0.4913E-05  0.6505E-02 -0.6514E-02
   19.5-    18 1  0.1372E-12   0.000      0.2016E-05  0.2369E-06  0.1515E-03  0.2399E-03  0.1424E-02 -0.1818E-02
   19.5-    18 2  0.1372E-12   0.000      0.1596E-04  0.2131E-07  0.1191E-03  0.1895E-03  0.2519E-02 -0.2843E-02
   19.5-    20 3 -0.1646E-12   0.000      0.5942E-07  0.1897E-05  0.1079E-04  0.2478E-04  0.3489E-02 -0.3527E-02
   19.5-    20 4 -0.1646E-12   0.000      0.1255E-05  0.2578E-05  0.8286E-05  0.2040E-04  0.5461E-02 -0.5493E-02
   19.5-    20 5 -0.1646E-12   0.000      0.9836E-06  0.6780E-05  0.2281E-05  0.6010E-05  0.2307E-02 -0.2323E-02
   19.5-    22 6 -0.3842E-12   0.000      0.9429E-07  0.2534E-06  0.1123E-05  0.7393E-05  0.1985E-01 -0.1985E-01
   20.5+    19 1  0.1297E-11   0.000      0.8054E-06  0.9899E-07  0.8229E-04  0.1759E-03  0.4827E-02 -0.5086E-02
   20.5+    19 2  0.1297E-11   0.000      0.6267E-05  0.8742E-08  0.6503E-04  0.1416E-03  0.7228E-02 -0.7441E-02
   20.5+    21 3  0.4898E-12   0.000      0.2314E-07  0.8082E-06  0.6524E-05  0.2199E-04  0.5197E-02 -0.5226E-02
   20.5+    21 4  0.4898E-12   0.000      0.4972E-06  0.1090E-05  0.5085E-05  0.1697E-04  0.6147E-02 -0.6170E-02
   20.5+    21 5  0.4898E-12   0.000      0.3911E-06  0.2878E-05  0.1414E-05  0.4672E-05  0.2319E-02 -0.2328E-02
   20.5+    23 6 -0.7492E-12   0.000      0.3762E-07  0.1078E-06  0.8714E-06  0.3405E-05  0.4077E-02 -0.4081E-02
   20.5-    18 1  0.1441E-12   0.000      0.1424E-06  0.8869E-07  0.2715E-03  0.4297E-03  0.1891E-02 -0.2593E-02
   20.5-    20 2 -0.1729E-12   0.000      0.6710E-06  0.6813E-07  0.1018E-04  0.2234E-04  0.1172E-02 -0.1205E-02
   20.5-    20 3 -0.1729E-12   0.000      0.1237E-05  0.8768E-06  0.1913E-04  0.4262E-04  0.3506E-02 -0.3570E-02
   20.5-    20 4 -0.1729E-12   0.000      0.2180E-05  0.5120E-05  0.1032E-04  0.2369E-04  0.3313E-02 -0.3354E-02
   20.5-    22 5 -0.5186E-12   0.000      0.6517E-07  0.2941E-07  0.2837E-05  0.1441E-04  0.1290E-01 -0.1292E-01
   20.5-    22 6 -0.5186E-12   0.000      0.1195E-06  0.7144E-06  0.9633E-06  0.5798E-05  0.1228E-01 -0.1228E-01
   21.5+    19 1  0.1419E-11   0.000      0.5528E-07  0.3700E-07  0.1471E-03  0.3134E-03  0.7043E-02 -0.7504E-02
   21.5+    21 2  0.5433E-12   0.000      0.2667E-06  0.2889E-07  0.6088E-05  0.2065E-04  0.3262E-02 -0.3289E-02
   21.5+    21 3  0.5433E-12   0.000      0.4868E-06  0.3752E-06  0.1152E-04  0.3900E-04  0.7154E-02 -0.7205E-02
   21.5+    21 4  0.5433E-12   0.000      0.8620E-06  0.2161E-05  0.6253E-05  0.2108E-04  0.4963E-02 -0.4993E-02
   21.5+    23 5 -0.7848E-12   0.000      0.2577E-07  0.1272E-07  0.1304E-05  0.5718E-05  0.3288E-02 -0.3295E-02
   21.5+    23 6 -0.7848E-12   0.000      0.4766E-07  0.3035E-06  0.6338E-06  0.2557E-05  0.2602E-02 -0.2605E-02
   21.5-    20 1 -0.2415E-12   0.000      0.3215E-06  0.4126E-07  0.3675E-04  0.7960E-04  0.2119E-02 -0.2236E-02
   21.5-    20 2 -0.2415E-12   0.000      0.2464E-05  0.3583E-08  0.2914E-04  0.6393E-04  0.3335E-02 -0.3431E-02
   21.5-    22 3 -0.4830E-12   0.000      0.9030E-08  0.3448E-06  0.4250E-05  0.2031E-04  0.8162E-02 -0.8187E-02
   21.5-    22 4 -0.4830E-12   0.000      0.1970E-06  0.4619E-06  0.3300E-05  0.1624E-04  0.1047E-01 -0.1049E-01
   21.5-    22 5 -0.4830E-12   0.000      0.1555E-06  0.1224E-05  0.9099E-06  0.4619E-05  0.4115E-02 -0.4121E-02
   21.5-    24 6 -0.1207E-12   0.000      0.1500E-07  0.4563E-07  0.3120E-05  0.2523E-04  0.1571E-02 -0.1600E-02
   22.5+    21 1  0.5365E-12   0.000      0.1282E-06  0.1754E-07  0.2191E-04  0.7444E-04  0.1015E-01 -0.1024E-01
   22.5+    21 2  0.5365E-12   0.000      0.9690E-06  0.1500E-08  0.1746E-04  0.5922E-04  0.9341E-02 -0.9418E-02
   22.5+    23 3 -0.8205E-12   0.000      0.3527E-08  0.1466E-06  0.1679E-05  0.7673E-05  0.2824E-02 -0.2834E-02
   22.5+    23 4 -0.8205E-12   0.000      0.7803E-07  0.1952E-06  0.1409E-05  0.6305E-05  0.2974E-02 -0.2982E-02
   22.5+    23 5 -0.8205E-12   0.000      0.6179E-07  0.5187E-06  0.4183E-06  0.1835E-05  0.1052E-02 -0.1055E-02
   22.5+    25 6 -0.1262E-12   0.000      0.5975E-08  0.1944E-07  0.1877E-05  0.1449E-04  0.2461E-02 -0.2478E-02
   22.5-    20 1 -0.1893E-12   0.000      0.2150E-07  0.1540E-07  0.6559E-04  0.1417E-03  0.3024E-02 -0.3231E-02
   22.5-    22 2 -0.4418E-12   0.000      0.1060E-06  0.1221E-07  0.3968E-05  0.1860E-04  0.4509E-02 -0.4532E-02
   22.5-    22 3 -0.4418E-12   0.000      0.1917E-06  0.1607E-06  0.7532E-05  0.3553E-04  0.1047E-01 -0.1051E-01
   22.5-    22 4 -0.4418E-12   0.000      0.3410E-06  0.9142E-06  0.4081E-05  0.1949E-04  0.7805E-02 -0.7829E-02
   22.5-    24 5 -0.1262E-12   0.000      0.1019E-07  0.5466E-08  0.2323E-05  0.1865E-04  0.3943E-02 -0.3964E-02
   22.5-    24 6 -0.1262E-12   0.000      0.1900E-07  0.1284E-06  0.1965E-05  0.1587E-04  0.1352E-02 -0.1370E-02
   23.5+    21 1  0.5598E-12   0.000      0.8373E-08  0.6542E-08  0.3902E-04  0.1326E-03  0.1751E-01 -0.1768E-01
   23.5+    23 2 -0.9220E-12   0.000      0.4212E-07  0.5071E-08  0.1487E-05  0.6894E-05  0.2048E-02 -0.2056E-02
   23.5+    23 3 -0.9220E-12   0.000      0.7553E-07  0.6854E-07  0.2879E-05  0.1329E-04  0.4258E-02 -0.4274E-02
   23.5+    23 4 -0.9220E-12   0.000      0.1349E-06  0.3858E-06  0.1614E-05  0.7377E-05  0.2710E-02 -0.2720E-02
   23.5+    25 5 -0.1976E-12   0.000      0.4029E-08  0.2361E-08  0.1524E-05  0.1281E-04  0.4787E-02 -0.4801E-02
   23.5+    25 6 -0.1976E-12   0.000      0.7567E-08  0.5464E-07  0.1198E-05  0.9386E-05  0.1939E-02 -0.1950E-02
   23.5-    22 1 -0.5927E-12   0.000      0.5109E-07  0.7431E-08  0.1429E-04  0.6662E-04  0.1313E-01 -0.1322E-01
   23.5-    22 2 -0.5927E-12   0.000      0.3814E-06  0.6266E-09  0.1140E-04  0.5345E-04  0.1293E-01 -0.1300E-01
   23.5-    24 3 -0.1317E-12   0.000      0.1379E-08  0.6213E-07  0.1818E-05  0.1445E-04  0.5852E-02 -0.5869E-02
   23.5-    24 4 -0.1317E-12   0.000      0.3091E-07  0.8220E-07  0.2030E-05  0.1624E-04  0.4590E-02 -0.4608E-02
   23.5-    24 5 -0.1317E-12   0.000      0.2455E-07  0.2190E-06  0.7443E-06  0.5973E-05  0.1268E-02 -0.1275E-02
   23.5-    26 6   0.000       0.000      0.2381E-08  0.8204E-08  0.1777E-05  0.1966E-04  0.2404E-02 -0.2426E-02
   24.5+    23 1 -0.8232E-12   0.000      0.2035E-07  0.3090E-08  0.5273E-05  0.2456E-04  0.6790E-02 -0.6820E-02
   24.5+    23 2 -0.8232E-12   0.000      0.1502E-06  0.2572E-09  0.4279E-05  0.1984E-04  0.5891E-02 -0.5915E-02
   24.5+    25 3 -0.1372E-12   0.000      0.5399E-09  0.2648E-07  0.1319E-05  0.1204E-04  0.6671E-02 -0.6684E-02
   24.5+    25 4 -0.1372E-12   0.000      0.1224E-07  0.3484E-07  0.1385E-05  0.1204E-04  0.5404E-02 -0.5418E-02
   24.5+    25 5 -0.1372E-12   0.000      0.9749E-08  0.9305E-07  0.4891E-06  0.4113E-05  0.1540E-02 -0.1545E-02
   24.5+    27 6   0.000       0.000      0.9477E-09  0.3388E-08  0.5550E-05  0.7281E-04  0.2611E-01 -0.2619E-01
   24.5-    22 1 -0.5488E-12   0.000      0.3267E-08  0.2768E-08  0.2541E-04  0.1184E-03  0.2227E-01 -0.2241E-01
   24.5-    24 2 -0.1372E-12   0.000      0.1673E-07  0.2234E-08  0.1232E-05  0.9719E-05  0.5413E-02 -0.5424E-02
   24.5-    24 3 -0.1372E-12   0.000      0.2977E-07  0.2914E-07  0.2635E-05  0.2084E-04  0.1036E-01 -0.1038E-01
   24.5-    24 4 -0.1372E-12   0.000      0.5337E-07  0.1622E-06  0.1747E-05  0.1389E-04  0.5636E-02 -0.5652E-02
   24.5-    26 5  0.3430E-13   0.000      0.1594E-08  0.1009E-08  0.1025E-05  0.1132E-04  0.2509E-02 -0.2521E-02
   24.5-    26 6  0.3430E-13   0.000      0.3014E-08  0.2304E-07  0.1078E-05  0.1193E-04  0.1609E-02 -0.1622E-02
   25.5+    23 1 -0.8562E-12   0.000      0.1275E-08  0.1150E-08  0.9338E-05  0.4353E-04  0.1186E-01 -0.1191E-01
   25.5+    25 2   0.000       0.000      0.6643E-08  0.9643E-09  0.9588E-06  0.9193E-05  0.6034E-02 -0.6045E-02
   25.5+    25 3   0.000       0.000      0.1174E-07  0.1246E-07  0.1999E-05  0.1882E-04  0.1166E-01 -0.1168E-01
   25.5+    25 4   0.000       0.000      0.2112E-07  0.6866E-07  0.1270E-05  0.1159E-04  0.6432E-02 -0.6445E-02
   25.5+    27 5   0.000       0.000      0.6300E-09  0.4217E-09  0.3047E-05  0.4007E-04  0.1611E-01 -0.1615E-01
   25.5+    27 6   0.000       0.000      0.1200E-08  0.9508E-08  0.3344E-05  0.4389E-04  0.1597E-01 -0.1602E-01
   25.5-    24 1 -0.1427E-12   0.000      0.8102E-08  0.1366E-08  0.3978E-05  0.3128E-04  0.1945E-01 -0.1948E-01
   25.5-    24 2 -0.1427E-12   0.000      0.5918E-07  0.1124E-09  0.3550E-05  0.2800E-04  0.1561E-01 -0.1564E-01
   25.5-    26 3   0.000       0.000      0.2112E-09  0.1115E-07  0.5106E-06  0.5632E-05  0.2673E-02 -0.2679E-02
   25.5-    26 4   0.000       0.000      0.4851E-08  0.1463E-07  0.7742E-06  0.8552E-05  0.2493E-02 -0.2502E-02
   25.5-    26 5   0.000       0.000      0.3873E-08  0.3917E-07  0.3287E-06  0.3633E-05  0.8071E-03 -0.8111E-03
   25.5-    28 6 -0.7135E-13   0.000      0.3771E-09  0.1433E-08  0.4311E-05  0.5805E-04  0.2308E-01 -0.2314E-01
   26.5+    25 1 -0.2964E-12   0.000      0.3225E-08  0.5909E-09  0.3185E-05  0.3110E-04  0.2154E-01 -0.2158E-01
   26.5+    25 2 -0.2964E-12   0.000      0.2333E-07  0.4806E-10  0.2767E-05  0.2654E-04  0.1742E-01 -0.1745E-01
   26.5+    27 3  0.7409E-13   0.000      0.8246E-10  0.4607E-08  0.1335E-05  0.1769E-04  0.9406E-02 -0.9425E-02
   26.5+    27 4  0.7409E-13   0.000      0.1921E-08  0.6014E-08  0.2224E-05  0.2930E-04  0.1275E-01 -0.1278E-01
   26.5+    27 5  0.7409E-13   0.000      0.1537E-08  0.1614E-07  0.9787E-06  0.1287E-04  0.5178E-02 -0.5192E-02
   26.5+    29 6   0.000       0.000      0.1503E-09  0.6096E-09  0.6239E-06  0.1204E-04  0.1024E-01 -0.1026E-01
   26.5-    24 1 -0.1482E-12   0.000      0.4981E-09  0.5079E-09  0.6899E-05  0.5420E-04  0.3449E-01 -0.3455E-01
   26.5-    26 2  0.3705E-13   0.000      0.2638E-08  0.3612E-09  0.1953E-06  0.2144E-05  0.2173E-02 -0.2175E-02
   26.5-    26 3  0.3705E-13   0.000      0.4632E-08  0.5256E-08  0.5441E-06  0.5989E-05  0.4361E-02 -0.4367E-02
   26.5-    26 4  0.3705E-13   0.000      0.8358E-08  0.2878E-07  0.4910E-06  0.5416E-05  0.2578E-02 -0.2584E-02
   26.5-    28 5 -0.7409E-13   0.000      0.2492E-09  0.1803E-09  0.2369E-05  0.3221E-04  0.1514E-01 -0.1518E-01
   26.5-    28 6 -0.7409E-13   0.000      0.4772E-09  0.4018E-08  0.2596E-05  0.3500E-04  0.1423E-01 -0.1427E-01
   27.5+    25 1 -0.3073E-12   0.000      0.1949E-09  0.2195E-09  0.5553E-05  0.5444E-04  0.3812E-01 -0.3818E-01
   27.5+    27 2   0.000       0.000      0.1047E-08  0.1519E-09  0.3652E-06  0.4954E-05  0.4716E-02 -0.4722E-02
   27.5+    27 3   0.000       0.000      0.1827E-08  0.2177E-08  0.1231E-05  0.1646E-04  0.1150E-01 -0.1152E-01
   27.5+    27 4   0.000       0.000      0.3308E-08  0.1182E-07  0.1285E-05  0.1702E-04  0.9065E-02 -0.9083E-02
   27.5+    29 5   0.000       0.000      0.9872E-10  0.7749E-10  0.4030E-06  0.7046E-05  0.5772E-02 -0.5779E-02
   27.5+    29 6   0.000       0.000      0.1902E-09  0.1708E-08  0.3836E-06  0.7306E-05  0.6184E-02 -0.6191E-02
   27.5-    26 1   0.000       0.000      0.1283E-08  0.2208E-09  0.4276E-06  0.4673E-05  0.7512E-02 -0.7517E-02
   27.5-    26 2   0.000       0.000      0.9200E-08  0.1777E-10  0.5631E-06  0.6184E-05  0.6282E-02 -0.6289E-02
   27.5-    28 3 -0.7684E-13   0.000      0.3236E-10  0.1951E-08  0.1049E-05  0.1466E-04  0.9927E-02 -0.9942E-02
   27.5-    28 4 -0.7684E-13   0.000      0.7609E-09  0.2534E-08  0.1733E-05  0.2373E-04  0.1245E-01 -0.1247E-01
   27.5-    28 5 -0.7684E-13   0.000      0.6102E-09  0.6812E-08  0.7620E-06  0.1036E-04  0.4875E-02 -0.4886E-02
   27.5-    30 6   0.000       0.000      0.5989E-10  0.2364E-09  0.5870E-06  0.1404E-04  0.2404E-01 -0.2405E-01
   28.5+    27 1   0.000       0.000      0.5101E-09  0.9300E-10  0.4552E-06  0.6562E-05  0.1302E-01 -0.1303E-01
   28.5+    27 2   0.000       0.000      0.3629E-08  0.7412E-11  0.1053E-05  0.1429E-04  0.1364E-01 -0.1365E-01
   28.5+    29 3   0.000       0.000      0.1269E-10  0.8202E-09  0.2579E-06  0.3694E-05  0.2756E-02 -0.2760E-02
   28.5+    29 4   0.000       0.000      0.3019E-09  0.1071E-08  0.3286E-06  0.5396E-05  0.4305E-02 -0.4311E-02
   28.5+    29 5   0.000       0.000      0.2426E-09  0.2892E-08  0.1299E-06  0.2270E-05  0.1859E-02 -0.1861E-02
   28.5+    31 6  0.7958E-13   0.000      0.2381E-10  0.9315E-10  0.9452E-06  0.2165E-04  0.3681E-01 -0.3683E-01
   28.5-    26 1   0.000       0.000      0.7619E-10  0.8192E-10  0.6630E-06  0.7233E-05  0.1319E-01 -0.1320E-01
   28.5-    28 2   0.000       0.000      0.4156E-09  0.6832E-10  0.2988E-06  0.4537E-05  0.5724E-02 -0.5729E-02
   28.5-    28 3   0.000       0.000      0.7212E-09  0.9242E-09  0.9824E-06  0.1421E-04  0.1314E-01 -0.1315E-01
   28.5-    28 4   0.000       0.000      0.1309E-08  0.4975E-08  0.1011E-05  0.1413E-04  0.9585E-02 -0.9600E-02
   28.5-    30 5   0.000       0.000      0.3904E-10  0.3033E-10  0.8157E-06  0.1284E-04  0.1340E-01 -0.1342E-01
   28.5-    30 6   0.000       0.000      0.7574E-10  0.6621E-09  0.4208E-06  0.9150E-05  0.1448E-01 -0.1449E-01
   29.5+    27 1   0.000       0.000      0.2971E-10  0.3449E-10  0.5136E-06  0.7785E-05  0.2169E-01 -0.2170E-01
   29.5+    29 2   0.000       0.000      0.1652E-09  0.1290E-10  0.1449E-06  0.1572E-05  0.9698E-03 -0.9715E-03
   29.5+    29 3   0.000       0.000      0.2852E-09  0.3886E-09  0.3366E-06  0.4151E-05  0.2827E-02 -0.2831E-02
   29.5+    29 4   0.000       0.000      0.5190E-09  0.2101E-08  0.2493E-06  0.3567E-05  0.2661E-02 -0.2665E-02
   29.5+    31 5  0.8232E-13   0.000      0.1543E-10  0.1206E-10  0.9021E-06  0.1570E-04  0.2010E-01 -0.2012E-01
   29.5+    31 6  0.8232E-13   0.000      0.3010E-10  0.2607E-09  0.6210E-06  0.1354E-04  0.2210E-01 -0.2212E-01
   29.5-    28 1   0.000       0.000      0.2028E-09  0.4194E-10  0.4142E-06  0.7439E-05  0.1717E-01 -0.1718E-01
   29.5-    28 2   0.000       0.000      0.1432E-08  0.3312E-11  0.8631E-06  0.1311E-04  0.1658E-01 -0.1659E-01
   29.5-    30 3   0.000       0.000      0.4893E-11  0.3152E-09  0.1003E-05  0.1238E-04  0.6251E-02 -0.6264E-02
   29.5-    30 4   0.000       0.000      0.1198E-09  0.4132E-09  0.8719E-06  0.1226E-04  0.9929E-02 -0.9942E-02
   29.5-    30 5   0.000       0.000      0.9644E-10  0.1120E-08  0.2637E-06  0.4149E-05  0.4321E-02 -0.4326E-02
   29.5-    32 6 -0.8232E-13   0.000      0.9514E-11  0.4743E-10  0.2244E-06  0.1341E-05  0.4441E-02 -0.4443E-02
   30.5+    29 1   0.000       0.000      0.8072E-10  0.7684E-11  0.4290E-06  0.3844E-05  0.1938E-02 -0.1942E-02
   30.5+    29 2   0.000       0.000      0.5660E-09  0.6016E-12  0.4201E-06  0.4555E-05  0.2808E-02 -0.2813E-02
   30.5+    31 3  0.8507E-13   0.000      0.1906E-11  0.1242E-09  0.8984E-06  0.1196E-04  0.8893E-02 -0.8906E-02
   30.5+    31 4  0.8507E-13   0.000      0.4742E-10  0.1623E-09  0.8743E-06  0.1363E-04  0.1468E-01 -0.1469E-01
   30.5+    31 5  0.8507E-13   0.000      0.3825E-10  0.4404E-09  0.2917E-06  0.5073E-05  0.6489E-02 -0.6494E-02
   30.5+    33 6   0.000       0.000      0.3847E-11  0.2458E-10  0.6564E-05  0.7536E-04  0.2098E-01 -0.2106E-01
   30.5-    28 1   0.000       0.000      0.1165E-10  0.1554E-10  0.5091E-06  0.1015E-04  0.2919E-01 -0.2920E-01
   30.5-    30 2   0.000       0.000      0.6562E-10  0.3018E-12  0.8598E-06  0.9522E-05  0.2084E-02 -0.2095E-02
   30.5-    30 3   0.000       0.000      0.1128E-09  0.1494E-09  0.1707E-05  0.1961E-04  0.6257E-02 -0.6278E-02
   30.5-    30 4   0.000       0.000      0.2058E-09  0.8097E-09  0.9726E-06  0.1200E-04  0.6041E-02 -0.6054E-02
   30.5-    32 5   0.000       0.000      0.6158E-11  0.6191E-11  0.3096E-06  0.3031E-05  0.2714E-02 -0.2718E-02
   30.5-    32 6   0.000       0.000      0.1203E-10  0.1327E-09  0.1607E-06  0.1125E-05  0.2706E-02 -0.2707E-02
