# Fusion cross sections for ELAB=  14.570, ECM=  11.320
     0.5   10.93      1
     0.5   26.25     -1
     1.5   35.14      1
     1.5   82.75     -1
     2.5   66.50      1
     2.5   147.5     -1
     3.5   92.33      1
     3.5   177.6     -1
     4.5   102.9      1
     4.5   187.6     -1
     5.5   94.11      1
     5.5   144.9     -1
     6.5   59.31      1
     6.5   86.67     -1
     7.5   25.71      1
     7.5   28.84     -1
     8.5  -6.521      1
     8.5  -12.54     -1
     9.5  -7.774      1
     9.5  -11.31     -1
    10.5  -1.670      1
    10.5  -5.544     -1
    11.5  -1.797      1
    11.5  -2.605     -1
    12.5 -0.3529      1
    12.5  -1.226     -1
    13.5 -0.3753      1
    13.5 -0.5842     -1
    14.5 -0.8850E-01  1
    14.5 -0.3107     -1
    15.5 -0.9438E-01  1
    15.5 -0.1578     -1
    16.5 -0.5514E-01  1
    16.5 -0.1160     -1
    17.5 -0.5713E-01  1
    17.5 -0.8732E-01 -1
    18.5 -0.4081E-01  1
    18.5 -0.6768E-01 -1
    19.5 -0.3559E-01  1
    19.5 -0.7145E-01 -1
    20.5 -0.3033E-01  1
    20.5 -0.6626E-01 -1
    21.5 -0.2889E-01  1
    21.5 -0.5896E-01 -1
    22.5 -0.2901E-01  1
    22.5 -0.6045E-01 -1
    23.5 -0.3348E-01  1
    23.5 -0.7387E-01 -1
    24.5 -0.5257E-01  1
    24.5 -0.1006     -1
    25.5 -0.6826E-01  1
    25.5 -0.1325     -1
    26.5 -0.7669E-01  1
    26.5 -0.1498     -1
    27.5 -0.7548E-01  1
    27.5 -0.1406     -1
    28.5 -0.7244E-01  1
    28.5 -0.1420     -1
    29.5 -0.7041E-01  1
    29.5 -0.1292     -1
    30.5 -0.5591E-01  1
    30.5 -0.1050     -1
 &
