# Fusion cross sections for ELAB=  14.570, ECM=  11.320
     0.5   26.25       28.89       2.647    
     1.5   82.75       94.26       11.51    
     2.5   147.5       173.5       25.95    
     3.5   177.6       214.2       36.50    
     4.5   187.6       229.3       41.66    
     5.5   144.9       194.7       49.79    
     6.5   86.67       127.4       40.77    
     7.5   28.84       61.83       32.99    
     8.5  -12.54       11.61       24.15    
     9.5  -11.31      0.8283       12.14    
    10.5  -5.544      0.5499E-01   5.599    
    11.5  -2.605      0.3528E-02   2.609    
    12.5  -1.226      0.2156E-03   1.226    
    13.5 -0.5842      0.1261E-04  0.5842    
    14.5 -0.3107      0.7161E-06  0.3107    
    15.5 -0.1578      0.4003E-07  0.1578    
    16.5 -0.1160      0.2223E-08  0.1160    
    17.5 -0.8732E-01  0.1219E-09  0.8732E-01
    18.5 -0.6768E-01  0.7482E-11  0.6768E-01
    19.5 -0.7145E-01  0.2113E-11  0.7145E-01
    20.5 -0.6626E-01  0.1902E-11  0.6626E-01
    21.5 -0.5896E-01 -0.5735E-12  0.5896E-01
    22.5 -0.6045E-01 -0.3282E-11  0.6045E-01
    23.5 -0.7387E-01 -0.4182E-11  0.7387E-01
    24.5 -0.1006     -0.2950E-11  0.1006    
    25.5 -0.1325     -0.1213E-11  0.1325    
    26.5 -0.1498     -0.5557E-12  0.1498    
    27.5 -0.1406     -0.5379E-12  0.1406    
    28.5 -0.1420      0.7958E-13  0.1420    
    29.5 -0.1292      0.8232E-13  0.1292    
    30.5 -0.1050      0.2552E-12  0.1050    
 &
