# KN1,E,l,j,2j+1,N =   5  -0.20000   1  1.5   4 601
   9.99999931E-04   0.0000000000000000     
  0.100000001       2.0473237950818924E-003
  0.200000003       7.8790920288109769E-003
  0.300000012       1.7499180384578400E-002
  0.400000006       3.0724074551401238E-002
  0.500000000       4.7307443466210672E-002
  0.600000024       6.6945938815686321E-002
  0.699999988       8.9284866449514555E-002
  0.800000012      0.11392552545968389     
  0.899999976      0.14043379074865522     
   1.00000000      0.16834966253212152     
   1.10000002      0.19719755181318804     
   1.20000005      0.22649706130452812     
   1.29999995      0.25577399210443119     
   1.39999998      0.28457127374339608     
   1.50000000      0.31245948279294289     
   1.60000002      0.33904659018206074     
   1.70000005      0.36398656525305029     
   1.79999995      0.38698647476017051     
   1.89999998      0.40781174714618973     
   2.00000000      0.42628933957793874     
   2.09999990      0.44230864061211694     
   2.20000005      0.45582006712314210     
   2.29999995      0.46683145746166704     
   2.40000010      0.47540251025182978     
   2.50000000      0.48163765029677258     
   2.59999990      0.48567780827590629     
   2.70000005      0.48769164937436871     
   2.79999995      0.48786678799047334     
   2.90000010      0.48640147339551709     
   3.00000000      0.48349713403125516     
   3.09999990      0.47935205001517600     
   3.20000005      0.47415629462160719     
   3.29999995      0.46808796895012889     
   3.40000010      0.46131065879277738     
   3.50000000      0.45397197406161732     
   3.59999990      0.44620299322359119     
   3.70000005      0.43811842082960145     
   3.79999995      0.42981727272618964     
   3.90000010      0.42138392152595944     
   4.00000000      0.41288936174059315     
   4.09999990      0.40439259909769543     
   4.19999981      0.39594199059698099     
   4.30000019      0.38757665111269785     
   4.40000010      0.37932770889162587     
   4.50000000      0.37121947436705388     
   4.59999990      0.36327049230857356     
   4.69999981      0.35549447432401199     
   4.80000019      0.34790111458286332     
   4.90000010      0.34049679576221636     
   5.00000000      0.33328519423480751     
   5.09999990      0.32626779470252315     
   5.19999981      0.31944432476115475     
   5.30000019      0.31281311939511774     
   5.40000010      0.30637142488704266     
   5.50000000      0.30011565080301000     
   5.59999990      0.29404157772239026     
   5.69999981      0.28814452753714664     
   5.80000019      0.28241950223625828     
   5.90000010      0.27686129630012779     
   6.00000000      0.27146458708788562     
   6.09999990      0.26622400693291337     
   6.19999981      0.26113420013874933     
   6.30000019      0.25618986749375083     
   6.40000010      0.25138580056370985     
   6.50000000      0.24671690761434478     
   6.59999990      0.24217823273612898     
   6.69999981      0.23776496943327693     
   6.80000019      0.23347246977093317     
   6.90000010      0.22929624996304035     
   7.00000000      0.22523199310709671     
   7.09999990      0.22127554969334437     
   7.19999981      0.21742293637195928     
   7.30000019      0.21367033336746583     
   7.40000010      0.21001408087291862     
   7.50000000      0.20645067470188619     
   7.59999990      0.20297676138036633     
   7.69999981      0.19958913288766192     
   7.80000019      0.19628472116659054     
   7.90000010      0.19306059250754989     
   8.00000000      0.18991394189154603     
   8.10000038      0.18684208737981409     
   8.19999981      0.18384246457987369     
   8.30000019      0.18091262123581325     
   8.39999962      0.17805021196968079     
   8.50000000      0.17525299319444765     
   8.60000038      0.17251881821319520     
   8.69999981      0.16984563251920506     
   8.80000019      0.16723146928936899     
   8.89999962      0.16467444508451903     
   9.00000000      0.16217275574647527     
   9.10000038      0.15972467249276939     
   9.19999981      0.15732853820380291     
   9.30000019      0.15498276389833535     
   9.39999962      0.15268582538635647     
   9.50000000      0.15043626010157124     
   9.60000038      0.14823266409436345     
   9.69999981      0.14607368918502303     
   9.80000019      0.14395804026924139     
   9.89999962      0.14188447276583527     
   10.0000000      0.13985179020281835     
   10.1000004      0.13785884193206091     
   10.1999998      0.13590452096707969     
   10.3000002      0.13398776193600684     
   10.3999996      0.13210753914446424     
   10.5000000      0.13026286473961038     
   10.6000004      0.12845278697508486     
   10.6999998      0.12667638856790128     
   10.8000002      0.12493278513908922     
   10.8999996      0.12322112374065057     
   11.0000000      0.12154058145573171     
   11.1000004      0.11989036407243593     
   11.1999998      0.11826970482906501     
   11.3000002      0.11667786321996558     
   11.3999996      0.11511412386618090     
   11.5000000      0.11357779544083677     
   11.6000004      0.11206820965004728     
   11.6999998      0.11058472026563028     
   11.8000002      0.10912670220462967     
   11.8999996      0.10769355065451834     
   12.0000000      0.10628468024126550     
   12.1000004      0.10489952424109113     
   12.1999998      0.10353753382537804     
   12.3000002      0.10219817734743547     
   12.3999996      0.10088093965713538     
   12.5000000       9.9585321455054276E-002
   12.6000004       9.8310838670367301E-002
   12.6999998       9.7057021873036747E-002
   12.8000002       9.5823415709295270E-002
   12.8999996       9.4609578366816729E-002
   13.0000000       9.3415081061634708E-002
   13.1000004       9.2239507549894240E-002
   13.1999998       9.1082453660614793E-002
   13.3000002       8.9943526849473876E-002
   13.3999996       8.8822345773549083E-002
   13.5000000       8.7718539882936028E-002
   13.6000004       8.6631749032514235E-002
   13.6999998       8.5561623108887347E-002
   13.8000002       8.4507821673246622E-002
   13.8999996       8.3470013621669670E-002
   14.0000000       8.2447876857239061E-002
   14.1000004       8.1441097977349192E-002
   14.1999998       8.0449371974433276E-002
   14.3000002       7.9472401948537691E-002
   14.3999996       7.8509898832055197E-002
   14.5000000       7.7561581125367166E-002
   14.6000004       7.6627174643725107E-002
   14.6999998       7.5706412274177362E-002
   14.8000002       7.4799033742797047E-002
   14.8999996       7.3904785390212432E-002
   15.0000000       7.3023419956347188E-002
   15.1000004       7.2154696374412852E-002
   15.1999998       7.1298379572164450E-002
   15.3000002       7.0454240280935332E-002
   15.3999996       6.9622054852843909E-002
   15.5000000       6.8801605083692541E-002
   15.6000004       6.7992678043834812E-002
   15.6999998       6.7195065914919486E-002
   15.8000002       6.6408565832259986E-002
   15.8999996       6.5632979734084787E-002
   16.0000000       6.4868114215964987E-002
   16.1000004       6.4113780390196703E-002
   16.2000008       6.3369793751018907E-002
   16.2999992       6.2635974044443543E-002
   16.3999996       6.1912145142765759E-002
   16.5000000       6.1198134923361923E-002
   16.6000004       6.0493775152483859E-002
   16.7000008       5.9798901372058656E-002
   16.7999992       5.9113352791807031E-002
   16.8999996       5.8436972184100364E-002
   17.0000000       5.7769605783148333E-002
   17.1000004       5.7111103187021194E-002
   17.2000008       5.6461317264052749E-002
   17.2999992       5.5820104061190680E-002
   17.3999996       5.5187322716489427E-002
   17.5000000       5.4562835373976735E-002
   17.6000004       5.3946507101819273E-002
   17.7000008       5.3338205812651349E-002
   17.7999992       5.2737802187270366E-002
   17.8999996       5.2145169599777816E-002
   18.0000000       5.1560184046483083E-002
   18.1000004       5.0982724076072329E-002
   18.2000008       5.0412670722552469E-002
   18.2999992       4.9849907440519557E-002
   18.3999996       4.9294320041960001E-002
   18.5000000       4.8745796635324495E-002
   18.6000004       4.8204227566485541E-002
   18.7000008       4.7669505361840919E-002
   18.7999992       4.7141524672866683E-002
   18.8999996       4.6620182222537755E-002
   19.0000000       4.6105376753243381E-002
   19.1000004       4.5597008976601475E-002
   19.2000008       4.5094981524511038E-002
   19.2999992       4.4599198901765932E-002
   19.3999996       4.4109567440301971E-002
   19.5000000       4.3625995254554309E-002
   19.6000004       4.3148392198332747E-002
   19.7000008       4.2676669822851100E-002
   19.7999992       4.2210741336097729E-002
   19.8999996       4.1750521563491856E-002
   20.0000000       4.1295926909442768E-002
   20.1000004       4.0846875320127971E-002
   20.2000008       4.0403286247464545E-002
   20.2999992       3.9965080614002384E-002
   20.3999996       3.9532180778823367E-002
   20.5000000       3.9104510504512954E-002
   20.6000004       3.8681994924885187E-002
   20.7000008       3.8264560513901383E-002
   20.7999992       3.7852135054997404E-002
   20.8999996       3.7444647611863759E-002
   21.0000000       3.7042028499566441E-002
   21.1000004       3.6644209256570311E-002
   21.2000008       3.6251122617760125E-002
   21.2999992       3.5862702487929825E-002
   21.3999996       3.5478883916091976E-002
   21.5000000       3.5099603070441791E-002
   21.6000004       3.4724797214192867E-002
   21.7000008       3.4354404681728214E-002
   21.7999992       3.3988364855669986E-002
   21.8999996       3.3626618144330878E-002
   22.0000000       3.3269105959887822E-002
   22.1000004       3.2915770697255861E-002
   22.2000008       3.2566555713279821E-002
   22.2999992       3.2221405306576467E-002
   22.3999996       3.1880264697850665E-002
   22.5000000       3.1543080010682824E-002
   22.6000004       3.1209798253015546E-002
   22.7000008       3.0880367298898617E-002
   22.7999992       3.0554735870733814E-002
   22.8999996       3.0232853522098330E-002
   23.0000000       2.9914670620862237E-002
   23.1000004       2.9600138332622004E-002
   23.2000008       2.9289208604902920E-002
   23.2999992       2.8981834151417096E-002
   23.3999996       2.8677968436884489E-002
   23.5000000       2.8377565662128613E-002
   23.6000004       2.8080580749579611E-002
   23.7000008       2.7786969329173190E-002
   23.7999992       2.7496687724482223E-002
   23.8999996       2.7209692939235981E-002
   24.0000000       2.6925942644282018E-002
   24.1000004       2.6645395164682204E-002
   24.2000008       2.6368009467145820E-002
   24.2999992       2.6093745147758231E-002
   24.3999996       2.5822562420180179E-002
   24.5000000       2.5554422103885838E-002
   24.6000004       2.5289285612707865E-002
   24.7000008       2.5027114943719585E-002
   24.7999992       2.4767872666482022E-002
   24.8999996       2.4511521912305982E-002
   25.0000000       2.4258026363809162E-002
   25.1000004       2.4007350244892867E-002
   25.2000008       2.3759458310744448E-002
   25.2999992       2.3514315838215838E-002
   25.3999996       2.3271888616222779E-002
   25.5000000       2.3032142936529179E-002
   25.6000004       2.2795045584728474E-002
   25.7000008       2.2560563831341154E-002
   25.7999992       2.2328665423150949E-002
   25.8999996       2.2099318574725524E-002
   26.0000000       2.1872491960161080E-002
   26.1000004       2.1648154704908284E-002
   26.2000008       2.1426276377877269E-002
   26.2999992       2.1206826983672825E-002
   26.3999996       2.0989776954957459E-002
   26.5000000       2.0775097145077460E-002
   26.6000004       2.0562758820754149E-002
   26.7000008       2.0352733654965753E-002
   26.7999992       2.0144993719946769E-002
   26.8999996       1.9939511480382359E-002
   27.0000000       1.9736259786758796E-002
   27.1000004       1.9535211868764116E-002
   27.2000008       1.9336341328918028E-002
   27.2999992       1.9139622136276749E-002
   27.3999996       1.8945028620279306E-002
   27.5000000       1.8752535464720201E-002
   27.6000004       1.8562117701908413E-002
   27.7000008       1.8373750706834825E-002
   27.7999992       1.8187410191501378E-002
   27.8999996       1.8003072199429402E-002
   28.0000000       1.7820713100155525E-002
   28.1000004       1.7640309583967416E-002
   28.2000008       1.7461838656648663E-002
   28.2999992       1.7285277634362033E-002
   28.3999996       1.7110604138633242E-002
   28.5000000       1.6937796091448559E-002
   28.6000004       1.6766831710419712E-002
   28.7000008       1.6597689504058544E-002
   28.7999992       1.6430348267138621E-002
   28.8999996       1.6264787076141915E-002
   29.0000000       1.6100985284811145E-002
   29.1000004       1.5938922519782971E-002
   29.2000008       1.5778578676295747E-002
   29.2999992       1.5619933913958228E-002
   29.3999996       1.5462968652673634E-002
   29.5000000       1.5307663568535244E-002
   29.6000004       1.5153999589875755E-002
   29.7000008       1.5001957893387182E-002
   29.7999992       1.4851519900250467E-002
   29.8999996       1.4702667272429661E-002
   30.0000000       1.4555381908957457E-002
   30.1000004       1.4409645942337890E-002
   30.2000008       1.4265441734977348E-002
   30.2999992       1.4122751875713520E-002
   30.3999996       1.3981559176385829E-002
   30.5000000       1.3841846668466192E-002
   30.6000004       1.3703597599786713E-002
   30.7000008       1.3566795431303205E-002
   30.7999992       1.3431423833892335E-002
   30.8999996       1.3297466685225147E-002
   31.0000000       1.3164908066729134E-002
   31.1000004       1.3033732260550235E-002
   31.2000008       1.2903923746615085E-002
   31.2999992       1.2775467199710060E-002
   31.3999996       1.2648347486624177E-002
   31.5000000       1.2522549663342802E-002
   31.6000004       1.2398058972304407E-002
   31.7000008       1.2274860839686754E-002
   31.7999992       1.2152940872752304E-002
   31.8999996       1.2032284857221732E-002
   32.0000000       1.1912878754706676E-002
   32.0999985       1.1794708700187395E-002
   32.2000008       1.1677760999543513E-002
   32.2999992       1.1562022127081510E-002
   32.4000015       1.1447478723176143E-002
   32.5000000       1.1334117591879139E-002
   32.5999985       1.1221925698635433E-002
   32.7000008       1.1110890167966765E-002
   32.7999992       1.1000998281261819E-002
   32.9000015       1.0892237474548811E-002
   33.0000000       1.0784595336358154E-002
   33.0999985       1.0678059605575487E-002
   33.2000008       1.0572618169330195E-002
   33.2999992       1.0468259060974995E-002
   33.4000015       1.0364970458040497E-002
   33.5000000       1.0262740680232869E-002
   33.5999985       1.0161558187479788E-002
   33.7000008       1.0061411578006427E-002
   33.7999992       9.9622895864302022E-003
   33.9000015       9.8641810819212195E-003
   34.0000000       9.7670750663274332E-003
   34.0999985       9.6709606723929011E-003
   34.2000008       9.5758271619806688E-003
   34.2999992       9.4816639243196638E-003
   34.4000015       9.3884604742782152E-003
   34.5000000       9.2962064506665956E-003
   34.5999985       9.2048916145891814E-003
   34.7000008       9.1145058477860048E-003
   34.7999992       9.0250391510327439E-003
   34.9000015       8.9364816425327818E-003
   35.0000000       8.8488235563783501E-003
   35.0999985       8.7620552409897329E-003
   35.2000008       8.6761671576098889E-003
   35.2999992       8.5911498788027278E-003
   35.4000015       8.5069940870049921E-003
   35.5000000       8.4236905730551009E-003
   35.5999985       8.3412302347760526E-003
   35.7000008       8.2596040755713376E-003
   35.7999992       8.1788032030526512E-003
   35.9000015       8.0988188276861495E-003
   36.0000000       8.0196422614361388E-003
   36.0999985       7.9412649164506566E-003
   36.2000008       7.8636783037672152E-003
   36.2999992       7.7868740320275022E-003
   36.4000015       7.7108438062302390E-003
   36.5000000       7.6355794264770698E-003
   36.5999985       7.5610727867557919E-003
   36.7000008       7.4873158737322493E-003
   36.7999992       7.4143007655646251E-003
   36.9000015       7.3420196307396341E-003
   37.0000000       7.2704647269151018E-003
   37.0999985       7.1996283997845315E-003
   37.2000008       7.1295030819675722E-003
   37.2999992       7.0600812919023991E-003
   37.4000015       6.9913556327661228E-003
   37.5000000       6.9233187913937217E-003
   37.5999985       6.8559635372386733E-003
   37.7000008       6.7892827213222344E-003
   37.7999992       6.7232692752182480E-003
   37.9000015       6.6579162100360439E-003
   38.0000000       6.5932166154347915E-003
   38.0999985       6.5291636586428106E-003
   38.2000008       6.4657505834859420E-003
   38.2999992       6.4029707094422081E-003
   38.4000015       6.3408174306971389E-003
   38.5000000       6.2792842152204010E-003
   38.5999985       6.2183646038559207E-003
   38.7000008       6.1580522094235018E-003
   38.7999992       6.0983407158255818E-003
   38.9000015       6.0392238771857683E-003
   39.0000000       5.9806955169758556E-003
   39.0999985       5.9227495271730454E-003
   39.2000008       5.8653798674149285E-003
   39.2999992       5.8085805641842755E-003
   39.4000015       5.7523457099860256E-003
   39.5000000       5.6966694625464210E-003
   39.5999985       5.6415460440236960E-003
   39.7000008       5.5869697402249584E-003
   39.7999992       5.5329348998339970E-003
   39.9000015       5.4794359336565353E-003
   40.0000000       5.4264673138650242E-003
   40.0999985       5.3740235732642637E-003
   40.2000008       5.3220993045629845E-003
   40.2999992       5.2706891596481656E-003
   40.4000015       5.2197878488830542E-003
   40.5000000       5.1693901404047688E-003
   40.5999985       5.1194908594366685E-003
   40.7000008       5.0700848876007315E-003
   40.7999992       5.0211671622552535E-003
   40.9000015       4.9727326758253467E-003
   41.0000000       4.9247764751540225E-003
   41.0999985       4.8772936608500097E-003
   41.2000008       4.8302793866601187E-003
   41.2999992       4.7837288588400157E-003
   41.4000015       4.7376373355291551E-003
   41.5000000       4.6920001261411036E-003
   41.5999985       4.6468125907652468E-003
   41.7000008       4.6020701395693689E-003
   41.7999992       4.5577682322099477E-003
   41.9000015       4.5139023772559541E-003
   42.0000000       4.4704681316117007E-003
   42.0999985       4.4274610999587207E-003
   42.2000008       4.3848769341962111E-003
   42.2999992       4.3427113328909812E-003
   42.4000015       4.3009600407347059E-003
   42.5000000       4.2596188480080732E-003
   42.5999985       4.2186835900520419E-003
   42.7000008       4.1781501467483238E-003
   42.7999992       4.1380144420009937E-003
   42.9000015       4.0982724432303344E-003
   43.0000000       4.0589201608730004E-003
   43.0999985       4.0199536478828573E-003
   43.2000008       3.9813689992433433E-003
   43.2999992       3.9431623514837779E-003
   43.4000015       3.9053298822044257E-003
   43.5000000       3.8678678096071366E-003
   43.5999985       3.8307723920268117E-003
   43.7000008       3.7940399274763309E-003
   43.7999992       3.7576667531921573E-003
   43.9000015       3.7216492451858734E-003
   44.0000000       3.6859838178083617E-003
   44.0999985       3.6506669233074803E-003
   44.2000008       3.6156950514026919E-003
   44.2999992       3.5810647288560355E-003
   44.4000015       3.5467725190552438E-003
   44.5000000       3.5128150215997639E-003
   44.5999985       3.4791888718894303E-003
   44.7000008       3.4458907407227033E-003
   44.7999992       3.4129173338953195E-003
   44.9000015       3.3802653918061998E-003
   45.0000000       3.3479316890707334E-003
   45.0999985       3.3159130341364053E-003
   45.2000008       3.2842062689025842E-003
   45.2999992       3.2528082683431804E-003
   45.4000015       3.2217159401401038E-003
   45.5000000       3.1909262243132266E-003
   45.5999985       3.1604360928648399E-003
   45.7000008       3.1302425494184258E-003
   45.7999992       3.1003426288694698E-003
   45.9000015       3.0707333970345207E-003
   46.0000000       3.0414119503065972E-003
   46.0999985       3.0123754153191479E-003
   46.2000008       2.9836209486098020E-003
   46.2999992       2.9551457362879479E-003
   46.4000015       2.9269469937080682E-003
   46.5000000       2.8990219651433978E-003
   46.5999985       2.8713679234694802E-003
   46.7000008       2.8439821698494237E-003
   46.7999992       2.8168620334190005E-003
   46.9000015       2.7900048709810820E-003
   47.0000000       2.7634080667000463E-003
   47.0999985       2.7370690317998041E-003
   47.2000008       2.7109852042691575E-003
   47.2999992       2.6851540485668705E-003
   47.4000015       2.6595730553304266E-003
   47.5000000       2.6342397410932966E-003
   47.5999985       2.6091516479970177E-003
   47.7000008       2.5843063435150812E-003
   47.7999992       2.5597014201752437E-003
   47.9000015       2.5353344952864826E-003
   48.0000000       2.5112032106691198E-003
   48.0999985       2.4873052323863753E-003
   48.2000008       2.4636382504811603E-003
   48.2999992       2.4401999787189116E-003
   48.4000015       2.4169881543253629E-003
   48.5000000       2.3940005377353552E-003
   48.5999985       2.3712349123415780E-003
   48.7000008       2.3486890842442211E-003
   48.7999992       2.3263608820055267E-003
   48.9000015       2.3042481564099996E-003
   49.0000000       2.2823487802199546E-003
   49.0999985       2.2606606479426542E-003
   49.2000008       2.2391816755929854E-003
   49.2999992       2.2179098004631785E-003
   49.4000015       2.1968429808953060E-003
   49.5000000       2.1759791960531865E-003
   49.5999985       2.1553164456985861E-003
   49.7000008       2.1348527499727697E-003
   49.7999992       2.1145861491748130E-003
   49.9000015       2.0945147035466845E-003
   50.0000000       2.0746364930610711E-003
   50.0999985       2.0549496172100157E-003
   50.2000008       2.0354521947957994E-003
   50.2999992       2.0161423637243743E-003
   50.4000015       1.9970182808026669E-003
   50.5000000       1.9780781215378573E-003
   50.5999985       1.9593200799351497E-003
   50.7000008       1.9407423683042962E-003
   50.7999992       1.9223432170632189E-003
   50.9000015       1.9041208745450519E-003
   51.0000000       1.8860736068099658E-003
   51.0999985       1.8681996974553488E-003
   51.2000008       1.8504974474305624E-003
   51.2999992       1.8329651748539065E-003
   51.4000015       1.8156012148302285E-003
   51.5000000       1.7984039192706525E-003
   51.5999985       1.7813716567161261E-003
   51.7000008       1.7645028121606717E-003
   51.7999992       1.7477957868789161E-003
   51.9000015       1.7312489982543298E-003
   52.0000000       1.7148608796082548E-003
   52.0999985       1.6986298800336697E-003
   52.2000008       1.6825544642281244E-003
   52.2999992       1.6666331123305924E-003
   52.4000015       1.6508643197586030E-003
   52.5000000       1.6352465970481296E-003
   52.5999985       1.6197784696943131E-003
   52.7000008       1.6044584779955633E-003
   52.7999992       1.5892851768983247E-003
   52.9000015       1.5742571358435009E-003
   53.0000000       1.5593729386150553E-003
   53.0999985       1.5446311831893286E-003
   53.2000008       1.5300304815875551E-003
   53.2999992       1.5155694597290012E-003
   53.4000015       1.5012467572856579E-003
   53.5000000       1.4870610275391097E-003
   53.5999985       1.4730109372389118E-003
   53.7000008       1.4590951664616182E-003
   53.7999992       1.4453124084732539E-003
   53.9000015       1.4316613695913997E-003
   54.0000000       1.4181407690496187E-003
   54.0999985       1.4047493388630336E-003
   54.2000008       1.3914858236962909E-003
   54.2999992       1.3783489807319925E-003
   54.4000015       1.3653375795406237E-003
   54.5000000       1.3524504019531999E-003
   54.5999985       1.3396862419331156E-003
   54.7000008       1.3270439054515013E-003
   54.7999992       1.3145222103623031E-003
   54.9000015       1.3021199862799731E-003
   55.0000000       1.2898360744581366E-003
   55.0999985       1.2776693276694180E-003
   55.2000008       1.2656186100858393E-003
   55.2999992       1.2536827971625505E-003
   55.4000015       1.2418607755203556E-003
   55.5000000       1.2301514428311392E-003
   55.5999985       1.2185537077046115E-003
   55.7000008       1.2070664895753363E-003
   55.7999992       1.1956887185910346E-003
   55.9000015       1.1844193355033639E-003
   56.0000000       1.1732572915590046E-003
   56.0999985       1.1622015483911082E-003
   56.2000008       1.1512510779134780E-003
   56.2999992       1.1404048622148182E-003
   56.4000015       1.1296618934547708E-003
   56.5000000       1.1190211737603785E-003
   56.5999985       1.1084817151243793E-003
   56.7000008       1.0980425393042510E-003
   56.7999992       1.0877026777223282E-003
   56.9000015       1.0774611713673240E-003
   57.0000000       1.0673170706961936E-003
   57.0999985       1.0572694355377448E-003
   57.2000008       1.0473173349969508E-003
   57.2999992       1.0374598473602377E-003
   57.4000015       1.0276960600018661E-003
   57.5000000       1.0180250692919282E-003
   57.5999985       1.0084459805039978E-003
   57.7000008       9.9895790772503812E-004
   57.7999992       9.8955997376538396E-004
   57.9000015       9.8025131007058392E-004
   58.0000000       9.7103105663323892E-004
   58.0999985       9.6189836190636651E-004
   58.2000008       9.5285238271742602E-004
   58.2999992       9.4389228418350734E-004
   58.4000015       9.3501723962683564E-004
   58.5000000       9.2622643049210327E-004
   58.5999985       9.1751904626409682E-004
   58.7000008       9.0889428438640444E-004
   58.7999992       9.0035135018038737E-004
   58.9000015       8.9188945676563496E-004
   59.0000000       8.8350782498128019E-004
   59.0999985       8.7520568330784238E-004
   59.2000008       8.6698226779018768E-004
   59.2999992       8.5883682196126465E-004
   59.4000015       8.5076859676604696E-004
   59.5000000       8.4277685048690187E-004
   59.5999985       8.3486084867002151E-004
   59.7000008       8.2701986405176050E-004
   59.7999992       8.1925317648628743E-004
   59.9000015       8.1156007287405164E-004
 &
# KN1,E,l,j,2j+1,N =   6  -0.10000   1  1.5   4 601
   9.99999931E-04   0.0000000000000000     
  0.100000001       1.9541803218220866E-003
  0.200000003       7.5209793756468198E-003
  0.300000012       1.6705060500219176E-002
  0.400000006       2.9332816538166537E-002
  0.500000000       4.5171205239799124E-002
  0.600000024       6.3933196418098442E-002
  0.699999988       8.5283078680853872E-002
  0.800000012      0.10884334309274638     
  0.899999976      0.13420274288574208     
   1.00000000      0.16092526989365835     
   1.10000002      0.18855983251049999     
   1.20000005      0.21665041133193125     
   1.29999995      0.24474644111287402     
   1.39999998      0.27241313652300869     
   1.50000000      0.29924144798477292     
   1.60000002      0.32485730929751261     
   1.70000005      0.34892982605857609     
   1.79999995      0.37117806200168157     
   1.89999998      0.39137610899228387     
   2.00000000      0.40935618814940550     
   2.09999990      0.42500961813544536     
   2.20000005      0.43828560438236558     
   2.29999995      0.44918793801430457     
   2.40000010      0.45776983291692991     
   2.50000000      0.46412725537035016     
   2.59999990      0.46839120204884499     
   2.70000005      0.47071943031616792     
   2.79999995      0.47128814912791228     
   2.90000010      0.47028413170040689     
   3.00000000      0.46789762090224912     
   3.09999990      0.46431628767755340     
   3.20000005      0.45972038127933718     
   3.29999995      0.45427909951912188     
   3.40000010      0.44814811639063556     
   3.50000000      0.44146813840798554     
   3.59999990      0.43436432401527120     
   3.70000005      0.42694638578353389     
   3.79999995      0.41930920039226161     
   3.90000010      0.41153376773922629     
   4.00000000      0.40368838547525893     
   4.09999990      0.39583350495254682     
   4.19999981      0.38801231738796044     
   4.30000019      0.38026275112311264     
   4.40000010      0.37261509997109216     
   4.50000000      0.36509312947280881     
   4.59999990      0.35771507474134473     
   4.69999981      0.35049452646391199     
   4.80000019      0.34344120728593225     
   4.90000010      0.33656164482523954     
   5.00000000      0.32985974955929287     
   5.09999990      0.32333730703011176     
   5.19999981      0.31699439414180719     
   5.30000019      0.31082972890752958     
   5.40000010      0.30484096255875781     
   5.50000000      0.29902492217855264     
   5.59999990      0.29337781109937927     
   5.69999981      0.28789537352488836     
   5.80000019      0.28257302898355058     
   5.90000010      0.27740598148138640     
   6.00000000      0.27238930752283358     
   6.09999990      0.26751802653826812     
   6.19999981      0.26278715676541620     
   6.30000019      0.25819175908440961     
   6.40000010      0.25372697096935354     
   6.50000000      0.24938803233028917     
   6.59999990      0.24517030475540999     
   6.69999981      0.24106928536475072     
   6.80000019      0.23708061632951810     
   6.90000010      0.23320009090778365     
   7.00000000      0.22942365667742121     
   7.09999990      0.22574741657471953     
   7.19999981      0.22216762820704333     
   7.30000019      0.21868070181701135     
   7.40000010      0.21528319722208500     
   7.50000000      0.21197182000144821     
   7.59999990      0.20874341710688599     
   7.69999981      0.20559497210431035     
   7.80000019      0.20252360016376267     
   7.90000010      0.19952654290096664     
   8.00000000      0.19660116315482748     
   8.10000038      0.19374493978903759     
   8.19999981      0.19095546254718654     
   8.30000019      0.18823042700996531     
   8.39999962      0.18556762968198182     
   8.50000000      0.18296496322949082     
   8.60000038      0.18042041188464095     
   8.69999981      0.17793204703216886     
   8.80000019      0.17549802297143141     
   8.89999962      0.17311657286892945     
   9.00000000      0.17078600489169549     
   9.10000038      0.16850469852365474     
   9.19999981      0.16627110106061732     
   9.30000019      0.16408372428077014     
   9.39999962      0.16194114128032036     
   9.50000000      0.15984198347784370     
   9.60000038      0.15778493776827307     
   9.69999981      0.15576874382743311     
   9.80000019      0.15379219155976617     
   9.89999962      0.15185411867966003     
   10.0000000      0.14995340842329910     
   10.1000004      0.14808898738164267     
   10.1999998      0.14625982344967164     
   10.3000002      0.14446492388432300     
   10.3999996      0.14270333346634920     
   10.5000000      0.14097413275756265     
   10.6000004      0.13927643645399534     
   10.6999998      0.13760939182610990     
   10.8000002      0.13597217723792976     
   10.8999996      0.13436400074858060     
   11.0000000      0.13278409878270420     
   11.1000004      0.13123173487083462     
   11.1999998      0.12970619845795406     
   11.3000002      0.12820680376898738     
   11.3999996      0.12673288873638028     
   11.5000000      0.12528381397925195     
   11.6000004      0.12385896183547757     
   11.6999998      0.12245773544309865     
   11.8000002      0.12107955786599371     
   11.8999996      0.11972387126298463     
   12.0000000      0.11839013609766788     
   12.1000004      0.11707783039028029     
   12.1999998      0.11578644900026235     
   12.3000002      0.11451550294953973     
   12.3999996      0.11326451877126519     
   12.5000000      0.11203303789733274     
   12.6000004      0.11082061606733025     
   12.6999998      0.10962682277103053     
   12.8000002      0.10845124071233424     
   12.8999996      0.10729346530211942     
   13.0000000      0.10615310417128715     
   13.1000004      0.10502977670771863     
   13.1999998      0.10392311361303673     
   13.3000002      0.10283275647939041     
   13.3999996      0.10175835738639805     
   13.5000000      0.10069957851378376     
   13.6000004       9.9656091773629815E-002
   13.6999998       9.8627578456728565E-002
   13.8000002       9.7613728894050233E-002
   13.8999996       9.6614242135232634E-002
   14.0000000       9.5628825637775083E-002
   14.1000004       9.4657194970961783E-002
   14.1999998       9.3699073532615987E-002
   14.3000002       9.2754192276994621E-002
   14.3999996       9.1822289454307690E-002
   14.5000000       9.0903110360529185E-002
   14.6000004       8.9996407097999664E-002
   14.6999998       8.9101938345537729E-002
   14.8000002       8.8219469138467413E-002
   14.8999996       8.7348770656314106E-002
   15.0000000       8.6489620019329805E-002
   15.1000004       8.5641800093995510E-002
   15.1999998       8.4805099305241591E-002
   15.3000002       8.3979311456077274E-002
   15.3999996       8.3164235555181334E-002
   15.5000000       8.2359675649582520E-002
   15.6000004       8.1565440665215053E-002
   15.6999998       8.0781344252928669E-002
   15.8000002       8.0007204639715820E-002
   15.8999996       7.9242844486730427E-002
   16.0000000       7.8488090752117684E-002
   16.1000004       7.7742774558444874E-002
   16.2000008       7.7006731065854886E-002
   16.2999992       7.6279799349522753E-002
   16.3999996       7.5561822281549770E-002
   16.5000000       7.4852646416869659E-002
   16.6000004       7.4152121884080782E-002
   16.7000008       7.3460102278823547E-002
   16.7999992       7.2776444562576426E-002
   16.8999996       7.2101008963757832E-002
   17.0000000       7.1433658883128290E-002
   17.1000004       7.0774260801693981E-002
   17.2000008       7.0122684193059948E-002
   17.2999992       6.9478801437263316E-002
   17.3999996       6.8842487738839955E-002
   17.5000000       6.8213621046968390E-002
   17.6000004       6.7592081978874521E-002
   17.7000008       6.6977753745114540E-002
   17.7999992       6.6370522078271335E-002
   17.8999996       6.5770275162688671E-002
   18.0000000       6.5176903568181066E-002
   18.1000004       6.4590300184609262E-002
   18.2000008       6.4010360159248519E-002
   18.2999992       6.3436980836410903E-002
   18.3999996       6.2870061698343818E-002
   18.5000000       6.2309504308365328E-002
   18.6000004       6.1755212255767765E-002
   18.7000008       6.1207091102848395E-002
   18.7999992       6.0665048333199585E-002
   18.8999996       6.0128993301814815E-002
   19.0000000       5.9598837186551901E-002
   19.1000004       5.9074492941495131E-002
   19.2000008       5.8555875251383498E-002
   19.2999992       5.8042900487540419E-002
   19.3999996       5.7535486665418079E-002
   19.5000000       5.7033553403094815E-002
   19.6000004       5.6537021881272735E-002
   19.7000008       5.6045814804317660E-002
   19.7999992       5.5559856362601877E-002
   19.8999996       5.5079072196094203E-002
   20.0000000       5.4603389358708398E-002
   20.1000004       5.4132736283839585E-002
   20.2000008       5.3667042751070135E-002
   20.2999992       5.3206239853700009E-002
   20.3999996       5.2750259967225648E-002
   20.5000000       5.2299036718868958E-002
   20.6000004       5.1852504957743961E-002
   20.7000008       5.1410600726260726E-002
   20.7999992       5.0973261231728129E-002
   20.8999996       5.0540424819566013E-002
   21.0000000       5.0112030946645958E-002
   21.1000004       4.9688020155524766E-002
   21.2000008       4.9268334049710996E-002
   21.2999992       4.8852915269259667E-002
   21.3999996       4.8441707467179573E-002
   21.5000000       4.8034655286438729E-002
   21.6000004       4.7631704337873587E-002
   21.7000008       4.7232801178250912E-002
   21.7999992       4.6837893289315854E-002
   21.8999996       4.6446929057098588E-002
   22.0000000       4.6059857751955480E-002
   22.1000004       4.5676629509323587E-002
   22.2000008       4.5297195310668045E-002
   22.2999992       4.4921506965088974E-002
   22.3999996       4.4549517091351035E-002
   22.5000000       4.4181179100337996E-002
   22.6000004       4.3816447178258375E-002
   22.7000008       4.3455276269993078E-002
   22.7999992       4.3097622062928206E-002
   22.8999996       4.2743440971390968E-002
   23.0000000       4.2392690121294888E-002
   23.1000004       4.2045327335029394E-002
   23.2000008       4.1701311117241173E-002
   23.2999992       4.1360600640503106E-002
   23.3999996       4.1023155731595477E-002
   23.5000000       4.0688936857994858E-002
   23.6000004       4.0357905114765016E-002
   23.7000008       4.0030022211838857E-002
   23.7999992       3.9705250461462394E-002
   23.8999996       3.9383552766027383E-002
   24.0000000       3.9064892606377966E-002
   24.1000004       3.8749234030150542E-002
   24.2000008       3.8436541640443266E-002
   24.2999992       3.8126780584759976E-002
   24.3999996       3.7819916544488165E-002
   24.5000000       3.7515915724286093E-002
   24.6000004       3.7214744841772895E-002
   24.7000008       3.6916371117570276E-002
   24.7999992       3.6620762265742082E-002
   24.8999996       3.6327886484120005E-002
   25.0000000       3.6037712444930182E-002
   25.1000004       3.5750209285910155E-002
   25.2000008       3.5465346601336253E-002
   25.2999992       3.5183094433484406E-002
   25.3999996       3.4903423263998576E-002
   25.5000000       3.4626304005713086E-002
   25.6000004       3.4351707994652432E-002
   25.7000008       3.4079606982089457E-002
   25.7999992       3.3809973126848664E-002
   25.8999996       3.3542778987776231E-002
   26.0000000       3.3277997516439443E-002
   26.1000004       3.3015602049841927E-002
   26.2000008       3.2755566303457551E-002
   26.2999992       3.2497864364359426E-002
   26.3999996       3.2242470684442887E-002
   26.5000000       3.1989360073951527E-002
   26.6000004       3.1738507695006017E-002
   26.7000008       3.1489889055330227E-002
   26.7999992       3.1243480002064491E-002
   26.8999996       3.0999256715787907E-002
   27.0000000       3.0757195704692260E-002
   27.1000004       3.0517273798745217E-002
   27.2000008       3.0279468144122822E-002
   27.2999992       3.0043756197673632E-002
   27.3999996       2.9810115721519866E-002
   27.5000000       2.9578524777774118E-002
   27.6000004       2.9348961723468080E-002
   27.7000008       2.9121405205415288E-002
   27.7999992       2.8895834155250603E-002
   27.8999996       2.8672227784676704E-002
   28.0000000       2.8450565580615705E-002
   28.1000004       2.8230827300668008E-002
   28.2000008       2.8012992968513121E-002
   28.2999992       2.7797042869460126E-002
   28.3999996       2.7582957546088829E-002
   28.5000000       2.7370717794004872E-002
   28.6000004       2.7160304657635352E-002
   28.7000008       2.6951699426134894E-002
   28.7999992       2.6744883629366816E-002
   28.8999996       2.6539839033957787E-002
   29.0000000       2.6336547639460948E-002
   29.1000004       2.6134991674588708E-002
   29.2000008       2.5935153593506035E-002
   29.2999992       2.5737016072163454E-002
   29.3999996       2.5540562004825740E-002
   29.5000000       2.5345774500495851E-002
   29.6000004       2.5152636879534871E-002
   29.7000008       2.4961132670342626E-002
   29.7999992       2.4771245605998922E-002
   29.8999996       2.4582959621123678E-002
   30.0000000       2.4396258848669285E-002
   30.1000004       2.4211127616855864E-002
   30.2000008       2.4027550446101990E-002
   30.2999992       2.3845512046068683E-002
   30.3999996       2.3664997312723059E-002
   30.5000000       2.3485991325454088E-002
   30.6000004       2.3308479344303711E-002
   30.7000008       2.3132446807210976E-002
   30.7999992       2.2957879327266093E-002
   30.8999996       2.2784762690047967E-002
   31.0000000       2.2613082851067279E-002
   31.1000004       2.2442825933164740E-002
   31.2000008       2.2273978224036824E-002
   31.2999992       2.2106526173747053E-002
   31.3999996       2.1940456392304224E-002
   31.5000000       2.1775755647286229E-002
   31.6000004       2.1612410861531522E-002
   31.7000008       2.1450409110840857E-002
   31.7999992       2.1289737621741696E-002
   31.8999996       2.1130383769262032E-002
   32.0000000       2.0972335074768467E-002
   32.0999985       2.0815579203844612E-002
   32.2000008       2.0660103964224928E-002
   32.2999992       2.0505897303685322E-002
   32.4000015       2.0352947308098085E-002
   32.5000000       2.0201242199392781E-002
   32.5999985       2.0050770333672051E-002
   32.7000008       1.9901520199234239E-002
   32.7999992       1.9753480414751150E-002
   32.9000015       1.9606639727380290E-002
   33.0000000       1.9460987011004828E-002
   33.0999985       1.9316511264423103E-002
   33.2000008       1.9173201609569045E-002
   33.2999992       1.9031047289864860E-002
   33.4000015       1.8890037668496770E-002
   33.5000000       1.8750162226737352E-002
   33.5999985       1.8611410562324730E-002
   33.7000008       1.8473772387866079E-002
   33.7999992       1.8337237529245359E-002
   33.9000015       1.8201795924121907E-002
   34.0000000       1.8067437620334848E-002
   34.0999985       1.7934152774450020E-002
   34.2000008       1.7801931650287185E-002
   34.2999992       1.7670764617463586E-002
   34.4000015       1.7540642149959228E-002
   34.5000000       1.7411554824708630E-002
   34.5999985       1.7283493320258438E-002
   34.7000008       1.7156448415378608E-002
   34.7999992       1.7030410987756862E-002
   34.9000015       1.6905372012652391E-002
   35.0000000       1.6781322561654224E-002
   35.0999985       1.6658253801373021E-002
   35.2000008       1.6536156992212944E-002
   35.2999992       1.6415023487125840E-002
   35.4000015       1.6294844730443445E-002
   35.5000000       1.6175612256641731E-002
   35.5999985       1.6057317689184888E-002
   35.7000008       1.5939952739371117E-002
   35.7999992       1.5823509205216583E-002
   35.9000015       1.5707978970352660E-002
   36.0000000       1.5593354002895764E-002
   36.0999985       1.5479626354376117E-002
   36.2000008       1.5366788158683952E-002
   36.2999992       1.5254831631011680E-002
   36.4000015       1.5143749066849316E-002
   36.5000000       1.5033532840945309E-002
   36.5999985       1.4924175406319906E-002
   36.7000008       1.4815669293275106E-002
   36.7999992       1.4708007108428544E-002
   36.9000015       1.4601181533770814E-002
   37.0000000       1.4495185325715776E-002
   37.0999985       1.4390011314175041E-002
   37.2000008       1.4285652401664878E-002
   37.2999992       1.4182101562398080E-002
   37.4000015       1.4079351841413144E-002
   37.5000000       1.3977396353682035E-002
   37.5999985       1.3876228283283498E-002
   37.7000008       1.3775840882535561E-002
   37.7999992       1.3676227471181954E-002
   37.9000015       1.3577381435557114E-002
   38.0000000       1.3479296227797683E-002
   38.0999985       1.3381965365047020E-002
   38.2000008       1.3285382428661232E-002
   38.2999992       1.3189541063452206E-002
   38.4000015       1.3094434976915549E-002
   38.5000000       1.3000057938485840E-002
   38.5999985       1.2906403778803734E-002
   38.7000008       1.2813466388990741E-002
   38.7999992       1.2721239719918969E-002
   38.9000015       1.2629717781531246E-002
   39.0000000       1.2538894642121937E-002
   39.0999985       1.2448764427665529E-002
   39.2000008       1.2359321321125504E-002
   39.2999992       1.2270559561810905E-002
   39.4000015       1.2182473444701861E-002
   39.5000000       1.2095057319807211E-002
   39.5999985       1.2008305591532256E-002
   39.7000008       1.1922212718045486E-002
   39.7999992       1.1836773210654449E-002
   39.9000015       1.1751981633204948E-002
   40.0000000       1.1667832601465575E-002
   40.0999985       1.1584320782543251E-002
   40.2000008       1.1501440894298240E-002
   40.2999992       1.1419187704751768E-002
   40.4000015       1.1337556031531661E-002
   40.5000000       1.1256540741304211E-002
   40.5999985       1.1176136749225256E-002
   40.7000008       1.1096339018378603E-002
   40.7999992       1.1017142559257117E-002
   40.9000015       1.0938542429215766E-002
   41.0000000       1.0860533731957479E-002
   41.0999985       1.0783111616999755E-002
   41.2000008       1.0706271279183298E-002
   41.2999992       1.0630007958165448E-002
   41.4000015       1.0554316937911035E-002
   41.5000000       1.0479193546205731E-002
   41.5999985       1.0404633154183392E-002
   41.7000008       1.0330631175843999E-002
   41.7999992       1.0257183067577670E-002
   41.9000015       1.0184284327707804E-002
   42.0000000       1.0111930496021175E-002
   42.0999985       1.0040117153330044E-002
   42.2000008       9.9688399210203400E-003
   42.2999992       9.8980944606107575E-003
   42.4000015       9.8278764733179293E-003
   42.5000000       9.7581816996269149E-003
   42.5999985       9.6890059188676197E-003
   42.7000008       9.6203449488022012E-003
   42.7999992       9.5521946452049988E-003
   42.9000015       9.4845509014606279E-003
   43.0000000       9.4174096481668464E-003
   43.0999985       9.3507668527292448E-003
   43.2000008       9.2846185189729528E-003
   43.2999992       9.2189606867540148E-003
   43.4000015       9.1537894315816947E-003
   43.5000000       9.0891008642445207E-003
   43.5999985       9.0248911304289924E-003
   43.7000008       8.9611564103607398E-003
   43.7999992       8.8978929184382275E-003
   43.9000015       8.8350969028714917E-003
   44.0000000       8.7727646453419489E-003
   44.0999985       8.7108924606380013E-003
   44.2000008       8.6494766963222669E-003
   44.2999992       8.5885137323814930E-003
   44.4000015       8.5279999808969727E-003
   44.5000000       8.4679318857135439E-003
   44.5999985       8.4083059221066042E-003
   44.7000008       8.3491185964639104E-003
   44.7999992       8.2903664459602136E-003
   44.9000015       8.2320460382413526E-003
   45.0000000       8.1741539711182604E-003
   45.0999985       8.1166868722587857E-003
   45.2000008       8.0596413988818366E-003
   45.2999992       8.0030142374507354E-003
   45.4000015       7.9468021033853482E-003
   45.5000000       7.8910017407580694E-003
   45.5999985       7.8356099220179502E-003
   45.7000008       7.7806234476933836E-003
   45.7999992       7.7260391461171822E-003
   45.9000015       7.6718538731400205E-003
   46.0000000       7.6180645118524102E-003
   46.0999985       7.5646679723208547E-003
   46.2000008       7.5116611913164412E-003
   46.2999992       7.4590411320459805E-003
   46.4000015       7.4068047838906966E-003
   46.5000000       7.3549491621387880E-003
   46.5999985       7.3034713077361922E-003
   46.7000008       7.2523682870349509E-003
   46.7999992       7.2016371915344856E-003
   46.9000015       7.1512751376400091E-003
   47.0000000       7.1012792664143171E-003
   47.0999985       7.0516467433323418E-003
   47.2000008       7.0023747580480874E-003
   47.2999992       6.9534605241544749E-003
   47.4000015       6.9049012789463736E-003
   47.5000000       6.8566942831993953E-003
   47.5999985       6.8088368209290795E-003
   47.7000008       6.7613261991745976E-003
   47.7999992       6.7141597477723275E-003
   47.9000015       6.6673348191355307E-003
   48.0000000       6.6208487880363882E-003
   48.0999985       6.5746990513858685E-003
   48.2000008       6.5288830280215227E-003
   48.2999992       6.4833981585054939E-003
   48.4000015       6.4382419049033787E-003
   48.5000000       6.3934117505866847E-003
   48.5999985       6.3489052000294940E-003
   48.7000008       6.3047197786020078E-003
   48.7999992       6.2608530323716178E-003
   48.9000015       6.2173025279136981E-003
   49.0000000       6.1740658521044827E-003
   49.0999985       6.1311406119397395E-003
   49.2000008       6.0885244343361292E-003
   49.2999992       6.0462149659463336E-003
   49.4000015       6.0042098729765339E-003
   49.5000000       5.9625068409971125E-003
   49.5999985       5.9211035747599320E-003
   49.7000008       5.8799977980251812E-003
   49.7999992       5.8391872533743311E-003
   49.9000015       5.7986697020366712E-003
   50.0000000       5.7584429237185174E-003
   50.0999985       5.7185047164297689E-003
   50.2000008       5.6788528963118466E-003
   50.2999992       5.6394852974678850E-003
   50.4000015       5.6003997717989614E-003
   50.5000000       5.5615941888411489E-003
   50.5999985       5.5230664355936472E-003
   50.7000008       5.4848144163668509E-003
   50.7999992       5.4468360526176785E-003
   50.9000015       5.4091292827899914E-003
   51.0000000       5.3716920621640395E-003
   51.0999985       5.3345223626967749E-003
   51.2000008       5.2976181728707616E-003
   51.2999992       5.2609774975449853E-003
   51.4000015       5.2245983578031712E-003
   51.5000000       5.1884787908038658E-003
   51.5999985       5.1526168496371866E-003
   51.7000008       5.1170106031765234E-003
   51.7999992       5.0816581359383927E-003
   51.9000015       5.0465575479401812E-003
   52.0000000       5.0117069545560777E-003
   52.0999985       4.9771044863826819E-003
   52.2000008       4.9427482890981598E-003
   52.2999992       4.9086365233288499E-003
   52.4000015       4.8747673645127120E-003
   52.5000000       4.8411390027669260E-003
   52.5999985       4.8077496427540662E-003
   52.7000008       4.7745975035543538E-003
   52.7999992       4.7416808185360886E-003
   52.9000015       4.7089978352271716E-003
   53.0000000       4.6765468151893476E-003
   53.0999985       4.6443260338908544E-003
   53.2000008       4.6123337805849211E-003
   53.2999992       4.5805683581864858E-003
   53.4000015       4.5490280831499358E-003
   53.5000000       4.5177112853498043E-003
   53.5999985       4.4866163079624582E-003
   53.7000008       4.4557415073461998E-003
   53.7999992       4.4250852529283411E-003
   53.9000015       4.3946459270876020E-003
   54.0000000       4.3644219250402062E-003
   54.0999985       4.3344116547260857E-003
   54.2000008       4.3046135366989948E-003
   54.2999992       4.2750260040147385E-003
   54.4000015       4.2456475021206410E-003
   54.5000000       4.2164764887501456E-003
   54.5999985       4.1875114338116547E-003
   54.7000008       4.1587508192850245E-003
   54.7999992       4.1301931391139598E-003
   54.9000015       4.1018368991034013E-003
   55.0000000       4.0736806168167744E-003
   55.0999985       4.0457228214737743E-003
   55.2000008       4.0179620538468080E-003
   55.2999992       3.9903968661648814E-003
   55.4000015       3.9630258220106204E-003
   55.5000000       3.9358474962234340E-003
   55.5999985       3.9088604748038960E-003
   55.7000008       3.8820633548160293E-003
   55.7999992       3.8554547442907049E-003
   55.9000015       3.8290332621340548E-003
   56.0000000       3.8027975380339656E-003
   56.0999985       3.7767462123648537E-003
   56.2000008       3.7508779360983903E-003
   56.2999992       3.7251913707116338E-003
   56.4000015       3.6996851880981459E-003
   56.5000000       3.6743580704776996E-003
   56.5999985       3.6492087103092118E-003
   56.7000008       3.6242358102033805E-003
   56.7999992       3.5994380828361281E-003
   56.9000015       3.5748142508639689E-003
   57.0000000       3.5503630468378209E-003
   57.0999985       3.5260832131199576E-003
   57.2000008       3.5019735018006321E-003
   57.2999992       3.4780326746153578E-003
   57.4000015       3.4542595028632271E-003
   57.5000000       3.4306527673280750E-003
   57.5999985       3.4072112581959350E-003
   57.7000008       3.3839337749775465E-003
   57.7999992       3.3608191264286134E-003
   57.9000015       3.3378661304738697E-003
   58.0000000       3.3150736141286485E-003
   58.0999985       3.2924404134232134E-003
   58.2000008       3.2699653733268982E-003
   58.2999992       3.2476473476738179E-003
   58.4000015       3.2254851990872798E-003
   58.5000000       3.2034777989080861E-003
   58.5999985       3.1816240271215304E-003
   58.7000008       3.1599227722857778E-003
   58.7999992       3.1383729314588601E-003
   58.9000015       3.1169734101285027E-003
   59.0000000       3.0957231221426956E-003
   59.0999985       3.0746209896398385E-003
   59.2000008       3.0536659429805622E-003
   59.2999992       3.0328569206800530E-003
   59.4000015       3.0121928693389055E-003
   59.5000000       2.9916727435768025E-003
   59.5999985       2.9712955059678038E-003
   59.7000008       2.9510601269731487E-003
   59.7999992       2.9309655848765949E-003
   59.9000015       2.9110108657205511E-003
 &
# KN1,E,l,j,2j+1,N =   7   0.12230   1  1.5   4 601
   9.99999931E-04   0.0000000000000000        0.0000000000000000     
  0.100000001       1.6296219448049946E-003   6.7065243891992101E-020
  0.200000003       6.2729874028847402E-003   2.6524198767727886E-019
  0.300000012       1.3937094173536491E-002   6.2063226215492189E-019
  0.400000006       2.4482196771728020E-002   1.1129883327637270E-018
  0.500000000       3.7720682446031453E-002   1.5760190808468138E-018
  0.600000024       5.3421333512207389E-002   2.3593333677282593E-018
  0.699999988       7.1313414722500315E-002   3.2225238731779563E-018
  0.800000012       9.1092027956401742E-002   5.4907484864069765E-018
  0.899999976      0.11242441229115578        3.9996256579677382E-018
   1.00000000      0.13495698762152838        6.0520771186749095E-018
   1.10000002      0.15832297874693937        7.3462367512209306E-018
   1.20000005      0.18215045123728862        8.1806422952360353E-018
   1.29999995      0.20607056853449823        9.5869720366760722E-018
   1.39999998      0.22972585405855991        9.7593801185818698E-018
   1.50000000      0.25277821544639695        1.2361039629951192E-017
   1.60000002      0.27491646559537453        1.0017095657322412E-017
   1.70000005      0.29586306120000566        1.5604107048160238E-017
   1.79999995      0.31537978133247652        1.2743253767136906E-017
   1.89999998      0.33327208611058351        1.2992084653829566E-017
   2.00000000      0.34939193954709369        1.6907936243872432E-017
   2.09999990      0.36363894664758090        1.4478188597829982E-017
   2.20000005      0.37595974553334005        1.5296415241312466E-017
   2.29999995      0.38634570192254802        1.6348168252260952E-017
   2.40000010      0.39482906618482277        1.9095764371039780E-017
   2.50000000      0.40147785761048349        1.4937534980591325E-017
   2.59999990      0.40638982779474730        2.0235274282510262E-017
   2.70000005      0.40968590084744722        1.9407280370798720E-017
   2.79999995      0.41150349945452019        1.9208909648479794E-017
   2.90000010      0.41199013514705579        1.9105798295116880E-017
   3.00000000      0.41129757411343726        1.5013464175564520E-017
   3.09999990      0.40957680442090810        1.7201842199506539E-017
   3.20000005      0.40697393385847036        2.1044778993919448E-017
   3.29999995      0.40362705779458530        1.9282545574074342E-017
   3.40000010      0.39966406095883072        1.5998311843268280E-017
   3.50000000      0.39520126061696925        2.0034576901722066E-017
   3.59999990      0.39034276536909213        1.9284083445495691E-017
   3.70000005      0.38518040869685655        1.2566344500253606E-017
   3.79999995      0.37979411788090955        1.7849798376872640E-017
   3.90000010      0.37425258992418908        1.4698459716516816E-017
   4.00000000      0.36861416482008658        1.3277943523053642E-017
   4.09999990      0.36292780622226151        1.5543171880453353E-017
   4.19999981      0.35723412086792738        1.9706831931735333E-017
   4.30000019      0.35156636574480010        1.5293204818608060E-017
   4.40000010      0.34595140840815886        1.4682802619417606E-017
   4.50000000      0.34041061857836991        1.3810376018596306E-017
   4.59999990      0.33496067873065638        1.9272259205495165E-017
   4.69999981      0.32961430899670113        1.3660164290658869E-017
   4.80000019      0.32438090661700902        1.5160427940526313E-017
   4.90000010      0.31926710378151030        1.4199301076262304E-017
   5.00000000      0.31427724956818498        1.3348321567132730E-017
   5.09999990      0.30941382291658626        1.2913335282931018E-017
   5.19999981      0.30467778403745116        1.2836067176330397E-017
   5.30000019      0.30006887145828842        1.4114825858266157E-017
   5.40000010      0.29558585168217816        1.3626763229978674E-017
   5.50000000      0.29122672792273541        9.3419824488509739E-018
   5.59999990      0.28698891369204621        1.1428259093876506E-017
   5.69999981      0.28286937644550658        1.0500012385246753E-017
   5.80000019      0.27886475583009251        9.9525496351334582E-018
   5.90000010      0.27497146051085231        1.0136652867267755E-017
   6.00000000      0.27118574700081699        1.2813665544390130E-017
   6.09999990      0.26750378341554065        1.2754273723658186E-017
   6.19999981      0.26392170069067195        1.1662330225062928E-017
   6.30000019      0.26043563334510578        1.5372202217636645E-017
   6.40000010      0.25704175161125398        1.1038401301224624E-017
   6.50000000      0.25373628642905260        1.1245182751409970E-017
   6.59999990      0.25051554858948005        9.3793383965116500E-018
   6.69999981      0.24737594305752469        9.3219769872191720E-018
   6.80000019      0.24431397938408561        1.0277820889921625E-017
   6.90000010      0.24132627894190314        1.1903606765920633E-017
   7.00000000      0.23840957957402187        9.1365875414627005E-018
   7.09999990      0.23556073819174803        8.0154634547449607E-018
   7.19999981      0.23277673173374300        9.1433210247596770E-018
   7.30000019      0.23005465681954226        1.0864200766814228E-017
   7.40000010      0.22739172838794397        9.5246408762322023E-018
   7.50000000      0.22478527756746697        9.9039913255031228E-018
   7.59999990      0.22223274893505884        7.9272952502301970E-018
   7.69999981      0.21973169735806278        6.3104203982522844E-018
   7.80000019      0.21727978452685495        5.9844312604312010E-018
   7.90000010      0.21487477527455803        7.6364827485512597E-018
   8.00000000      0.21251453376422474        5.9111028833938699E-018
   8.10000038      0.21019701963134754        8.5665002424048642E-018
   8.19999981      0.20792028410907146        7.5111511234556668E-018
   8.30000019      0.20568246618606423        7.2315507749182793E-018
   8.39999962      0.20348178882589718        6.7920843029124283E-018
   8.50000000      0.20131655527132480        7.6412535329383447E-018
   8.60000038      0.19918514545161600        6.5426061200493852E-018
   8.69999981      0.19708601251226907        6.0869106572214165E-018
   8.80000019      0.19501767946167270        6.8527841396776875E-018
   8.89999962      0.19297873595415341        5.8051683945438567E-018
   9.00000000      0.19096783520181479        8.0228253485901124E-018
   9.10000038      0.18898369102068233        6.7442095196083241E-018
   9.19999981      0.18702507500963669        5.4997938076315332E-018
   9.30000019      0.18509081386199749        4.5508243195718517E-018
   9.39999962      0.18317978680151256        5.4939166588406856E-018
   9.50000000      0.18129092315007334        4.6371209813260719E-018
   9.60000038      0.17942320000893150        3.6619014868849669E-018
   9.69999981      0.17757564005756452        6.5437556590126347E-018
   9.80000019      0.17574730946493386        5.7662784126583116E-018
   9.89999962      0.17393731590518183        4.3839947782094624E-018
   10.0000000      0.17214480667708693        3.9122708853238116E-018
   10.1000004      0.17036896691925521        4.9190320416779540E-018
   10.1999998      0.16860901791806074        4.1651288205326272E-018
   10.3000002      0.16686421550208155        3.4776043624260324E-018
   10.3999996      0.16513384851987908        2.5673135550759883E-018
   10.5000000      0.16341723739347014        1.9022151971759105E-018
   10.6000004      0.16171373275018880        3.0723943715356720E-018
   10.6999998      0.16002271412466840        3.7191327964917997E-018
   10.8000002      0.15834358872335930        2.9044054135420070E-018
   10.8999996      0.15667579025738634        3.0578377504497949E-018
   11.0000000      0.15501877782965442        3.6772050055446566E-018
   11.1000004      0.15337203487900780        2.9081736688034593E-018
   11.1999998      0.15173506818082999        2.6447871299083221E-018
   11.3000002      0.15010740689233326        1.6726175235708905E-018
   11.3999996      0.14848860164982680        2.9863387250713622E-018
   11.5000000      0.14687822370688580        2.1494945954849292E-018
   11.6000004      0.14527586411613391        2.1972430402593121E-018
   11.6999998      0.14368113295148557        2.6373272400659463E-018
   11.8000002      0.14209365856590386        1.9071727628284452E-018
   11.8999996      0.14051308688463796        8.1760615509274068E-019
   12.0000000      0.13893908073163833        1.3255342796981146E-018
   12.1000004      0.13737131919150811        1.9714054364668912E-018
   12.1999998      0.13580949699445533        4.2287010423510899E-019
   12.3000002      0.13425332393672751        6.1720706524109125E-019
   12.3999996      0.13270252431930124        1.4117797655255079E-018
   12.5000000      0.13115683642107662        4.7204875746129725E-019
   12.6000004      0.12961601198684344       -8.7492315194887898E-019
   12.6999998      0.12807981574475993        7.3918070745114613E-019
   12.8000002      0.12654802493970765       -3.4749594289288645E-020
   12.8999996      0.12502042889173370        1.2225588294993298E-018
   13.0000000      0.12349682856985450        3.2350928614977079E-019
   13.1000004      0.12197703618598886       -1.0448082141190154E-018
   13.1999998      0.12046087480463367       -7.5520701946255553E-020
   13.3000002      0.11894817796891471       -7.1233725682001017E-019
   13.3999996      0.11743878934351656       -4.6557300285126440E-019
   13.5000000      0.11593256236964390       -1.4242982703627395E-018
   13.6000004      0.11442935993686228       -3.4856828706941886E-019
   13.6999998      0.11292905406572891       -5.7961338217308968E-019
   13.8000002      0.11143152560266904       -1.0037144318543716E-018
   13.8999996      0.10993666392952649       -2.2076715752096292E-018
   14.0000000      0.10844436668078450       -1.2486693005128060E-018
   14.1000004      0.10695453947329146       -1.7403060164069341E-018
   14.1999998      0.10546709564651853       -2.0386905943602745E-018
   14.3000002      0.10398195601162391       -1.5896883703658339E-018
   14.3999996      0.10249904861005603       -1.7908278366800799E-018
   14.5000000      0.10101830848036311       -3.1830705716172736E-018
   14.6000004       9.9539677433925389E-002  -2.6372119521298037E-018
   14.6999998       9.8063103838318830E-002  -2.3526420926024477E-018
   14.8000002       9.6588542408896458E-002  -1.6501105536010299E-018
   14.8999996       9.5115954006228798E-002  -3.3808739496562963E-018
   15.0000000       9.3645305440813259E-002  -2.1550702463288494E-018
   15.1000004       9.2176569285309318E-002  -2.2714933326621366E-018
   15.1999998       9.0709723691935459E-002  -3.2277459552458459E-018
   15.3000002       8.9244752215884807E-002  -4.0325231239965893E-018
   15.3999996       8.7781643645431534E-002  -3.4406395046440615E-018
   15.5000000       8.6320391835737878E-002  -3.9640273893868887E-018
   15.6000004       8.4860995549408236E-002  -4.2669579280061350E-018
   15.6999998       8.3403458301286704E-002  -4.5284298180177437E-018
   15.8000002       8.1947788207332561E-002  -3.9623510031251987E-018
   15.8999996       8.0493997839269291E-002  -3.1748432580039156E-018
   16.0000000       7.9042104082997527E-002  -3.9080095431859232E-018
   16.1000004       7.7592128000625718E-002  -4.9114002761029808E-018
   16.2000008       7.6144094697303571E-002  -5.2004451976674355E-018
   16.2999992       7.4698033191457569E-002  -4.6136219435098600E-018
   16.3999996       7.3253976288609038E-002  -4.8225125552675592E-018
   16.5000000       7.1811960458397300E-002  -4.9418001453674205E-018
   16.6000004       7.0372025715727440E-002  -6.1285874550905653E-018
   16.7000008       6.8934215503766508E-002  -4.2142675249030203E-018
   16.7999992       6.7498576581579525E-002  -4.6705236809970558E-018
   16.8999996       6.6065158913453326E-002  -5.5131190035820736E-018
   17.0000000       6.4634015561821606E-002  -6.6397052325565662E-018
   17.1000004       6.3205202582135439E-002  -5.3583944506008456E-018
   17.2000008       6.1778778921478511E-002  -5.5291433160437341E-018
   17.2999992       6.0354806318249771E-002  -5.9045527547848563E-018
   17.3999996       5.8933349205408200E-002  -5.3305584210674655E-018
   17.5000000       5.7514474615364700E-002  -5.6661640488368500E-018
   17.6000004       5.6098252087571035E-002  -6.2970691511246227E-018
   17.7000008       5.4684753577628115E-002  -6.4456451453481289E-018
   17.7999992       5.3274053369218581E-002  -7.3963523802780897E-018
   17.8999996       5.1866227986896732E-002  -7.0643737152317283E-018
   18.0000000       5.0461356112148553E-002  -7.3112034277612774E-018
   18.1000004       4.9059518500199219E-002  -7.8240134155283533E-018
   18.2000008       4.7660797899122323E-002  -8.5336715332750793E-018
   18.2999992       4.6265278970806019E-002  -6.8546358076551438E-018
   18.3999996       4.4873048213041174E-002  -7.7901405739014072E-018
   18.5000000       4.3484193883466589E-002  -7.2636091777064009E-018
   18.6000004       4.2098805925014679E-002  -8.0641023933435509E-018
   18.7000008       4.0716975893103066E-002  -7.7872204455187326E-018
   18.7999992       3.9338796883958249E-002  -7.9493266055420224E-018
   18.8999996       3.7964363464461859E-002  -9.1530667944229823E-018
   19.0000000       3.6593771603206003E-002  -6.9913312769765389E-018
   19.1000004       3.5227118603103659E-002  -7.9243192485154490E-018
   19.2000008       3.3864503035015391E-002  -8.6893866659256384E-018
   19.2999992       3.2506024672668526E-002  -7.1526829702224879E-018
   19.3999996       3.1151784428918236E-002  -9.1830342115491139E-018
   19.5000000       2.9801884292957471E-002  -9.1929760888518733E-018
   19.6000004       2.8456427268785195E-002  -8.1558033466511901E-018
   19.7000008       2.7115517314670844E-002  -8.2380986162891654E-018
   19.7999992       2.5779259283746962E-002  -8.9483228464588050E-018
   19.8999996       2.4447758865681870E-002  -8.7918701901337816E-018
   20.0000000       2.3121122529193940E-002  -1.0197377993854086E-017
   20.1000004       2.1799457465609774E-002  -1.0377369614672619E-017
   20.2000008       2.0482871533437339E-002  -8.9165395656839566E-018
   20.2999992       1.9171473203794111E-002  -1.0230335057538795E-017
   20.3999996       1.7865371506741150E-002  -9.1955549877810725E-018
   20.5000000       1.6564675978545558E-002  -9.0291617607834846E-018
   20.6000004       1.5269496609715459E-002  -8.8618522514413178E-018
   20.7000008       1.3979943794000714E-002  -8.6348887135747674E-018
   20.7999992       1.2696128278020880E-002  -1.0725223810598106E-017
   20.8999996       1.1418161111932735E-002  -1.0999180642413549E-017
   21.0000000       1.0146153600700389E-002  -9.4312594070270930E-018
   21.1000004       8.8802172561809178E-003  -1.0399106283053348E-017
   21.2000008       7.6204637500269330E-003  -8.3018742234618235E-018
   21.2999992       6.3670048672463198E-003  -9.9640284251129083E-018
   21.3999996       5.1199524605152116E-003  -8.1320106981945600E-018
   21.5000000       3.8794184051934777E-003  -9.0043080506675898E-018
   21.6000004       2.6455145550638914E-003  -9.2498479069155745E-018
   21.7000008       1.4183526987070175E-003  -1.0473472767958075E-017
   21.7999992       1.9804451658335143E-004  -1.0411630602775144E-017
   21.8999996      -1.0152984612413036E-003  -1.1558920869400738E-017
   22.0000000      -2.2215648967093974E-003  -1.1123949413740817E-017
   22.1000004      -3.4206436847556126E-003  -1.0064004490492770E-017
   22.2000008      -4.6124239936574784E-003  -1.0129482498034474E-017
   22.2999992      -5.7967953047687749E-003  -1.0635330445825842E-017
   22.3999996      -6.9736474516351905E-003  -1.0035363438619420E-017
   22.5000000      -8.1428706584965645E-003  -1.2244066654764122E-017
   22.6000004      -9.3043555782375571E-003  -1.0330228713967761E-017
   22.7000008      -1.0457993329709139E-002  -1.0720467702671707E-017
   22.7999992      -1.1603675534473662E-002  -9.6286832267374945E-018
   22.8999996      -1.2741294353021916E-002  -1.1838694384775972E-017
   23.0000000      -1.3870742520380123E-002  -1.0225206256478499E-017
   23.1000004      -1.4991913381104860E-002  -1.0445278899179438E-017
   23.2000008      -1.6104700923881561E-002  -1.1066549492759024E-017
   23.2999992      -1.7208999815423977E-002  -1.1544696207474239E-017
   23.3999996      -1.8304705433917226E-002  -1.0672874531125360E-017
   23.5000000      -1.9391713901869636E-002  -1.1618569206923291E-017
   23.6000004      -2.0469922118455976E-002  -1.1045753889606920E-017
   23.7000008      -2.1539227791364943E-002  -1.0516476470651101E-017
   23.7999992      -2.2599529468047153E-002  -1.1660650324143442E-017
   23.8999996      -2.3650726566480196E-002  -1.1981538031384969E-017
   24.0000000      -2.4692719405520314E-002  -1.0219510321517168E-017
   24.1000004      -2.5725409234600538E-002  -1.0308857777841842E-017
   24.2000008      -2.6748698262941371E-002  -1.1880508368993602E-017
   24.2999992      -2.7762489688252245E-002  -1.0485121635311010E-017
   24.3999996      -2.8766687725119661E-002  -1.1467265141212862E-017
   24.5000000      -2.9761197632659275E-002  -1.0199968753842440E-017
   24.6000004      -3.0745925741698998E-002  -1.2501064568534379E-017
   24.7000008      -3.1720779481548653E-002  -9.1586686266634755E-018
   24.7999992      -3.2685667406420586E-002  -1.0729866102289928E-017
   24.8999996      -3.3640499221080818E-002  -1.1392428311260525E-017
   25.0000000      -3.4585185806067842E-002  -1.0308908354315627E-017
   25.1000004      -3.5519639242679334E-002  -1.1639957716655020E-017
   25.2000008      -3.6443772837204978E-002  -1.1151103783426750E-017
   25.2999992      -3.7357501144900523E-002  -1.0297432125001850E-017
   25.3999996      -3.8260739993191691E-002  -1.2060573086963473E-017
   25.5000000      -3.9153406504664930E-002  -1.2493018285302702E-017
   25.6000004      -4.0035419119582930E-002  -1.1626779050852929E-017
   25.7000008      -4.0906697617793183E-002  -1.0689611804261379E-017
   25.7999992      -4.1767163140239726E-002  -1.1386488943236491E-017
   25.8999996      -4.2616738209999810E-002  -1.1154755013859053E-017
   26.0000000      -4.3455346752930675E-002  -1.1469762103909945E-017
   26.1000004      -4.4282914117666335E-002  -1.1939285364772935E-017
   26.2000008      -4.5099367095351492E-002  -1.0173750134150378E-017
   26.2999992      -4.5904633938838736E-002  -1.1378064585100677E-017
   26.3999996      -4.6698644381345467E-002  -1.3378250062584223E-017
   26.5000000      -4.7481329654868690E-002  -9.4254414187381236E-018
   26.6000004      -4.8252622507946805E-002  -9.8913652543312192E-018
   26.7000008      -4.9012457223046237E-002  -1.0784600127611502E-017
   26.7999992      -4.9760769633418446E-002  -9.7217160994267461E-018
   26.8999996      -5.0497497139618826E-002  -1.0487547303651567E-017
   27.0000000      -5.1222578725614205E-002  -1.1876477211435982E-017
   27.1000004      -5.1935954974219857E-002  -1.1650137548298533E-017
   27.2000008      -5.2637568082324004E-002  -1.1121044845790275E-017
   27.2999992      -5.3327361875519098E-002  -9.7410251255808577E-018
   27.3999996      -5.4005281822318452E-002  -1.0275569641820721E-017
   27.5000000      -5.4671275047928708E-002  -8.3713172269420479E-018
   27.6000004      -5.5325290347762804E-002  -1.3113873967398888E-017
   27.7000008      -5.5967278200193926E-002  -1.2818581117280136E-017
   27.7999992      -5.6597190778993063E-002  -1.1902068732279434E-017
   27.8999996      -5.7214981965526476E-002  -1.0023532069500070E-017
   28.0000000      -5.7820607360136653E-002  -9.5283659147950324E-018
   28.1000004      -5.8414024293494994E-002  -9.9765325522654673E-018
   28.2000008      -5.8995191837213475E-002  -1.0929349055224557E-017
   28.2999992      -5.9564070814131780E-002  -1.1093083490650727E-017
   28.3999996      -6.0120623808169127E-002  -9.3861394272668301E-018
   28.5000000      -6.0664815173797702E-002  -1.0153164575920858E-017
   28.6000004      -6.1196611044985194E-002  -1.0191112522110206E-017
   28.7000008      -6.1715979343761634E-002  -8.7270574892846237E-018
   28.7999992      -6.2222889788340029E-002  -1.0768965960224658E-017
   28.8999996      -6.2717313900791688E-002  -1.2069453137132049E-017
   29.0000000      -6.3199225014363328E-002  -9.6312119610792426E-018
   29.1000004      -6.3668598280353608E-002  -9.7412615483381132E-018
   29.2000008      -6.4125410674531605E-002  -1.0511890352651546E-017
   29.2999992      -6.4569641003048989E-002  -8.6845183538244114E-018
   29.3999996      -6.5001269908236375E-002  -8.7935663589793875E-018
   29.5000000      -6.5420279873547260E-002  -9.9106704733882370E-018
   29.6000004      -6.5826655228401060E-002  -1.0631605381282491E-017
   29.7000008      -6.6220382152597609E-002  -8.9076367058837247E-018
   29.7999992      -6.6601448680044389E-002  -8.0284923703979478E-018
   29.8999996      -6.6969844702476133E-002  -9.1454702017233125E-018
   30.0000000      -6.7325561972419734E-002  -9.5645165575676660E-018
   30.1000004      -6.7668594105968177E-002  -8.8471528879771077E-018
   30.2000008      -6.7998936584971345E-002  -1.0107207982772269E-017
   30.2999992      -6.8316586758971565E-002  -1.0570200799707950E-017
   30.3999996      -6.8621543846630356E-002  -1.1189660645900789E-017
   30.5000000      -6.8913808936739943E-002  -8.3451130777675014E-018
   30.6000004      -6.9193384989009871E-002  -9.5606124707469398E-018
   30.7000008      -6.9460276834340320E-002  -1.0434163266848355E-017
   30.7999992      -6.9714491174571791E-002  -8.7178909588617868E-018
   30.8999996      -6.9956036581933362E-002  -8.3074375468645227E-018
   31.0000000      -7.0184923498267077E-002  -8.5892946203237473E-018
   31.1000004      -7.0401164233576854E-002  -8.1263073505465142E-018
   31.2000008      -7.0604772964433071E-002  -8.5143216435606675E-018
   31.2999992      -7.0795765731799895E-002  -6.8252429067005374E-018
   31.3999996      -7.0974160438543071E-002  -8.2782452611700757E-018
   31.5000000      -7.1139976846556888E-002  -7.8376977782654904E-018
   31.6000004      -7.1293236573588117E-002  -6.9707788261707611E-018
   31.7000008      -7.1433963089576877E-002  -7.1941494921958675E-018
   31.7999992      -7.1562181712689188E-002  -8.3536861978420406E-018
   31.8999996      -7.1677919604870591E-002  -7.2662430869073835E-018
   32.0000000      -7.1781205767107725E-002  -5.5403829179244332E-018
   32.0999985      -7.1872071034324386E-002  -6.9690261826390243E-018
   32.2000008      -7.1950548069970310E-002  -6.7187395556110579E-018
   32.2999992      -7.2016671359966394E-002  -7.0286136775792659E-018
   32.4000015      -7.2070477206729336E-002  -6.5866170365998691E-018
   32.5000000      -7.2112003722384008E-002  -6.9651321243000916E-018
   32.5999985      -7.2141290822039253E-002  -8.4750215683113479E-018
   32.7000008      -7.2158380216256701E-002  -6.9284437392017398E-018
   32.7999992      -7.2163315403600117E-002  -5.9164793406191645E-018
   32.9000015      -7.2156141662482007E-002  -4.9396857008775456E-018
   33.0000000      -7.2136906043009416E-002  -6.0433847716842963E-018
   33.0999985      -7.2105657358186914E-002  -4.4824647333570699E-018
   33.2000008      -7.2062446174775960E-002  -6.2524976791315755E-018
   33.2999992      -7.2007324804195222E-002  -5.8948208197499325E-018
   33.4000015      -7.1940347292689527E-002  -3.7087556364410933E-018
   33.5000000      -7.1861569411229662E-002  -6.4843045199946591E-018
   33.5999985      -7.1771048645189767E-002  -5.4202994221134076E-018
   33.7000008      -7.1668844183685340E-002  -4.9609714050469792E-018
   33.7999992      -7.1555016908499428E-002  -3.9548487308124519E-018
   33.9000015      -7.1429629382936344E-002  -4.5253337390792617E-018
   34.0000000      -7.1292745839890800E-002  -3.9759515130914095E-018
   34.0999985      -7.1144432170057462E-002  -4.8993895311176792E-018
   34.2000008      -7.0984755909655486E-002  -5.1156712987100673E-018
   34.2999992      -7.0813786227812231E-002  -3.3023296135583038E-018
   34.4000015      -7.0631593913632440E-002  -3.5472178415421474E-018
   34.5000000      -7.0438251362977072E-002  -4.5038933747587591E-018
   34.5999985      -7.0233832565116061E-002  -3.5742490863622861E-018
   34.7000008      -7.0018413088808767E-002  -4.2027401044543040E-018
   34.7999992      -6.9792070068340289E-002  -3.4938309380100345E-018
   34.9000015      -6.9554882189015094E-002  -2.5355333140223048E-018
   35.0000000      -6.9306929672708226E-002  -3.3991648136972839E-018
   35.0999985      -6.9048294262776463E-002  -3.6680799926308846E-018
   35.2000008      -6.8779059208937801E-002  -2.4469032661107553E-018
   35.2999992      -6.8499309251721791E-002  -3.0175421145579872E-018
   35.4000015      -6.8209130606891544E-002  -3.4970208265963811E-018
   35.5000000      -6.7908610949238002E-002  -2.1592900202639689E-018
   35.5999985      -6.7597839396364073E-002  -2.1830333944413063E-018
   35.7000008      -6.7276906492140132E-002  -2.7163512244565544E-018
   35.7999992      -6.6945904189989205E-002  -1.5579963778607988E-018
   35.9000015      -6.6604925835902579E-002  -9.4868513345575589E-019
   36.0000000      -6.6254066151018351E-002  -1.5550516566954698E-018
   36.0999985      -6.5893421214133011E-002  -1.8212785422235355E-018
   36.2000008      -6.5523088443976779E-002  -7.9078107966159202E-019
   36.2999992      -6.5143166581166159E-002  -1.5748257316725722E-018
   36.4000015      -6.4753755670083207E-002  -1.2394614686628117E-018
   36.5000000      -6.4354957040312494E-002  -9.0903068894515108E-019
   36.5999985      -6.3946873288012074E-002  -9.4664477527809548E-019
   36.7000008      -6.3529608256985393E-002   1.0944109680127721E-019
   36.7999992      -6.3103267019576637E-002  -9.5002435716629431E-019
   36.9000015      -6.2667955857392280E-002   9.0272490176663620E-019
   37.0000000      -6.2223782241723896E-002  -5.1572554864710977E-019
   37.0999985      -6.1770854813811248E-002   3.8827950852735564E-019
   37.2000008      -6.1309283364986589E-002   9.1254917411418939E-019
   37.2999992      -6.0839178816501444E-002   5.7298779186833356E-019
   37.4000015      -6.0360653199266319E-002   1.0649023916320362E-019
   37.5000000      -5.9873819633256289E-002   1.6481793627285503E-018
   37.5999985      -5.9378792306961255E-002   8.5239898414028333E-019
   37.7000008      -5.8875686456429668E-002   3.2015911947282596E-018
   37.7999992      -5.8364618344317588E-002   9.6271255759005829E-019
   37.9000015      -5.7845705238625332E-002   1.6910054739739676E-018
   38.0000000      -5.7319065391418005E-002   1.0790016816943659E-018
   38.0999985      -5.6784818017305713E-002   2.6034965404311211E-018
   38.2000008      -5.6243083271726946E-002   1.4097477103427244E-018
   38.2999992      -5.5693982229189448E-002   3.6780417336274855E-018
   38.4000015      -5.5137636861254308E-002   1.7167197103315549E-018
   38.5000000      -5.4574170014447539E-002   2.7378489334938620E-018
   38.5999985      -5.4003705388038836E-002   2.7782981437409870E-018
   38.7000008      -5.3426367511675531E-002   3.1410450514485191E-018
   38.7999992      -5.2842281722823972E-002   2.6595536498555494E-018
   38.9000015      -5.2251574144255082E-002   2.7290468413690642E-018
   39.0000000      -5.1654371661205192E-002   3.8366683957413515E-018
   39.0999985      -5.1050801898580085E-002   1.9088290842056615E-018
   39.2000008      -5.0440993197927886E-002   3.2394161187065674E-018
   39.2999992      -4.9825074594463351E-002   3.7867665993768958E-018
   39.4000015      -4.9203175793825771E-002   4.0857472262857736E-018
   39.5000000      -4.8575427148835018E-002   4.5052663338612862E-018
   39.5999985      -4.7941959636159728E-002   4.7743976111792767E-018
   39.7000008      -4.7302904832858983E-002   4.1629063601182994E-018
   39.7999992      -4.6658394892843069E-002   3.0766483893839880E-018
   39.9000015      -4.6008562523316331E-002   4.0872473670176682E-018
   40.0000000      -4.5353540961054123E-002   4.8937357815549526E-018
   40.0999985      -4.4693463948702279E-002   5.4834566877746457E-018
   40.2000008      -4.4028465710977634E-002   4.4928399790868192E-018
   40.2999992      -4.3358680930750369E-002   3.9189145666269777E-018
   40.4000015      -4.2684244725188371E-002   5.7231192669133406E-018
   40.5000000      -4.2005292621768539E-002   4.4935372608325146E-018
   40.5999985      -4.1321960534287293E-002   4.4533693651513157E-018
   40.7000008      -4.0634384738755004E-002   5.8463158921730112E-018
   40.7999992      -3.9942701849385885E-002   5.6461892331326750E-018
   40.9000015      -3.9247048794426233E-002   6.8521586801366957E-018
   41.0000000      -3.8547562792049933E-002   5.4831496334810347E-018
   41.0999985      -3.7844381326137218E-002   4.5092325965087125E-018
   41.2000008      -3.7137642122162064E-002   5.4773063122813440E-018
   41.2999992      -3.6427483122987353E-002   6.7074461265228708E-018
   41.4000015      -3.5714042464620781E-002   7.1089883269323375E-018
   41.5000000      -3.4997458452022984E-002   6.8730335460617579E-018
   41.5999985      -3.4277869534941351E-002   7.1968923637093723E-018
   41.7000008      -3.3555414283695816E-002   6.0362876443962401E-018
   41.7999992      -3.2830231364974836E-002   5.3654626634680675E-018
   41.9000015      -3.2102459517689037E-002   6.3989091612294604E-018
   42.0000000      -3.1372237528781849E-002   6.1910851753986013E-018
   42.0999985      -3.0639704209147776E-002   7.0579732512261919E-018
   42.2000008      -2.9904998369515379E-002   7.1663847006222670E-018
   42.2999992      -2.9168258796379774E-002   7.8111293504780701E-018
   42.4000015      -2.8429624227973817E-002   7.0797182365425631E-018
   42.5000000      -2.7689233330280224E-002   7.5117674790412739E-018
   42.5999985      -2.6947224673091463E-002   8.4457924827905679E-018
   42.7000008      -2.6203736706135881E-002   8.1693853258511135E-018
   42.7999992      -2.5458907735223180E-002   7.8960985336190615E-018
   42.9000015      -2.4712875898485066E-002   8.4305492918552704E-018
   43.0000000      -2.3965779142678396E-002   7.3725445186411966E-018
   43.0999985      -2.3217755199521250E-002   9.0865361650898870E-018
   43.2000008      -2.2468941562133860E-002   8.2204122182594223E-018
   43.2999992      -2.1719475461542837E-002   9.4003267494790587E-018
   43.4000015      -2.0969493843281832E-002   8.8479116434417172E-018
   43.5000000      -2.0219133344074096E-002   8.0686455066075256E-018
   43.5999985      -1.9468530268577849E-002   8.7812122097807554E-018
   43.7000008      -1.8717820566266054E-002   8.0398728861984828E-018
   43.7999992      -1.7967139808377715E-002   8.6205784876480289E-018
   43.9000015      -1.7216623164973348E-002   8.4110451304302919E-018
   44.0000000      -1.6466405382130647E-002   9.1685685099363609E-018
   44.0999985      -1.5716620759193594E-002   9.0019978125223800E-018
   44.2000008      -1.4967403126189924E-002   8.6501930341454722E-018
   44.2999992      -1.4218885821327019E-002   9.1336438715580377E-018
   44.4000015      -1.3471201668640496E-002   9.9904216839780509E-018
   44.5000000      -1.2724482955759267E-002   8.6879160536420544E-018
   44.5999985      -1.1978861411792188E-002   9.5313061939246375E-018
   44.7000008      -1.1234468185366412E-002   9.7037642450887108E-018
   44.7999992      -1.0491433822788256E-002   9.1790544390298441E-018
   44.9000015      -9.7498882463552972E-003   1.0566699213284797E-017
   45.0000000      -9.0099607328225015E-003   9.6990408136895776E-018
   45.0999985      -8.2717798920101792E-003   9.5719289439251603E-018
   45.2000008      -7.5354736455648646E-003   1.0721219487752158E-017
   45.2999992      -6.8011692058741451E-003   1.0697680500446479E-017
   45.4000015      -6.0689930551583752E-003   9.8550827585044887E-018
   45.5000000      -5.3390709247091266E-003   1.0181227829205415E-017
   45.5999985      -4.6115277743173895E-003   1.0975302874160253E-017
   45.7000008      -3.8864877718544008E-003   1.1425177923639232E-017
   45.7999992      -3.1640742730422253E-003   1.0278273704769907E-017
   45.9000015      -2.4444098013947048E-003   9.3905723279848370E-018
   46.0000000      -1.7276160283458092E-003   9.2007767338447632E-018
   46.0999985      -1.0138137535676147E-003   1.0021563104531655E-017
   46.2000008      -3.0312288547365454E-004   9.9068964121136153E-018
   46.2999992       4.0433757808394860E-004   1.1195333961965518E-017
   46.4000015       1.1084495689199590E-003   9.7007432552472551E-018
   46.5000000       1.8090959674211932E-003   1.1495606421576712E-017
   46.5999985       2.5061606212493886E-003   1.0276117118604752E-017
   46.7000008       3.1995283638388407E-003   1.1486159589194663E-017
   46.7999992       3.8890850326810315E-003   1.1493225092483464E-017
   46.9000015       4.5747174874017568E-003   1.0914056100815733E-017
   47.0000000       5.2563136276187862E-003   1.1392829303520438E-017
   47.0999985       5.9337624105797815E-003   1.1009991490261576E-017
   47.2000008       6.6069538685855920E-003   1.1376546156615437E-017
   47.2999992       7.2757791261822856E-003   9.1941986530447671E-018
   47.4000015       7.9401304171248608E-003   9.2605075449526882E-018
   47.5000000       8.5999011011246816E-003   9.2609668805953566E-018
   47.5999985       9.2549856803402740E-003   9.8303948186983375E-018
   47.7000008       9.9052798156571004E-003   1.1853661307703475E-017
   47.7999992       1.0550680342714462E-002   1.0358750553895525E-017
   47.9000015       1.1191085287695598E-002   1.0890429689684586E-017
   48.0000000       1.1826393882874597E-002   1.1090633446243092E-017
   48.0999985       1.2456506581908484E-002   1.1405593749808167E-017
   48.2000008       1.3081325074890272E-002   1.0747237100575205E-017
   48.2999992       1.3700752303165963E-002   1.0601538952384061E-017
   48.4000015       1.4314692473857559E-002   1.2372250272420398E-017
   48.5000000       1.4923051074171812E-002   1.1731277632011580E-017
   48.5999985       1.5525734885435863E-002   1.1488588038084832E-017
   48.7000008       1.6122651996859656E-002   1.1424956110807175E-017
   48.7999992       1.6713711819047756E-002   1.0365088820529535E-017
   48.9000015       1.7298825097266539E-002   9.4301056094759594E-018
   49.0000000       1.7877903924392459E-002   9.3354176779995303E-018
   49.0999985       1.8450861753655012E-002   1.1677855051518656E-017
   49.2000008       1.9017613411055498E-002   1.1176911999572939E-017
   49.2999992       1.9578075107546545E-002   9.5746355010045376E-018
   49.4000015       2.0132164450939453E-002   1.0307144392147364E-017
   49.5000000       2.0679800457508037E-002   1.1022952985507452E-017
   49.5999985       2.1220903563328158E-002   1.0757132934688564E-017
   49.7000008       2.1755395635364657E-002   1.1357588665944614E-017
   49.7999992       2.2283199982221797E-002   1.0774691801302386E-017
   49.9000015       2.2804241364651482E-002   1.0462775608976703E-017
   50.0000000       2.3318446005781684E-002   9.5579674570903186E-018
   50.0999985       2.3825741601042325E-002   9.9538971168482102E-018
   50.2000008       2.4326057327801725E-002   1.0142115074792649E-017
   50.2999992       2.4819323854715834E-002   1.0929512337107158E-017
   50.4000015       2.5305473350805862E-002   1.1898491531128923E-017
   50.5000000       2.5784439494241872E-002   1.0191204730153890E-017
   50.5999985       2.6256157480785920E-002   9.8587781216072660E-018
   50.7000008       2.6720564032024552E-002   1.0860357062213628E-017
   50.7999992       2.7177597403240532E-002   1.1703349741052712E-017
   50.9000015       2.7627197391004745E-002   9.5702291435094062E-018
   51.0000000       2.8069305340507757E-002   1.0630844241946498E-017
   51.0999985       2.8503864152541206E-002   1.0697534616642740E-017
   51.2000008       2.8930818290216015E-002   1.1532182082889780E-017
   51.2999992       2.9350113785384071E-002   1.0734571131874884E-017
   51.4000015       2.9761698244738698E-002   1.0921722352366333E-017
   51.5000000       3.0165520855615455E-002   9.3223952387839327E-018
   51.5999985       3.0561532391520926E-002   1.0721056504962405E-017
   51.7000008       3.0949685217322675E-002   9.6521537718411125E-018
   51.7999992       3.1329933294176111E-002   8.5181961746852174E-018
   51.9000015       3.1702232184128820E-002   1.0532022200972089E-017
   52.0000000       3.2066539054400753E-002   1.0958254049565499E-017
   52.0999985       3.2422812681413275E-002   1.0067841401186670E-017
   52.2000008       3.2771013454465217E-002   9.1765693728775099E-018
   52.2999992       3.3111103379144267E-002   8.6664668458050674E-018
   52.4000015       3.3443046080405249E-002   9.0825194140489834E-018
   52.5000000       3.3766806805362828E-002   9.3372046132866429E-018
   52.5999985       3.4082352425761575E-002   1.0085487752458405E-017
   52.7000008       3.4389651440175223E-002   1.0065446823294150E-017
   52.7999992       3.4688673975880435E-002   9.2417036942221614E-018
   52.9000015       3.4979391790425966E-002   9.7155028130480518E-018
   53.0000000       3.5261778272908190E-002   9.7116042594450053E-018
   53.0999985       3.5535808444922885E-002   9.9449761581286722E-018
   53.2000008       3.5801458961248103E-002   7.6955078041442009E-018
   53.2999992       3.6058708110202481E-002   7.2239253891458278E-018
   53.4000015       3.6307535813699506E-002   8.0645171432407776E-018
   53.5000000       3.6547923627014124E-002   7.7121335086776924E-018
   53.5999985       3.6779854738246784E-002   9.3988449877491789E-018
   53.7000008       3.7003313967465173E-002   8.0472599066943485E-018
   53.7999992       3.7218287765592772E-002   7.1192304522654115E-018
   53.9000015       3.7424764212951919E-002   7.5203143765306063E-018
   54.0000000       3.7622733017528352E-002   8.3636410406930084E-018
   54.0999985       3.7812185512930481E-002   7.4753286932609252E-018
   54.2000008       3.7993114656075924E-002   6.3996832261923697E-018
   54.2999992       3.8165515024556548E-002   6.9985539402496305E-018
   54.4000015       3.8329382813710268E-002   9.3763872464342787E-018
   54.5000000       3.8484715833435219E-002   6.9683222029878255E-018
   54.5999985       3.8631513504650390E-002   6.0771750788934285E-018
   54.7000008       3.8769776855524407E-002   8.0485364248289912E-018
   54.7999992       3.8899508517367107E-002   7.1431118704653220E-018
   54.9000015       3.9020712720268955E-002   5.0102166976804148E-018
   55.0000000       3.9133395288442313E-002   6.4887581303576740E-018
   55.0999985       3.9237563635271748E-002   5.8228349162063343E-018
   55.2000008       3.9333226758057574E-002   6.7447686606965736E-018
   55.2999992       3.9420395232537507E-002   6.4998062145968851E-018
   55.4000015       3.9499081207050916E-002   6.7117583407422000E-018
   55.5000000       3.9569298396473052E-002   7.1126535526286946E-018
   55.5999985       3.9631062075873455E-002   5.1947362306224155E-018
   55.7000008       3.9684389073867135E-002   7.0425704917220353E-018
   55.7999992       3.9729297765691958E-002   7.1054057623880519E-018
   55.9000015       3.9765808066053940E-002   4.0940994472822506E-018
   56.0000000       3.9793941421672370E-002   4.6749286475837085E-018
   56.0999985       3.9813720803527693E-002   5.9774314061214303E-018
   56.2000008       3.9825170698893707E-002   5.0961507619516861E-018
   56.2999992       3.9828317103067688E-002   4.7735119719108029E-018
   56.4000015       3.9823187510858414E-002   5.7118793272858478E-018
   56.5000000       3.9809810907788519E-002   5.1061816922487911E-018
   56.5999985       3.9788217761061714E-002   5.3762174821008754E-018
   56.7000008       3.9758440010260389E-002   3.5785504546638671E-018
   56.7999992       3.9720511057787337E-002   4.5137597342858667E-018
   56.9000015       3.9674465759065872E-002   6.3059841438289909E-018
   57.0000000       3.9620340412463262E-002   4.5547388914345328E-018
   57.0999985       3.9558172748990483E-002   7.2855028527229711E-018
   57.2000008       3.9488001921743621E-002   4.5197276048443979E-018
   57.2999992       3.9409868495099462E-002   1.4283841197723209E-018
   57.4000015       3.9323814433672319E-002   2.9559393928433373E-018
   57.5000000       3.9229883091055427E-002   5.0168872691414906E-018
   57.5999985       3.9128119198274927E-002   2.5284932171500977E-018
   57.7000008       3.9018568852058920E-002   9.2595560038703422E-019
   57.7999992       3.8901279502840586E-002   2.9292088618019105E-018
   57.9000015       3.8776299942568045E-002   2.7113260286517143E-018
   58.0000000       3.8643680292251001E-002   4.3264556317249787E-018
   58.0999985       3.8503471989307515E-002   2.2581661716969343E-018
   58.2000008       3.8355727774679611E-002   2.7530199872898259E-018
   58.2999992       3.8200501679741518E-002   3.6204149114331972E-018
   58.4000015       3.8037849012969055E-002   8.3979400756869542E-019
   58.5000000       3.7867826346435034E-002   3.0202053006397826E-018
   58.5999985       3.7690491502071773E-002   1.8396782221989745E-018
   58.7000008       3.7505903537735974E-002   1.7418601598732676E-018
   58.7999992       3.7314122733045921E-002   1.4075767170271797E-018
   58.9000015       3.7115210575044195E-002   1.3057331083031002E-018
   59.0000000       3.6909229743664264E-002   1.2409745641705023E-018
   59.0999985       3.6696244096990210E-002   2.0768555957776554E-018
   59.2000008       3.6476318656337867E-002   2.0513839566703438E-019
   59.2999992       3.6249519591146549E-002   2.6513893022569856E-019
   59.4000015       3.6015914203661084E-002   4.4461758273115944E-019
   59.5000000       3.5775570913458503E-002   1.2822008581905472E-018
   59.5999985       3.5528559241808776E-002   2.1837822823766323E-018
   59.7000008       3.5274949795823282E-002  -1.5123560082293471E-018
   59.7999992       3.5014814252454833E-002  -6.9349743542203003E-019
   59.9000015       3.4748225342331830E-002  -8.8844172283144810E-019
 &
