         7  1.2923E-02
         8  1.9940E-02
         9  2.9230E-02
        10  4.1151E-02
        11  5.5760E-02
        12  7.3863E-02
        13  9.5620E-02
        14  1.2114E-01
        15  1.5151E-01
        16  1.8666E-01
        17  2.2661E-01
        18  2.7300E-01
        19  3.2553E-01
        20  3.8450E-01
        21  4.5222E-01
        22  5.2727E-01
        23  6.1098E-01
        24  7.0529E-01
        25  8.0965E-01
        26  9.2601E-01
        27  1.0540E+00
        28  1.1935E+00
        29  1.3528E+00
        30  1.5239E+00
        31  1.7135E+00
        32  1.9231E+00
        33  2.1523E+00
        34  2.4039E+00
        35  2.6820E+00
        36  2.9879E+00
        37  3.3237E+00
        38  3.6934E+00
        39  4.1005E+00
        40  4.5496E+00
        41  5.0450E+00
        42  5.5918E+00
        43  6.1971E+00
        44  6.8680E+00
        45  7.6128E+00
        46  8.4417E+00
        47  9.3664E+00
        48  1.0401E+01
        49  1.1561E+01
        50  1.2867E+01
        51  1.4341E+01
        52  1.6011E+01
        53  1.7911E+01
        54  2.0079E+01
        55  2.2562E+01
        56  2.5415E+01
        57  2.8700E+01
        58  3.2486E+01
        59  3.6843E+01
        60  4.1835E+01
        61  4.7503E+01
        62  5.3842E+01
        63  6.0780E+01
        64  6.8158E+01
        65  7.5742E+01
        66  8.3253E+01
        67  9.0429E+01
        68  9.7072E+01
        69  1.0307E+02
        70  1.0838E+02
        71  1.1304E+02
        72  1.1709E+02
        73  1.2060E+02
        74  1.2365E+02
        75  1.2630E+02
        76  1.2861E+02
        77  1.3063E+02
        78  1.3240E+02
        79  1.3395E+02
        80  1.3533E+02
        81  1.3655E+02
        82  1.3763E+02
        83  1.3859E+02
        84  1.3946E+02
        85  1.4023E+02
        86  1.4092E+02
        87  1.4154E+02
        88  1.4210E+02
        89  1.4260E+02
        90  1.4306E+02
        91  1.4346E+02
        92  1.4383E+02
        93  1.4416E+02
        94  1.4446E+02
        95  1.4473E+02
        96  1.4498E+02
        97  1.4519E+02
        98  1.4539E+02
        99  1.4556E+02
       100  1.4571E+02
