# 181 angles,  1 tensor ranks for 0=projectile
@subtitle   "7Li(d,p)8Li(bound) 7.45AMeV FR DWBA DA1p Watson"                               
@legend ON
@legend x1 0.2
@legend y1 0.8
@g0 type LOGY
@yaxis ticklabel format power
@legend string   0 "Lab energy =   14.5700"
#legend string   0 "Partition=  1 Excit=  1 near/far= 1"
#  Theta       sigma       iT11        T20         T21         T22         Kyy for projectile
  0.1000E-01  0.1569E+16
   1.000      0.1525E+08
   2.000      0.8808E+06
   3.000      0.1548E+06
   4.000      0.4265E+05
   5.000      0.1533E+05
   6.000       6868.    
   7.000       3847.    
   8.000       2666.    
   9.000       2170.    
   10.00       1938.    
   11.00       1808.    
   12.00       1712.    
   13.00       1623.    
   14.00       1532.    
   15.00       1434.    
   16.00       1332.    
   17.00       1225.    
   18.00       1117.    
   19.00       1010.    
   20.00       904.3    
   21.00       802.9    
   22.00       706.6    
   23.00       616.2    
   24.00       532.6    
   25.00       456.1    
   26.00       386.8    
   27.00       324.8    
   28.00       269.9    
   29.00       221.8    
   30.00       180.2    
   31.00       144.6    
   32.00       114.4    
   33.00       89.28    
   34.00       68.56    
   35.00       51.75    
   36.00       38.35    
   37.00       27.88    
   38.00       19.89    
   39.00       13.98    
   40.00       9.788    
   41.00       6.979    
   42.00       5.275    
   43.00       4.430    
   44.00       4.235    
   45.00       4.516    
   46.00       5.129    
   47.00       5.955    
   48.00       6.898    
   49.00       7.885    
   50.00       8.857    
   51.00       9.769    
   52.00       10.59    
   53.00       11.30    
   54.00       11.88    
   55.00       12.32    
   56.00       12.63    
   57.00       12.80    
   58.00       12.83    
   59.00       12.75    
   60.00       12.56    
   61.00       12.28    
   62.00       11.91    
   63.00       11.48    
   64.00       11.00    
   65.00       10.50    
   66.00       9.987    
   67.00       9.485    
   68.00       9.009    
   69.00       8.576    
   70.00       8.200    
   71.00       7.896    
   72.00       7.674    
   73.00       7.541    
   74.00       7.506    
   75.00       7.570    
   76.00       7.735    
   77.00       7.999    
   78.00       8.358    
   79.00       8.806    
   80.00       9.335    
   81.00       9.933    
   82.00       10.59    
   83.00       11.29    
   84.00       12.03    
   85.00       12.78    
   86.00       13.54    
   87.00       14.28    
   88.00       15.01    
   89.00       15.70    
   90.00       16.34    
   91.00       16.93    
   92.00       17.45    
   93.00       17.90    
   94.00       18.27    
   95.00       18.56    
   96.00       18.76    
   97.00       18.86    
   98.00       18.88    
   99.00       18.81    
   100.0       18.65    
   101.0       18.41    
   102.0       18.08    
   103.0       17.68    
   104.0       17.20    
   105.0       16.65    
   106.0       16.04    
   107.0       15.38    
   108.0       14.68    
   109.0       13.93    
   110.0       13.15    
   111.0       12.35    
   112.0       11.54    
   113.0       10.72    
   114.0       9.911    
   115.0       9.113    
   116.0       8.339    
   117.0       7.597    
   118.0       6.895    
   119.0       6.242    
   120.0       5.646    
   121.0       5.112    
   122.0       4.647    
   123.0       4.256    
   124.0       3.941    
   125.0       3.704    
   126.0       3.548    
   127.0       3.470    
   128.0       3.470    
   129.0       3.543    
   130.0       3.686    
   131.0       3.891    
   132.0       4.152    
   133.0       4.462    
   134.0       4.811    
   135.0       5.192    
   136.0       5.594    
   137.0       6.009    
   138.0       6.429    
   139.0       6.846    
   140.0       7.252    
   141.0       7.644    
   142.0       8.015    
   143.0       8.365    
   144.0       8.692    
   145.0       8.996    
   146.0       9.282    
   147.0       9.553    
   148.0       9.816    
   149.0       10.08    
   150.0       10.35    
   151.0       10.64    
   152.0       10.95    
   153.0       11.31    
   154.0       11.71    
   155.0       12.17    
   156.0       12.71    
   157.0       13.31    
   158.0       14.00    
   159.0       14.78    
   160.0       15.64    
   161.0       16.60    
   162.0       17.63    
   163.0       18.75    
   164.0       19.94    
   165.0       21.19    
   166.0       22.48    
   167.0       23.80    
   168.0       25.14    
   169.0       26.47    
   170.0       27.78    
   171.0       29.05    
   172.0       30.25    
   173.0       31.36    
   174.0       32.37    
   175.0       33.25    
   176.0       34.00    
   177.0       34.60    
   178.0       35.03    
   179.0       35.30    
   180.0       35.38    
 END
