# 181 angles,  1 tensor ranks for 0=projectile
@subtitle   "7Li(d,p)8Li(bound) 7.45AMeV FR DWBA DA1p Watson"                               
@legend ON
@legend x1 0.2
@legend y1 0.8
@g0 type LOGY
@yaxis ticklabel format power
@legend string   0 "Lab energy =   14.5700"
#legend string   0 "Partition=  2 Excit=  3 near/far= 1"
#  Theta       sigma       iT11        T20         T21         T22         Kyy for projectile
   0.000       164.1    
   1.000       163.5    
   2.000       161.7    
   3.000       158.7    
   4.000       154.6    
   5.000       149.4    
   6.000       143.3    
   7.000       136.4    
   8.000       128.8    
   9.000       120.7    
   10.00       112.4    
   11.00       104.1    
   12.00       95.73    
   13.00       87.60    
   14.00       79.75    
   15.00       72.24    
   16.00       65.11    
   17.00       58.38    
   18.00       52.07    
   19.00       46.19    
   20.00       40.75    
   21.00       35.76    
   22.00       31.23    
   23.00       27.14    
   24.00       23.51    
   25.00       20.29    
   26.00       17.48    
   27.00       15.03    
   28.00       12.92    
   29.00       11.10    
   30.00       9.541    
   31.00       8.217    
   32.00       7.096    
   33.00       6.155    
   34.00       5.371    
   35.00       4.721    
   36.00       4.187    
   37.00       3.748    
   38.00       3.389    
   39.00       3.094    
   40.00       2.851    
   41.00       2.648    
   42.00       2.477    
   43.00       2.330    
   44.00       2.202    
   45.00       2.087    
   46.00       1.983    
   47.00       1.885    
   48.00       1.790    
   49.00       1.699    
   50.00       1.608    
   51.00       1.519    
   52.00       1.431    
   53.00       1.345    
   54.00       1.261    
   55.00       1.179    
   56.00       1.101    
   57.00       1.027    
   58.00      0.9570    
   59.00      0.8930    
   60.00      0.8351    
   61.00      0.7839    
   62.00      0.7400    
   63.00      0.7038    
   64.00      0.6755    
   65.00      0.6552    
   66.00      0.6430    
   67.00      0.6386    
   68.00      0.6420    
   69.00      0.6528    
   70.00      0.6707    
   71.00      0.6953    
   72.00      0.7260    
   73.00      0.7622    
   74.00      0.8034    
   75.00      0.8490    
   76.00      0.8983    
   77.00      0.9508    
   78.00       1.006    
   79.00       1.063    
   80.00       1.121    
   81.00       1.179    
   82.00       1.237    
   83.00       1.294    
   84.00       1.350    
   85.00       1.403    
   86.00       1.455    
   87.00       1.504    
   88.00       1.551    
   89.00       1.595    
   90.00       1.637    
   91.00       1.674    
   92.00       1.708    
   93.00       1.738    
   94.00       1.763    
   95.00       1.784    
   96.00       1.800    
   97.00       1.812    
   98.00       1.820    
   99.00       1.825    
   100.0       1.827    
   101.0       1.825    
   102.0       1.820    
   103.0       1.812    
   104.0       1.801    
   105.0       1.785    
   106.0       1.767    
   107.0       1.745    
   108.0       1.719    
   109.0       1.691    
   110.0       1.661    
   111.0       1.628    
   112.0       1.593    
   113.0       1.557    
   114.0       1.520    
   115.0       1.481    
   116.0       1.441    
   117.0       1.399    
   118.0       1.357    
   119.0       1.312    
   120.0       1.267    
   121.0       1.220    
   122.0       1.173    
   123.0       1.125    
   124.0       1.077    
   125.0       1.030    
   126.0      0.9823    
   127.0      0.9355    
   128.0      0.8893    
   129.0      0.8439    
   130.0      0.7995    
   131.0      0.7560    
   132.0      0.7138    
   133.0      0.6729    
   134.0      0.6335    
   135.0      0.5958    
   136.0      0.5598    
   137.0      0.5257    
   138.0      0.4934    
   139.0      0.4630    
   140.0      0.4345    
   141.0      0.4081    
   142.0      0.3837    
   143.0      0.3614    
   144.0      0.3412    
   145.0      0.3231    
   146.0      0.3070    
   147.0      0.2929    
   148.0      0.2807    
   149.0      0.2701    
   150.0      0.2612    
   151.0      0.2538    
   152.0      0.2479    
   153.0      0.2433    
   154.0      0.2400    
   155.0      0.2378    
   156.0      0.2366    
   157.0      0.2362    
   158.0      0.2364    
   159.0      0.2370    
   160.0      0.2381    
   161.0      0.2393    
   162.0      0.2408    
   163.0      0.2425    
   164.0      0.2442    
   165.0      0.2461    
   166.0      0.2479    
   167.0      0.2496    
   168.0      0.2512    
   169.0      0.2527    
   170.0      0.2539    
   171.0      0.2549    
   172.0      0.2558    
   173.0      0.2565    
   174.0      0.2572    
   175.0      0.2577    
   176.0      0.2582    
   177.0      0.2587    
   178.0      0.2590    
   179.0      0.2592    
   180.0      0.2593    
 END
