# KN1=   7   3
  0.0021000    0.0129   18.621463    0.000   -2.882    2.895    0.051
  0.0028023    0.0199   11.468094    0.000   -4.230    4.250    0.074
  0.0036057    0.0292    9.909989    0.000   -5.859    5.889    0.103
  0.0045102    0.0412    8.694727    0.000   -7.759    7.800    0.136
  0.0055158    0.0558    7.887877    0.000   -9.913    9.969    0.173
  0.0066226    0.0739    7.005860    0.000  -12.305   12.379    0.214
  0.0078304    0.0956    6.361555    0.000  -14.916   15.012    0.259
  0.0091394    0.1211    5.877998    0.000  -17.727   17.848    0.306
  0.0105495    0.1515    5.320832    0.000  -20.720   20.871    0.356
  0.0120608    0.1867    4.926302    0.000  -23.877   24.063    0.408
  0.0136731    0.2266    4.625006    0.000  -27.182   27.408    0.460
  0.0153866    0.2730    4.232591    0.000  -30.621   30.894    0.513
  0.0172012    0.3255    3.958482    0.000  -34.181   34.507    0.567
  0.0191170    0.3845    3.722899    0.000  -37.850   38.235    0.619
  0.0211338    0.4522    3.412657    0.000  -41.618   42.070    0.670
  0.0232518    0.5273    3.233859    0.000  -45.475   46.002    0.719
  0.0254709    0.6110    3.037865    0.000  -49.412   50.023    0.766
  0.0277911    0.7053    2.818989    0.000  -53.423   54.128    0.810
  0.0302124    0.8096    2.658799    0.000  -57.500   58.309    0.851
  0.0327349    0.9260    2.484205    0.000  -61.637   62.563    0.888
  0.0353585    1.0540    2.348985    0.000  -65.830   66.884    0.920
  0.0380832    1.1935    2.238757    0.000  -70.072   71.266    0.947
  0.0409090    1.3528    2.031621    0.000  -74.361   75.714    0.969
  0.0438359    1.5239    1.961321    0.000  -78.692   80.216    0.985
  0.0468640    1.7135    1.830007    0.000  -83.062   84.776    0.996
  0.0499932    1.9231    1.710689    0.000  -87.468   89.391    1.000
  0.0532235    2.1523    1.614782    0.000  -91.906   94.059    0.997
  0.0565549    2.4039    1.517225    0.000  -96.375   98.779    0.988
  0.0599875    2.6820    1.414447    0.000 -100.872  103.554    0.972
  0.0635212    2.9879    1.323763    0.000 -105.395  108.383    0.949
  0.0671560    3.3237    1.240472    0.000 -109.943  113.266    0.919
  0.0708919    3.6934    1.157887    0.000 -114.512  118.206    0.881
  0.0747289    4.1005    1.080131    0.000 -119.103  123.203    0.837
  0.0786671    4.5496    1.004799    0.000 -123.713  128.263    0.785
  0.0827064    5.0450    0.934255    0.000 -128.341  133.386    0.727
  0.0868468    5.5918    0.867702    0.000 -132.986  138.578    0.662
  0.0910883    6.1971    0.803090    0.000 -137.648  143.845    0.590
  0.0954310    6.8680    0.741679    0.000 -142.324  149.192    0.512
  0.0998747    7.6128    0.683684    0.000 -147.014  154.627    0.429
  0.1044196    8.4417    0.628334    0.000 -151.717  160.159    0.339
  0.1090656    9.3664    0.575726    0.000 -156.432  165.799    0.245
  0.1138128   10.4007    0.525956    0.000 -161.160  171.560    0.147
  0.1186610   11.5610    0.478837    0.000 -165.898  177.459    0.044
  0.1236104   12.8666    0.434391    0.000 -170.646  183.513   -0.061
  0.1286609   14.3408    0.392588    0.000 -175.404  189.745   -0.169
  0.1338126   16.0111    0.353415    0.000  179.828 -163.817   -0.279
  0.1390653   17.9108    0.316859    0.000  175.052 -157.141   -0.388
  0.1444192   20.0790    0.282961    0.000  170.267 -150.188   -0.497
  0.1498742   22.5624    0.251708    0.000  165.475 -142.912   -0.603
  0.1554303   25.4153    0.223166    0.000  160.675 -135.260   -0.704
  0.1610875   28.7005    0.197333    0.000  155.868 -127.168   -0.797
  0.1668459   32.4865    0.174290    0.000  151.054 -118.568   -0.878
  0.1727054   36.8434    0.154110    0.000  146.234 -109.391   -0.943
  0.1786660   41.8354    0.136826    0.000  141.408  -99.573   -0.986
  0.1847277   47.5029    0.122563    0.000  136.576  -89.073   -1.000
  0.1908905   53.8419    0.111407    0.000  131.739  -77.897   -0.978
  0.1971545   60.7800    0.103458    0.000  126.896  -66.116   -0.914
  0.2035196   68.1584    0.098854    0.000  122.048  -53.890   -0.808
  0.2099858   75.7419    0.097708    0.000  117.196  -41.454   -0.662
  0.2165531   83.2528    0.100196    0.000  112.338  -29.085   -0.486
  0.2232216   90.4291    0.106483    0.000  107.477  -17.048   -0.293
  0.2299912   97.0719    0.116779    0.000  102.611   -5.539   -0.097
  0.2368619  103.0679    0.131309    0.000   97.741    5.327    0.093
  0.2438337  108.3826    0.150322    0.000   92.867   15.515    0.267
  0.2509066  113.0380    0.174097    0.000   87.990   25.048    0.423
  0.2580807  117.0890    0.202936    0.000   83.109   33.980    0.559
  0.2653559  120.6041    0.237168    0.000   78.224   42.380    0.674
  0.2727322  123.6536    0.277184    0.000   73.337   50.317    0.770
  0.2802096  126.3033    0.323378    0.000   68.446   57.858    0.847
  0.2877882  128.6116    0.376219    0.000   63.552   65.060    0.907
  0.2954679  130.6289    0.436229    0.000   58.655   71.974    0.951
  0.3032486  132.3978    0.504057    0.000   53.755   78.643    0.980
  0.3111306  133.9548    0.580105    0.000   48.853   85.102    0.996
  0.3191136  135.3297    0.665323    0.000   43.948   91.382    1.000
  0.3271978  136.5479    0.760494    0.000   39.040   97.507    0.991
  0.3353831  137.6298    0.866891    0.000   34.131  103.499    0.972
  0.3436695  138.5942    0.984620    0.000   29.218  109.376    0.943
  0.3520570  139.4557    1.115713    0.000   24.304  115.152    0.905
  0.3605456  140.2269    1.261359    0.000   19.387  120.840    0.859
  0.3691354  140.9186    1.422991    0.000   14.469  126.450    0.804
  0.3778263  141.5397    1.603404    0.000    9.548  131.992    0.743
  0.3866183  142.0984    1.803160    0.000    4.625  137.473    0.676
  0.3955114  142.6018    2.024596    0.000   -0.300  142.901    0.603
  0.4045057  143.0555    2.271744    0.000   -5.226  148.282    0.526
  0.4136011  143.4641    2.550758    0.000  -10.154  153.618    0.444
  0.4227976  143.8327    2.858932    0.000  -15.084  158.917    0.360
  0.4320952  144.1648    3.207850    0.000  -20.016  164.181    0.273
  0.4414940  144.4641    3.599198    0.000  -24.949  169.413    0.184
  0.4509938  144.7334    4.042093    0.000  -29.884  174.617    0.094
  0.4605948  144.9754    4.545736    0.000  -34.820  179.796    0.004
  0.4702969  145.1925    5.121079    0.000  -39.758  184.950   -0.086
  0.4801002  145.3868    5.782301    0.000  -44.697  190.084   -0.175
  0.4900045  145.5601    6.548012    0.000  -49.638  195.198   -0.262
  0.5000100  145.7141    7.445011    0.000  -54.580  200.294   -0.347
 &
