# 181 angles,  1 tensor ranks for 0=projectile
@subtitle   "7Li(d,p)8Li(bound) 7.45AMeV FR DWBA DA1p Watson"                               
@legend ON
@legend x1 0.2
@legend y1 0.8
@g0 type LOGY
@yaxis ticklabel format power
@legend string   0 "Lab energy =   14.5700"
#legend string   0 "Partition=  2 Excit=  4 near/far= 1"
#  Theta       sigma       iT11        T20         T21         T22         Kyy for projectile
   0.000       162.7    
   1.000       162.1    
   2.000       160.3    
   3.000       157.1    
   4.000       152.7    
   5.000       147.1    
   6.000       140.3    
   7.000       132.6    
   8.000       124.2    
   9.000       115.4    
   10.00       106.5    
   11.00       97.81    
   12.00       89.46    
   13.00       81.59    
   14.00       74.20    
   15.00       67.28    
   16.00       60.77    
   17.00       54.61    
   18.00       48.78    
   19.00       43.26    
   20.00       38.09    
   21.00       33.29    
   22.00       28.92    
   23.00       25.00    
   24.00       21.53    
   25.00       18.52    
   26.00       15.92    
   27.00       13.69    
   28.00       11.77    
   29.00       10.13    
   30.00       8.726    
   31.00       7.524    
   32.00       6.502    
   33.00       5.643    
   34.00       4.927    
   35.00       4.338    
   36.00       3.857    
   37.00       3.465    
   38.00       3.143    
   39.00       2.877    
   40.00       2.654    
   41.00       2.466    
   42.00       2.304    
   43.00       2.165    
   44.00       2.043    
   45.00       1.935    
   46.00       1.836    
   47.00       1.744    
   48.00       1.654    
   49.00       1.566    
   50.00       1.479    
   51.00       1.392    
   52.00       1.307    
   53.00       1.224    
   54.00       1.143    
   55.00       1.065    
   56.00      0.9911    
   57.00      0.9209    
   58.00      0.8552    
   59.00      0.7946    
   60.00      0.7401    
   61.00      0.6921    
   62.00      0.6513    
   63.00      0.6179    
   64.00      0.5919    
   65.00      0.5734    
   66.00      0.5621    
   67.00      0.5580    
   68.00      0.5609    
   69.00      0.5705    
   70.00      0.5867    
   71.00      0.6089    
   72.00      0.6366    
   73.00      0.6692    
   74.00      0.7061    
   75.00      0.7469    
   76.00      0.7910    
   77.00      0.8382    
   78.00      0.8881    
   79.00      0.9399    
   80.00      0.9929    
   81.00       1.046    
   82.00       1.098    
   83.00       1.149    
   84.00       1.197    
   85.00       1.244    
   86.00       1.288    
   87.00       1.331    
   88.00       1.372    
   89.00       1.413    
   90.00       1.451    
   91.00       1.487    
   92.00       1.520    
   93.00       1.548    
   94.00       1.571    
   95.00       1.589    
   96.00       1.601    
   97.00       1.610    
   98.00       1.615    
   99.00       1.618    
   100.0       1.619    
   101.0       1.619    
   102.0       1.618    
   103.0       1.614    
   104.0       1.607    
   105.0       1.597    
   106.0       1.582    
   107.0       1.563    
   108.0       1.540    
   109.0       1.513    
   110.0       1.484    
   111.0       1.453    
   112.0       1.422    
   113.0       1.390    
   114.0       1.359    
   115.0       1.327    
   116.0       1.294    
   117.0       1.260    
   118.0       1.225    
   119.0       1.188    
   120.0       1.148    
   121.0       1.107    
   122.0       1.064    
   123.0       1.021    
   124.0      0.9769    
   125.0      0.9336    
   126.0      0.8910    
   127.0      0.8492    
   128.0      0.8083    
   129.0      0.7683    
   130.0      0.7291    
   131.0      0.6909    
   132.0      0.6537    
   133.0      0.6178    
   134.0      0.5832    
   135.0      0.5502    
   136.0      0.5188    
   137.0      0.4888    
   138.0      0.4602    
   139.0      0.4330    
   140.0      0.4071    
   141.0      0.3828    
   142.0      0.3601    
   143.0      0.3391    
   144.0      0.3200    
   145.0      0.3027    
   146.0      0.2872    
   147.0      0.2734    
   148.0      0.2611    
   149.0      0.2501    
   150.0      0.2404    
   151.0      0.2320    
   152.0      0.2250    
   153.0      0.2194    
   154.0      0.2152    
   155.0      0.2121    
   156.0      0.2101    
   157.0      0.2088    
   158.0      0.2080    
   159.0      0.2074    
   160.0      0.2070    
   161.0      0.2068    
   162.0      0.2067    
   163.0      0.2068    
   164.0      0.2072    
   165.0      0.2079    
   166.0      0.2086    
   167.0      0.2094    
   168.0      0.2101    
   169.0      0.2105    
   170.0      0.2108    
   171.0      0.2107    
   172.0      0.2106    
   173.0      0.2104    
   174.0      0.2104    
   175.0      0.2104    
   176.0      0.2106    
   177.0      0.2109    
   178.0      0.2112    
   179.0      0.2115    
   180.0      0.2116    
 END
