 Overlap wf  3#  1/  1 of <7Li     |8Li     >: lsj,I;J =  1  0.5  1.5,  1.5;  2.0 @ -2.03300 MeV
         601  0.100000001               0
  2.1452E-03  2.7904E-02  5.3663E-02  7.9381E-02  1.0440E-01  1.2838E-01
  1.5109E-01  1.7231E-01  1.9185E-01  2.0955E-01  2.2529E-01  2.3897E-01
  2.5052E-01  2.5992E-01  2.6716E-01  2.7229E-01  2.7536E-01  2.7647E-01
  2.7576E-01  2.7335E-01  2.6941E-01  2.6412E-01  2.5767E-01  2.5024E-01
  2.4201E-01  2.3317E-01  2.2388E-01  2.1431E-01  2.0459E-01  1.9484E-01
  1.8517E-01  1.7567E-01  1.6640E-01  1.5743E-01  1.4879E-01  1.4051E-01
  1.3261E-01  1.2510E-01  1.1798E-01  1.1125E-01  1.0489E-01  9.8903E-02
  9.3268E-02  8.7971E-02  8.2995E-02  7.8323E-02  7.3939E-02  6.9825E-02
  6.5966E-02  6.2345E-02  5.8947E-02  5.5758E-02  5.2764E-02  4.9952E-02
  4.7311E-02  4.4828E-02  4.2494E-02  4.0298E-02  3.8231E-02  3.6286E-02
  3.4453E-02  3.2725E-02  3.1096E-02  2.9559E-02  2.8108E-02  2.6738E-02
  2.5444E-02  2.4221E-02  2.3064E-02  2.1969E-02  2.0933E-02  1.9952E-02
  1.9022E-02  1.8141E-02  1.7306E-02  1.6513E-02  1.5761E-02  1.5048E-02
  1.4370E-02  1.3726E-02  1.3114E-02  1.2532E-02  1.1979E-02  1.1453E-02
  1.0952E-02  1.0476E-02  1.0022E-02  9.5895E-03  9.1777E-03  8.7852E-03
  8.4111E-03  8.0544E-03  7.7142E-03  7.3896E-03  7.0799E-03  6.7843E-03
  6.5021E-03  6.2326E-03  5.9751E-03  5.7292E-03  5.4943E-03  5.2697E-03
  5.0550E-03  4.8497E-03  4.6534E-03  4.4656E-03  4.2860E-03  4.1141E-03
  3.9496E-03  3.7922E-03  3.6414E-03  3.4971E-03  3.3588E-03  3.2264E-03
  3.0996E-03  2.9780E-03  2.8615E-03  2.7499E-03  2.6429E-03  2.5403E-03
  2.4420E-03  2.3476E-03  2.2572E-03  2.1704E-03  2.0872E-03  2.0073E-03
  1.9306E-03  1.8571E-03  1.7865E-03  1.7187E-03  1.6536E-03  1.5911E-03
  1.5312E-03  1.4735E-03  1.4182E-03  1.3650E-03  1.3140E-03  1.2649E-03
  1.2178E-03  1.1725E-03  1.1289E-03  1.0871E-03  1.0469E-03  1.0082E-03
  9.7103E-04  9.3529E-04  9.0092E-04  8.6786E-04  8.3608E-04  8.0550E-04
  7.7609E-04  7.4780E-04  7.2058E-04  6.9440E-04  6.6920E-04  6.4495E-04
  6.2162E-04  5.9916E-04  5.7755E-04  5.5674E-04  5.3672E-04  5.1744E-04
  4.9887E-04  4.8100E-04  4.6379E-04  4.4722E-04  4.3126E-04  4.1589E-04
  4.0109E-04  3.8683E-04  3.7310E-04  3.5987E-04  3.4712E-04  3.3484E-04
  3.2301E-04  3.1161E-04  3.0063E-04  2.9004E-04  2.7984E-04  2.7001E-04
  2.6053E-04  2.5140E-04  2.4260E-04  2.3411E-04  2.2593E-04  2.1805E-04
  2.1045E-04  2.0312E-04  1.9605E-04  1.8923E-04  1.8266E-04  1.7632E-04
  1.7021E-04  1.6432E-04  1.5864E-04  1.5315E-04  1.4787E-04  1.4277E-04
  1.3785E-04  1.3310E-04  1.2852E-04  1.2410E-04  1.1984E-04  1.1573E-04
  1.1176E-04  1.0794E-04  1.0424E-04  1.0068E-04  9.7238E-05  9.3919E-05
  9.0715E-05  8.7624E-05  8.4640E-05  8.1760E-05  7.8980E-05  7.6297E-05
  7.3707E-05  7.1207E-05  6.8794E-05  6.6464E-05  6.4214E-05  6.2043E-05
  5.9946E-05  5.7922E-05  5.5967E-05  5.4080E-05  5.2257E-05  5.0498E-05
  4.8798E-05  4.7157E-05  4.5573E-05  4.4042E-05  4.2564E-05  4.1137E-05
  3.9758E-05  3.8427E-05  3.7140E-05  3.5898E-05  3.4698E-05  3.3539E-05
  3.2419E-05  3.1337E-05  3.0292E-05  2.9283E-05  2.8308E-05  2.7365E-05
  2.6455E-05  2.5576E-05  2.4726E-05  2.3905E-05  2.3111E-05  2.2345E-05
  2.1604E-05  2.0888E-05  2.0197E-05  1.9528E-05  1.8882E-05  1.8258E-05
  1.7655E-05  1.7072E-05  1.6508E-05  1.5964E-05  1.5438E-05  1.4929E-05
  1.4437E-05  1.3962E-05  1.3502E-05  1.3058E-05  1.2629E-05  1.2214E-05
  1.1813E-05  1.1425E-05  1.1051E-05  1.0688E-05  1.0338E-05  9.9994E-06
  9.6720E-06  9.3554E-06  9.0494E-06  8.7535E-06  8.4675E-06  8.1908E-06
  7.9234E-06  7.6648E-06  7.4148E-06  7.1730E-06  6.9392E-06  6.7131E-06
  6.4945E-06  6.2831E-06  6.0786E-06  5.8809E-06  5.6897E-06  5.5048E-06
  5.3260E-06  5.1531E-06  4.9858E-06  4.8241E-06  4.6676E-06  4.5163E-06
  4.3700E-06  4.2284E-06  4.0915E-06  3.9591E-06  3.8310E-06  3.7071E-06
  3.5873E-06  3.4713E-06  3.3592E-06  3.2507E-06  3.1458E-06  3.0443E-06
  2.9461E-06  2.8511E-06  2.7592E-06  2.6703E-06  2.5843E-06  2.5011E-06
  2.4206E-06  2.3427E-06  2.2673E-06  2.1944E-06  2.1239E-06  2.0557E-06
  1.9896E-06  1.9258E-06  1.8639E-06  1.8041E-06  1.7463E-06  1.6903E-06
  1.6361E-06  1.5837E-06  1.5329E-06  1.4838E-06  1.4363E-06  1.3904E-06
  1.3459E-06  1.3028E-06  1.2612E-06  1.2209E-06  1.1819E-06  1.1441E-06
  1.1076E-06  1.0722E-06  1.0380E-06  1.0049E-06  9.7283E-07  9.4181E-07
  9.1179E-07  8.8273E-07  8.5461E-07  8.2739E-07  8.0105E-07  7.7555E-07
  7.5087E-07  7.2699E-07  7.0387E-07  6.8149E-07  6.5983E-07  6.3886E-07
  6.1857E-07  5.9892E-07  5.7990E-07  5.6150E-07  5.4368E-07  5.2643E-07
  5.0974E-07  4.9357E-07  4.7793E-07  4.6278E-07  4.4812E-07  4.3392E-07
  4.2018E-07  4.0688E-07  3.9400E-07  3.8154E-07  3.6947E-07  3.5778E-07
  3.4647E-07  3.3552E-07  3.2491E-07  3.1465E-07  3.0471E-07  2.9509E-07
  2.8577E-07  2.7675E-07  2.6802E-07  2.5956E-07  2.5137E-07  2.4345E-07
  2.3577E-07  2.2834E-07  2.2115E-07  2.1418E-07  2.0743E-07  2.0090E-07
  1.9458E-07  1.8845E-07  1.8252E-07  1.7678E-07  1.7122E-07  1.6583E-07
  1.6062E-07  1.5557E-07  1.5068E-07  1.4595E-07  1.4136E-07  1.3692E-07
  1.3262E-07  1.2846E-07  1.2443E-07  1.2052E-07  1.1674E-07  1.1308E-07
  1.0953E-07  1.0610E-07  1.0277E-07  9.9552E-08  9.6433E-08  9.3411E-08
  9.0486E-08  8.7652E-08  8.4908E-08  8.2250E-08  7.9675E-08  7.7182E-08
  7.4768E-08  7.2429E-08  7.0164E-08  6.7970E-08  6.5845E-08  6.3787E-08
  6.1794E-08  5.9863E-08  5.7994E-08  5.6182E-08  5.4428E-08  5.2729E-08
  5.1083E-08  4.9489E-08  4.7945E-08  4.6449E-08  4.5000E-08  4.3597E-08
  4.2237E-08  4.0921E-08  3.9645E-08  3.8410E-08  3.7213E-08  3.6054E-08
  3.4931E-08  3.3843E-08  3.2789E-08  3.1769E-08  3.0780E-08  2.9822E-08
  2.8894E-08  2.7995E-08  2.7124E-08  2.6281E-08  2.5464E-08  2.4672E-08
  2.3905E-08  2.3162E-08  2.2443E-08  2.1745E-08  2.1070E-08  2.0416E-08
  1.9782E-08  1.9167E-08  1.8572E-08  1.7996E-08  1.7438E-08  1.6896E-08
  1.6372E-08  1.5864E-08  1.5372E-08  1.4896E-08  1.4434E-08  1.3987E-08
  1.3553E-08  1.3133E-08  1.2726E-08  1.2332E-08  1.1950E-08  1.1580E-08
  1.1221E-08  1.0874E-08  1.0537E-08  1.0211E-08  9.8950E-09  9.5889E-09
  9.2922E-09  9.0048E-09  8.7263E-09  8.4564E-09  8.1949E-09  7.9416E-09
  7.6961E-09  7.4582E-09  7.2277E-09  7.0044E-09  6.7880E-09  6.5783E-09
  6.3752E-09  6.1783E-09  5.9875E-09  5.8027E-09  5.6236E-09  5.4500E-09
  5.2818E-09  5.1188E-09  4.9609E-09  4.8079E-09  4.6596E-09  4.5159E-09
  4.3766E-09  4.2417E-09  4.1110E-09  3.9842E-09  3.8615E-09  3.7425E-09
  3.6272E-09  3.5154E-09  3.4071E-09  3.3022E-09  3.2005E-09  3.1020E-09
  3.0065E-09  2.9139E-09  2.8242E-09  2.7373E-09  2.6531E-09  2.5714E-09
  2.4923E-09  2.4157E-09  2.3414E-09  2.2694E-09  2.1996E-09  2.1320E-09
  2.0664E-09  2.0029E-09  1.9413E-09  1.8817E-09  1.8239E-09  1.7678E-09
  1.7135E-09  1.6609E-09  1.6099E-09  1.5604E-09  1.5125E-09  1.4661E-09
  1.4211E-09  1.3775E-09  1.3352E-09  1.2942E-09  1.2545E-09  1.2160E-09
  1.1787E-09  1.1426E-09  1.1075E-09  1.0736E-09  1.0406E-09  1.0087E-09
  9.7781E-10  9.4783E-10  9.1878E-10  8.9063E-10  8.6333E-10  8.3688E-10
  8.1124E-10  7.8639E-10  7.6231E-10  7.3896E-10  7.1633E-10  6.9440E-10
  6.7314E-10  6.5253E-10  6.3256E-10  6.1320E-10  5.9443E-10  5.7624E-10
  5.5861E-10  5.4152E-10  5.2495E-10  5.0890E-10  4.9333E-10  4.7824E-10
  4.6362E-10  4.4944E-10  4.3570E-10  4.2239E-10  4.0947E-10  3.9696E-10
  3.8483E-10  3.7307E-10  3.6167E-10  3.5062E-10  3.3991E-10  3.2953E-10
 -1.5897E-30
 -2.2760E-01 -1.3096E+00 -2.3916E+00 -3.4654E+00 -4.4974E+00 -5.4715E+00
 -6.3746E+00 -7.1953E+00 -7.9232E+00 -8.5494E+00 -9.0664E+00 -9.4686E+00
 -9.7521E+00 -9.9154E+00 -9.9591E+00 -9.8863E+00 -9.7028E+00 -9.4167E+00
 -9.0386E+00 -8.5812E+00 -8.0589E+00 -7.4874E+00 -6.8827E+00 -6.2609E+00
 -5.6372E+00 -5.0255E+00 -4.4373E+00 -3.8824E+00 -3.3675E+00 -2.8974E+00
 -2.4743E+00 -2.0984E+00 -1.7684E+00 -1.4820E+00 -1.2357E+00 -1.0258E+00
 -8.4817E-01 -6.9895E-01 -5.7431E-01 -4.7073E-01 -3.8502E-01 -3.1438E-01
 -2.5633E-01 -2.0875E-01 -1.6985E-01 -1.3810E-01 -1.1223E-01 -9.1165E-02
 -7.4037E-02 -6.0119E-02 -4.8815E-02 -3.9637E-02 -3.2188E-02 -2.6143E-02
 -2.1237E-02 -1.7256E-02 -1.4025E-02 -1.1402E-02 -9.2721E-03 -7.5426E-03
 -6.1376E-03 -4.9960E-03 -4.0681E-03 -3.3137E-03 -2.7000E-03 -2.2008E-03
 -1.7944E-03 -1.4636E-03 -1.1941E-03 -9.7456E-04 -7.9563E-04 -6.4975E-04
 -5.3078E-04 -4.3372E-04 -3.5451E-04 -2.8985E-04 -2.3705E-04 -1.9392E-04
 -1.5868E-04 -1.2987E-04 -1.0632E-04 -8.7066E-05 -7.1314E-05 -5.8425E-05
 -4.7876E-05 -3.9241E-05 -3.2170E-05 -2.6379E-05 -2.1635E-05 -1.7747E-05
 -1.4561E-05 -1.1950E-05 -9.8081E-06 -8.0518E-06 -6.6112E-06 -5.4293E-06
 -4.4595E-06 -3.6635E-06 -3.0101E-06 -2.4736E-06 -2.0330E-06 -1.6712E-06
 -1.3740E-06 -1.1298E-06 -9.2910E-07 -7.6418E-07 -6.2862E-07 -5.1718E-07
 -4.2555E-07 -3.5020E-07 -2.8823E-07 -2.3725E-07 -1.9531E-07 -1.6081E-07
 -1.3241E-07 -1.0905E-07 -8.9813E-08 -7.3979E-08 -6.0944E-08 -5.0210E-08
 -4.1372E-08 -3.4092E-08 -2.8097E-08 -2.3158E-08 -1.9089E-08 -1.5736E-08
 -1.2974E-08 -1.0697E-08 -8.8207E-09 -7.2741E-09 -5.9992E-09 -4.9482E-09
 -4.0817E-09 -3.3672E-09 -2.7780E-09 -2.2920E-09 -1.8913E-09 -1.5607E-09
 -1.2880E-09 -1.0630E-09 -8.7739E-10 -7.2424E-10 -5.9787E-10 -4.9358E-10
 -4.0751E-10 -3.3647E-10 -2.7784E-10 -2.2943E-10 -1.8948E-10 -1.5649E-10
 -1.2925E-10 -1.0676E-10 -8.8189E-11 -7.2853E-11 -6.0187E-11 -4.9726E-11
 -4.1086E-11 -3.3949E-11 -2.8053E-11 -2.3182E-11 -1.9158E-11 -1.5834E-11
 -1.3087E-11 -1.0817E-11 -8.9414E-12 -7.3913E-12 -6.1103E-12 -5.0515E-12
 -4.1764E-12 -3.4530E-12 -2.8551E-12 -2.3608E-12 -1.9522E-12 -1.6144E-12
 -1.3351E-12 -1.1042E-12 -9.1323E-13 -7.5533E-13 -6.2477E-13 -5.1679E-13
 -4.2749E-13 -3.5364E-13 -2.9256E-13 -2.4204E-13 -2.0025E-13 -1.6568E-13
 -1.3708E-13 -1.1343E-13 -9.3860E-14 -7.7669E-14 -6.4274E-14 -5.3191E-14
 -4.4020E-14 -3.6432E-14 -3.0153E-14 -2.4957E-14 -2.0657E-14 -1.7099E-14
 -1.4154E-14 -1.1716E-14 -9.6992E-15 -8.0294E-15 -6.6474E-15 -5.5034E-15
 -4.5564E-15 -3.7725E-15 -3.1236E-15 -2.5863E-15 -2.1416E-15 -1.7733E-15
 -1.4685E-15 -1.2160E-15 -1.0070E-15 -8.3398E-16 -6.9068E-16 -5.7202E-16
 -4.7376E-16 -3.9239E-16 -3.2501E-16 -2.6920E-16 -2.2298E-16 -1.8470E-16
 -1.5300E-16 -1.2674E-16 -1.0499E-16 -8.6980E-17 -7.2058E-17 -5.9697E-17
 -4.9458E-17 -4.0976E-17 -3.3950E-17 -2.8129E-17 -2.3307E-17 -1.9312E-17
 -1.6002E-17 -1.3259E-17 -1.0987E-17 -9.1047E-18 -7.5449E-18 -6.2525E-18
 -5.1815E-18 -4.2941E-18 -3.5588E-18 -2.9494E-18 -2.4444E-18 -2.0260E-18
 -1.6792E-18 -1.3918E-18 -1.1536E-18 -9.5617E-19 -7.9256E-19 -6.5696E-19
 -5.4457E-19 -4.5142E-19 -3.7421E-19 -3.1021E-19 -2.5716E-19 -2.1319E-19
 -1.7674E-19 -1.4652E-19 -1.2147E-19 -1.0071E-19 -8.3497E-20 -6.9228E-20
 -5.7398E-20 -4.7590E-20 -3.9459E-20 -3.2718E-20 -2.7129E-20 -2.2495E-20
 -1.8653E-20 -1.5467E-20 -1.2826E-20 -1.0636E-20 -8.8197E-21 -7.3139E-21
 -6.0653E-21 -5.0299E-21 -4.1714E-21 -3.4594E-21 -2.8690E-21 -2.3794E-21
 -1.9734E-21 -1.6367E-21 -1.3575E-21 -1.1259E-21 -9.3383E-22 -7.7454E-22
 -6.4244E-22 -5.3287E-22 -4.4200E-22 -3.6663E-22 -3.0411E-22 -2.5226E-22
 -2.0925E-22 -1.7358E-22 -1.4399E-22 -1.1945E-22 -9.9089E-23 -8.2201E-23
 -6.8192E-23 -5.6572E-23 -4.6932E-23 -3.8936E-23 -3.2302E-23 -2.6799E-23
 -2.2234E-23 -1.8446E-23 -1.5304E-23 -1.2698E-23 -1.0535E-23 -8.7411E-24
 -7.2526E-24 -6.0176E-24 -4.9930E-24 -4.1429E-24 -3.4376E-24 -2.8524E-24
 -2.3668E-24 -1.9639E-24 -1.6297E-24 -1.3523E-24 -1.1222E-24 -9.3119E-25
 -7.7273E-25 -6.4124E-25 -5.3214E-25 -4.4160E-25 -3.6647E-25 -3.0412E-25
 -2.5239E-25 -2.0946E-25 -1.7383E-25 -1.4426E-25 -1.1973E-25 -9.9366E-26
 -8.2468E-26 -6.8444E-26 -5.6806E-26 -4.7147E-26 -3.9131E-26 -3.2478E-26
 -2.6957E-26 -2.2374E-26 -1.8571E-26 -1.5414E-26 -1.2794E-26 -1.0620E-26
 -8.8147E-27 -7.3167E-27 -6.0733E-27 -5.0412E-27 -4.1846E-27 -3.4736E-27
 -2.8834E-27 -2.3935E-27 -1.9869E-27 -1.6493E-27 -1.3691E-27 -1.1366E-27
 -9.4351E-28 -7.8325E-28 -6.5022E-28 -5.3979E-28 -4.4812E-28 -3.7202E-28
 -3.0884E-28 -2.5640E-28 -2.1286E-28 -1.7672E-28 -1.4671E-28 -1.2180E-28
 -1.0113E-28 -8.3958E-29 -6.9706E-29 -5.7873E-29 -4.8049E-29 -3.9894E-29
 -3.3122E-29 -2.7501E-29 -2.2833E-29 -1.8958E-29 -1.5741E-29 -1.3070E-29
 -1.0852E-29 -9.0106E-30 -7.4817E-30 -6.2123E-30 -5.1583E-30 -4.2832E-30
 -3.5565E-30 -2.9532E-30 -2.4522E-30 -2.0362E-30 -1.6908E-30 -1.4040E-30
 -1.1659E-30 -9.6816E-31 -8.0396E-31 -6.6761E-31 -5.5439E-31 -4.6038E-31
 -3.8231E-31 -3.1748E-31 -2.6365E-31 -2.1894E-31 -1.8182E-31 -1.5099E-31
 -1.2540E-31 -1.0414E-31 -8.6482E-32 -7.1822E-32 -5.9647E-32 -4.9536E-32
 -4.1139E-32 -3.4166E-32 -2.8375E-32 -2.3566E-32 -1.9572E-32 -1.6255E-32
 -1.3500E-32 -1.1212E-32 -9.3123E-33 -7.7342E-33 -6.4237E-33 -5.3352E-33
 -4.4312E-33 -3.6804E-33 -3.0569E-33 -2.5389E-33 -2.1088E-33 -1.7515E-33
 -1.4548E-33 -1.2084E-33 -1.0037E-33 -8.3366E-34 -6.9245E-34 -5.7516E-34
 -4.7774E-34 -3.9682E-34 -3.2962E-34 -2.7379E-34 -2.2742E-34 -1.8891E-34
 -1.5692E-34 -1.3034E-34 -1.0827E-34 -8.9938E-35 -7.4709E-35 -6.2059E-35
 -5.1551E-35 -4.2823E-35 -3.5573E-35 -2.9550E-35 -2.4547E-35 -2.0391E-35
 -1.6939E-35 -1.4072E-35 -1.1690E-35 -9.7109E-36 -8.0671E-36 -6.7016E-36
 -5.5673E-36 -4.6250E-36 -3.8422E-36 -3.1919E-36 -2.6517E-36 -2.2029E-36
 -1.8301E-36 -1.5204E-36 -1.2631E-36 -1.0493E-36 -8.7177E-37 -7.2426E-37
 -6.0170E-37 -4.9989E-37 -4.1531E-37 -3.4504E-37 -2.8666E-37 -2.3816E-37
 -1.9787E-37 -1.6439E-37 -1.3658E-37 -1.1347E-37 -9.4278E-38 -7.8330E-38
 -6.5079E-38 -5.4071E-38 -4.4924E-38 -3.7326E-38 -3.1012E-38 -2.5767E-38
 -2.1409E-38 -1.7788E-38 -1.4779E-38 -1.2280E-38 -1.0203E-38 -8.4774E-39
 -7.0438E-39 -5.8526E-39 -4.8629E-39 -4.0406E-39 -3.3573E-39 -2.7896E-39
 -2.3179E-39 -1.9260E-39 -1.6003E-39 -1.3297E-39 -1.1049E-39 -9.1811E-40
 -7.6288E-40 -6.3391E-40 -5.7664E-40 -5.5884E-40 -5.4160E-40 -5.2489E-40
 -5.0869E-40 -4.9300E-40 -4.7780E-40 -4.6306E-40 -4.4879E-40 -4.3495E-40
 -4.2154E-40 -4.0855E-40 -3.9596E-40 -3.8376E-40 -3.7193E-40 -3.6048E-40
 -3.4937E-40 -3.3861E-40 -3.2819E-40 -3.1808E-40 -3.0829E-40 -2.9880E-40
 -2.8960E-40 -2.8069E-40 -2.7205E-40 -2.6368E-40 -2.5557E-40 -2.4771E-40
 -2.4009E-40 -2.3271E-40 -2.2555E-40 -2.1862E-40 -2.1190E-40 -2.0538E-40
 -1.9907E-40 -1.9295E-40 -1.8703E-40 -1.8128E-40 -1.7571E-40 -1.7031E-40
 -1.6508E-40 -1.6001E-40 -1.5510E-40 -1.5034E-40 -1.4572E-40 -1.4125E-40
 -1.3692E-40 -1.3271E-40 -1.2864E-40 -1.2470E-40 -1.2087E-40 -1.1716E-40
 -1.1357E-40 -1.1009E-40 -1.0671E-40 -1.0344E-40 -1.0027E-40 -9.7196E-41
 -9.4217E-41 -9.1329E-41 -8.8531E-41 -8.5818E-41 -8.3189E-41 -8.0641E-41
 -7.8171E-41 -7.5777E-41 -7.3456E-41 -7.1207E-41 -6.9027E-41 -6.6914E-41
 -6.4866E-41 -6.2881E-41 -6.0956E-41 -5.9091E-41 -5.7283E-41 -5.5531E-41
 -5.3832E-41 -5.2185E-41 -5.0589E-41 -4.9042E-41 -4.7543E-41 -4.6089E-41
 -3.2038E-43 -3.1007E-43 -3.0009E-43 -2.9043E-43 -2.8109E-43 -2.7205E-43
 -2.6330E-43
