# 181 angles,  1 tensor ranks for 0=projectile
@subtitle   "7Li(d,p)8Li(bound) 7.45AMeV FR DWBA DA1p Watson"                               
@legend ON
@legend x1 0.2
@legend y1 0.8
@g0 type LOGY
@yaxis ticklabel format power
@legend string   0 "Lab energy =   14.5700"
#legend string   0 "Partition=  2 Excit=  5 near/far= 1"
#  Theta       sigma       iT11        T20         T21         T22         Kyy for projectile
   0.000       225.2    
   1.000       225.5    
   2.000       226.7    
   3.000       229.5    
   4.000       235.0    
   5.000       244.2    
   6.000       257.2    
   7.000       272.4    
   8.000       285.5    
   9.000       291.3    
   10.00       285.0    
   11.00       264.4    
   12.00       231.3    
   13.00       190.8    
   14.00       149.3    
   15.00       112.7    
   16.00       84.36    
   17.00       65.04    
   18.00       53.36    
   19.00       47.05    
   20.00       43.81    
   21.00       41.76    
   22.00       39.55    
   23.00       36.37    
   24.00       31.99    
   25.00       26.77    
   26.00       21.53    
   27.00       17.16    
   28.00       14.23    
   29.00       12.77    
   30.00       12.30    
   31.00       12.15    
   32.00       11.80    
   33.00       11.04    
   34.00       9.973    
   35.00       8.865    
   36.00       7.974    
   37.00       7.476    
   38.00       7.422    
   39.00       7.754    
   40.00       8.312    
   41.00       8.876    
   42.00       9.230    
   43.00       9.233    
   44.00       8.874    
   45.00       8.263    
   46.00       7.568    
   47.00       6.944    
   48.00       6.477    
   49.00       6.175    
   50.00       5.994    
   51.00       5.866    
   52.00       5.725    
   53.00       5.519    
   54.00       5.223    
   55.00       4.845    
   56.00       4.421    
   57.00       3.997    
   58.00       3.610    
   59.00       3.275    
   60.00       2.983    
   61.00       2.719    
   62.00       2.471    
   63.00       2.237    
   64.00       2.019    
   65.00       1.822    
   66.00       1.647    
   67.00       1.498    
   68.00       1.375    
   69.00       1.270    
   70.00       1.175    
   71.00       1.077    
   72.00      0.9702    
   73.00      0.8596    
   74.00      0.7558    
   75.00      0.6696    
   76.00      0.6064    
   77.00      0.5662    
   78.00      0.5470    
   79.00      0.5460    
   80.00      0.5574    
   81.00      0.5709    
   82.00      0.5736    
   83.00      0.5578    
   84.00      0.5267    
   85.00      0.4927    
   86.00      0.4681    
   87.00      0.4573    
   88.00      0.4560    
   89.00      0.4589    
   90.00      0.4659    
   91.00      0.4814    
   92.00      0.5061    
   93.00      0.5309    
   94.00      0.5418    
   95.00      0.5323    
   96.00      0.5119    
   97.00      0.5018    
   98.00      0.5190    
   99.00      0.5614    
   100.0      0.6087    
   101.0      0.6373    
   102.0      0.6378    
   103.0      0.6187    
   104.0      0.5963    
   105.0      0.5791    
   106.0      0.5646    
   107.0      0.5486    
   108.0      0.5386    
   109.0      0.5548    
   110.0      0.6164    
   111.0      0.7220    
   112.0      0.8434    
   113.0      0.9379    
   114.0      0.9720    
   115.0      0.9387    
   116.0      0.8576    
   117.0      0.7605    
   118.0      0.6748    
   119.0      0.6160    
   120.0      0.5889    
   121.0      0.5935    
   122.0      0.6276    
   123.0      0.6855    
   124.0      0.7577    
   125.0      0.8338    
   126.0      0.9065    
   127.0      0.9731    
   128.0       1.033    
   129.0       1.085    
   130.0       1.121    
   131.0       1.136    
   132.0       1.129    
   133.0       1.100    
   134.0       1.057    
   135.0       1.007    
   136.0      0.9557    
   137.0      0.9093    
   138.0      0.8741    
   139.0      0.8551    
   140.0      0.8532    
   141.0      0.8639    
   142.0      0.8804    
   143.0      0.8977    
   144.0      0.9154    
   145.0      0.9365    
   146.0      0.9646    
   147.0       1.002    
   148.0       1.048    
   149.0       1.103    
   150.0       1.164    
   151.0       1.227    
   152.0       1.284    
   153.0       1.323    
   154.0       1.339    
   155.0       1.336    
   156.0       1.322    
   157.0       1.308    
   158.0       1.300    
   159.0       1.299    
   160.0       1.303    
   161.0       1.310    
   162.0       1.318    
   163.0       1.325    
   164.0       1.328    
   165.0       1.322    
   166.0       1.309    
   167.0       1.294    
   168.0       1.285    
   169.0       1.285    
   170.0       1.292    
   171.0       1.297    
   172.0       1.298    
   173.0       1.297    
   174.0       1.298    
   175.0       1.303    
   176.0       1.309    
   177.0       1.308    
   178.0       1.300    
   179.0       1.289    
   180.0       1.285    
 END
