1Inelastic  7Li(d,p)8Li(v1+) 7.266 AMeV ADKD-KD LEA no SO               
6.7782E+00    6.7788E+00    6.7803E+00    6.7815E+00    6.7809E+00    6.7761E+00
    6.7646E+00    6.7435E+00    6.7101E+00    6.6617E+00    6.5959E+00
    6.5107E+00    6.4048E+00    6.2774E+00    6.1282E+00    5.9577E+00
    5.7668E+00    5.5570E+00    5.3304E+00    5.0893E+00    4.8361E+00
    4.5737E+00    4.3050E+00    4.0326E+00    3.7595E+00    3.4883E+00
    3.2213E+00    2.9609E+00    2.7091E+00    2.4675E+00    2.2377E+00
    2.0206E+00    1.8173E+00    1.6283E+00    1.4539E+00    1.2945E+00
    1.1497E+00    1.0196E+00    9.0349E-01    8.0104E-01    7.1155E-01
    6.3431E-01    5.6852E-01    5.1335E-01    4.6793E-01    4.3136E-01
    4.0276E-01    3.8124E-01    3.6596E-01    3.5606E-01    3.5078E-01
    3.4935E-01    3.5108E-01    3.5532E-01    3.6147E-01    3.6899E-01
    3.7739E-01    3.8624E-01    3.9516E-01    4.0381E-01    4.1192E-01
    4.1924E-01    4.2559E-01    4.3082E-01    4.3481E-01    4.3749E-01
    4.3882E-01    4.3878E-01    4.3738E-01    4.3466E-01    4.3066E-01
    4.2545E-01    4.1910E-01    4.1172E-01    4.0338E-01    3.9419E-01
    3.8427E-01    3.7371E-01    3.6263E-01    3.5113E-01    3.3932E-01
    3.2730E-01    3.1517E-01    3.0301E-01    2.9092E-01    2.7897E-01
    2.6723E-01    2.5577E-01    2.4464E-01    2.3389E-01    2.2357E-01
    2.1370E-01    2.0431E-01    1.9543E-01    1.8707E-01    1.7923E-01
    1.7193E-01    1.6515E-01    1.5890E-01    1.5317E-01    1.4793E-01
    1.4317E-01    1.3888E-01    1.3503E-01    1.3159E-01    1.2855E-01
    1.2588E-01    1.2355E-01    1.2155E-01    1.1983E-01    1.1839E-01
    1.1720E-01    1.1623E-01    1.1547E-01    1.1489E-01    1.1449E-01
    1.1424E-01    1.1414E-01    1.1417E-01    1.1432E-01    1.1459E-01
    1.1497E-01    1.1546E-01    1.1606E-01    1.1676E-01    1.1757E-01
    1.1849E-01    1.1953E-01    1.2068E-01    1.2197E-01    1.2338E-01
    1.2494E-01    1.2665E-01    1.2851E-01    1.3053E-01    1.3272E-01
    1.3509E-01    1.3764E-01    1.4038E-01    1.4331E-01    1.4644E-01
    1.4975E-01    1.5327E-01    1.5698E-01    1.6088E-01    1.6497E-01
    1.6925E-01    1.7369E-01    1.7831E-01    1.8308E-01    1.8799E-01
    1.9304E-01    1.9820E-01    2.0346E-01    2.0880E-01    2.1420E-01
    2.1964E-01    2.2510E-01    2.3056E-01    2.3600E-01    2.4139E-01
    2.4671E-01    2.5194E-01    2.5705E-01    2.6202E-01    2.6683E-01
    2.7144E-01    2.7585E-01    2.8003E-01    2.8396E-01    2.8761E-01
    2.9098E-01    2.9404E-01    2.9677E-01    2.9918E-01    3.0123E-01
    3.0293E-01    3.0425E-01    3.0521E-01    3.0578E-01
