    0.00   6.778200E+00
    1.00   6.778800E+00
    2.00   6.780300E+00
    3.00   6.781500E+00
    4.00   6.780900E+00
    5.00   6.776100E+00
    6.00   6.764600E+00
    7.00   6.743500E+00
    8.00   6.710100E+00
    9.00   6.661700E+00
   10.00   6.595900E+00
   11.00   6.510700E+00
   12.00   6.404800E+00
   13.00   6.277400E+00
   14.00   6.128200E+00
   15.00   5.957700E+00
   16.00   5.766800E+00
   17.00   5.557000E+00
   18.00   5.330400E+00
   19.00   5.089300E+00
   20.00   4.836100E+00
   21.00   4.573700E+00
   22.00   4.305000E+00
   23.00   4.032600E+00
   24.00   3.759500E+00
   25.00   3.488300E+00
   26.00   3.221300E+00
   27.00   2.960900E+00
   28.00   2.709100E+00
   29.00   2.467500E+00
   30.00   2.237700E+00
   31.00   2.020600E+00
   32.00   1.817300E+00
   33.00   1.628300E+00
   34.00   1.453900E+00
   35.00   1.294500E+00
   36.00   1.149700E+00
   37.00   1.019600E+00
   38.00   9.034900E-01
   39.00   8.010400E-01
   40.00   7.115500E-01
   41.00   6.343100E-01
   42.00   5.685200E-01
   43.00   5.133500E-01
   44.00   4.679300E-01
   45.00   4.313600E-01
   46.00   4.027600E-01
   47.00   3.812400E-01
   48.00   3.659600E-01
   49.00   3.560600E-01
   50.00   3.507800E-01
   51.00   3.493500E-01
   52.00   3.510800E-01
   53.00   3.553200E-01
   54.00   3.614700E-01
   55.00   3.689900E-01
   56.00   3.773900E-01
   57.00   3.862400E-01
   58.00   3.951600E-01
   59.00   4.038100E-01
   60.00   4.119200E-01
   61.00   4.192400E-01
   62.00   4.255900E-01
   63.00   4.308200E-01
   64.00   4.348100E-01
   65.00   4.374900E-01
   66.00   4.388200E-01
   67.00   4.387800E-01
   68.00   4.373800E-01
   69.00   4.346600E-01
   70.00   4.306600E-01
   71.00   4.254500E-01
   72.00   4.191000E-01
   73.00   4.117200E-01
   74.00   4.033800E-01
   75.00   3.941900E-01
   76.00   3.842700E-01
   77.00   3.737100E-01
   78.00   3.626300E-01
   79.00   3.511300E-01
   80.00   3.393200E-01
   81.00   3.273000E-01
   82.00   3.151700E-01
   83.00   3.030100E-01
   84.00   2.909200E-01
   85.00   2.789700E-01
   86.00   2.672300E-01
   87.00   2.557700E-01
   88.00   2.446400E-01
   89.00   2.338900E-01
   90.00   2.235700E-01
   91.00   2.137000E-01
   92.00   2.043100E-01
   93.00   1.954300E-01
   94.00   1.870700E-01
   95.00   1.792300E-01
   96.00   1.719300E-01
   97.00   1.651500E-01
   98.00   1.589000E-01
   99.00   1.531700E-01
  100.00   1.479300E-01
  101.00   1.431700E-01
  102.00   1.388800E-01
  103.00   1.350300E-01
  104.00   1.315900E-01
  105.00   1.285500E-01
  106.00   1.258800E-01
  107.00   1.235500E-01
  108.00   1.215500E-01
  109.00   1.198300E-01
  110.00   1.183900E-01
  111.00   1.172000E-01
  112.00   1.162300E-01
  113.00   1.154700E-01
  114.00   1.148900E-01
  115.00   1.144900E-01
  116.00   1.142400E-01
  117.00   1.141400E-01
  118.00   1.141700E-01
  119.00   1.143200E-01
  120.00   1.145900E-01
  121.00   1.149700E-01
  122.00   1.154600E-01
  123.00   1.160600E-01
  124.00   1.167600E-01
  125.00   1.175700E-01
  126.00   1.184900E-01
  127.00   1.195300E-01
  128.00   1.206800E-01
  129.00   1.219700E-01
  130.00   1.233800E-01
  131.00   1.249400E-01
  132.00   1.266500E-01
  133.00   1.285100E-01
  134.00   1.305300E-01
  135.00   1.327200E-01
  136.00   1.350900E-01
  137.00   1.376400E-01
  138.00   1.403800E-01
  139.00   1.433100E-01
  140.00   1.464400E-01
  141.00   1.497500E-01
  142.00   1.532700E-01
  143.00   1.569800E-01
  144.00   1.608800E-01
  145.00   1.649700E-01
  146.00   1.692500E-01
  147.00   1.736900E-01
  148.00   1.783100E-01
  149.00   1.830800E-01
  150.00   1.879900E-01
  151.00   1.930400E-01
  152.00   1.982000E-01
  153.00   2.034600E-01
  154.00   2.088000E-01
  155.00   2.142000E-01
  156.00   2.196400E-01
  157.00   2.251000E-01
  158.00   2.305600E-01
  159.00   2.360000E-01
  160.00   2.413900E-01
  161.00   2.467100E-01
  162.00   2.519400E-01
  163.00   2.570500E-01
  164.00   2.620200E-01
  165.00   2.668300E-01
  166.00   2.714400E-01
  167.00   2.758500E-01
  168.00   2.800300E-01
  169.00   2.839600E-01
  170.00   2.876100E-01
  171.00   2.909800E-01
  172.00   2.940400E-01
  173.00   2.967700E-01
  174.00   2.991800E-01
  175.00   3.012300E-01
  176.00   3.029300E-01
  177.00   3.042500E-01
  178.00   3.052100E-01
  179.00   3.057800E-01
