1Inelastic  7Li(d,p)8Li(gs) 7.266 AMeV ADKD-KD LEA no SO                
6.8678E+00    6.8683E+00    6.8692E+00    6.8696E+00    6.8678E+00    6.8615E+00
    6.8482E+00    6.8252E+00    6.7895E+00    6.7387E+00    6.6704E+00
    6.5826E+00    6.4741E+00    6.3439E+00    6.1920E+00    6.0187E+00
    5.8252E+00    5.6128E+00    5.3837E+00    5.1401E+00    4.8846E+00
    4.6200E+00    4.3491E+00    4.0747E+00    3.7997E+00    3.5266E+00
    3.2580E+00    2.9960E+00    2.7426E+00    2.4996E+00    2.2683E+00
    2.0499E+00    1.8453E+00    1.6551E+00    1.4796E+00    1.3189E+00
    1.1731E+00    1.0417E+00    9.2459E-01    8.2104E-01    7.3048E-01
    6.5216E-01    5.8531E-01    5.2908E-01    4.8259E-01    4.4496E-01
    4.1530E-01    3.9273E-01    3.7639E-01    3.6545E-01    3.5911E-01
    3.5664E-01    3.5733E-01    3.6054E-01    3.6566E-01    3.7216E-01
    3.7956E-01    3.8741E-01    3.9534E-01    4.0302E-01    4.1016E-01
    4.1653E-01    4.2194E-01    4.2624E-01    4.2931E-01    4.3109E-01
    4.3153E-01    4.3062E-01    4.2836E-01    4.2479E-01    4.1996E-01
    4.1393E-01    4.0678E-01    3.9860E-01    3.8949E-01    3.7954E-01
    3.6887E-01    3.5758E-01    3.4579E-01    3.3360E-01    3.2111E-01
    3.0843E-01    2.9565E-01    2.8288E-01    2.7019E-01    2.5766E-01
    2.4537E-01    2.3338E-01    2.2175E-01    2.1053E-01    1.9976E-01
    1.8947E-01    1.7969E-01    1.7045E-01    1.6176E-01    1.5363E-01
    1.4606E-01    1.3906E-01    1.3261E-01    1.2670E-01    1.2133E-01
    1.1647E-01    1.1211E-01    1.0821E-01    1.0477E-01    1.0175E-01
    9.9122E-02    9.6866E-02    9.4952E-02    9.3354E-02    9.2046E-02
    9.1003E-02    9.0199E-02    8.9613E-02    8.9223E-02    8.9009E-02
    8.8953E-02    8.9038E-02    8.9250E-02    8.9576E-02    9.0006E-02
    9.0531E-02    9.1143E-02    9.1837E-02    9.2609E-02    9.3458E-02
    9.4382E-02    9.5383E-02    9.6461E-02    9.7620E-02    9.8863E-02
    1.0019E-01    1.0162E-01    1.0314E-01    1.0477E-01    1.0650E-01
    1.0835E-01    1.1031E-01    1.1240E-01    1.1461E-01    1.1695E-01
    1.1941E-01    1.2201E-01    1.2474E-01    1.2760E-01    1.3059E-01
    1.3370E-01    1.3693E-01    1.4028E-01    1.4373E-01    1.4728E-01
    1.5092E-01    1.5464E-01    1.5843E-01    1.6228E-01    1.6616E-01
    1.7008E-01    1.7400E-01    1.7793E-01    1.8183E-01    1.8571E-01
    1.8953E-01    1.9328E-01    1.9695E-01    2.0051E-01    2.0396E-01
    2.0728E-01    2.1044E-01    2.1344E-01    2.1625E-01    2.1888E-01
    2.2129E-01    2.2348E-01    2.2545E-01    2.2717E-01    2.2864E-01
    2.2986E-01    2.3081E-01    2.3150E-01    2.3191E-01
