    0.00   6.867800E+00
    1.00   6.868300E+00
    2.00   6.869200E+00
    3.00   6.869600E+00
    4.00   6.867800E+00
    5.00   6.861500E+00
    6.00   6.848200E+00
    7.00   6.825200E+00
    8.00   6.789500E+00
    9.00   6.738700E+00
   10.00   6.670400E+00
   11.00   6.582600E+00
   12.00   6.474100E+00
   13.00   6.343900E+00
   14.00   6.192000E+00
   15.00   6.018700E+00
   16.00   5.825200E+00
   17.00   5.612800E+00
   18.00   5.383700E+00
   19.00   5.140100E+00
   20.00   4.884600E+00
   21.00   4.620000E+00
   22.00   4.349100E+00
   23.00   4.074700E+00
   24.00   3.799700E+00
   25.00   3.526600E+00
   26.00   3.258000E+00
   27.00   2.996000E+00
   28.00   2.742600E+00
   29.00   2.499600E+00
   30.00   2.268300E+00
   31.00   2.049900E+00
   32.00   1.845300E+00
   33.00   1.655100E+00
   34.00   1.479600E+00
   35.00   1.318900E+00
   36.00   1.173100E+00
   37.00   1.041700E+00
   38.00   9.245900E-01
   39.00   8.210400E-01
   40.00   7.304800E-01
   41.00   6.521600E-01
   42.00   5.853100E-01
   43.00   5.290800E-01
   44.00   4.825900E-01
   45.00   4.449600E-01
   46.00   4.153000E-01
   47.00   3.927300E-01
   48.00   3.763900E-01
   49.00   3.654500E-01
   50.00   3.591100E-01
   51.00   3.566400E-01
   52.00   3.573300E-01
   53.00   3.605400E-01
   54.00   3.656600E-01
   55.00   3.721600E-01
   56.00   3.795600E-01
   57.00   3.874100E-01
   58.00   3.953400E-01
   59.00   4.030200E-01
   60.00   4.101600E-01
   61.00   4.165300E-01
   62.00   4.219400E-01
   63.00   4.262400E-01
   64.00   4.293100E-01
   65.00   4.310900E-01
   66.00   4.315300E-01
   67.00   4.306200E-01
   68.00   4.283600E-01
   69.00   4.247900E-01
   70.00   4.199600E-01
   71.00   4.139300E-01
   72.00   4.067800E-01
   73.00   3.986000E-01
   74.00   3.894900E-01
   75.00   3.795400E-01
   76.00   3.688700E-01
   77.00   3.575800E-01
   78.00   3.457900E-01
   79.00   3.336000E-01
   80.00   3.211100E-01
   81.00   3.084300E-01
   82.00   2.956500E-01
   83.00   2.828800E-01
   84.00   2.701900E-01
   85.00   2.576600E-01
   86.00   2.453700E-01
   87.00   2.333800E-01
   88.00   2.217500E-01
   89.00   2.105300E-01
   90.00   1.997600E-01
   91.00   1.894700E-01
   92.00   1.796900E-01
   93.00   1.704500E-01
   94.00   1.617600E-01
   95.00   1.536300E-01
   96.00   1.460600E-01
   97.00   1.390600E-01
   98.00   1.326100E-01
   99.00   1.267000E-01
  100.00   1.213300E-01
  101.00   1.164700E-01
  102.00   1.121100E-01
  103.00   1.082100E-01
  104.00   1.047700E-01
  105.00   1.017500E-01
  106.00   9.912200E-02
  107.00   9.686600E-02
  108.00   9.495200E-02
  109.00   9.335400E-02
  110.00   9.204600E-02
  111.00   9.100300E-02
  112.00   9.019900E-02
  113.00   8.961300E-02
  114.00   8.922300E-02
  115.00   8.900900E-02
  116.00   8.895300E-02
  117.00   8.903800E-02
  118.00   8.925000E-02
  119.00   8.957600E-02
  120.00   9.000600E-02
  121.00   9.053100E-02
  122.00   9.114300E-02
  123.00   9.183700E-02
  124.00   9.260900E-02
  125.00   9.345800E-02
  126.00   9.438200E-02
  127.00   9.538300E-02
  128.00   9.646100E-02
  129.00   9.762000E-02
  130.00   9.886300E-02
  131.00   1.001900E-01
  132.00   1.016200E-01
  133.00   1.031400E-01
  134.00   1.047700E-01
  135.00   1.065000E-01
  136.00   1.083500E-01
  137.00   1.103100E-01
  138.00   1.124000E-01
  139.00   1.146100E-01
  140.00   1.169500E-01
  141.00   1.194100E-01
  142.00   1.220100E-01
  143.00   1.247400E-01
  144.00   1.276000E-01
  145.00   1.305900E-01
  146.00   1.337000E-01
  147.00   1.369300E-01
  148.00   1.402800E-01
  149.00   1.437300E-01
  150.00   1.472800E-01
  151.00   1.509200E-01
  152.00   1.546400E-01
  153.00   1.584300E-01
  154.00   1.622800E-01
  155.00   1.661600E-01
  156.00   1.700800E-01
  157.00   1.740000E-01
  158.00   1.779300E-01
  159.00   1.818300E-01
  160.00   1.857100E-01
  161.00   1.895300E-01
  162.00   1.932800E-01
  163.00   1.969500E-01
  164.00   2.005100E-01
  165.00   2.039600E-01
  166.00   2.072800E-01
  167.00   2.104400E-01
  168.00   2.134400E-01
  169.00   2.162500E-01
  170.00   2.188800E-01
  171.00   2.212900E-01
  172.00   2.234800E-01
  173.00   2.254500E-01
  174.00   2.271700E-01
  175.00   2.286400E-01
  176.00   2.298600E-01
  177.00   2.308100E-01
  178.00   2.315000E-01
  179.00   2.319100E-01
