119 31630
119 33161
119 34257
119 34962
119 35638
119 36883
119 39206
119 39498
119 42364
119 44935
119 51866
119 56783
33 85635
33 87597
33 89413
33 90958
33 92984
65 84060
65 84101
33 96291
33 96997
33 100028
65 85593
33 102308
33 103923
33 104876
33 105178
33 106677
65 86786
33 107395
65 87043
33 107817
65 88469
63 112665
33 112103
33 113356
63 113095
115 43038
33 114703
63 113782
65 90358
104 83878
104 84632
104 86521
104 86920
63 115564
33 120849
65 92129
65 92212
65 92444
63 116016
102 94262
65 92557
115 49092
104 88419
54 18973
102 95531
21 95962
54 19803
102 95802
122 38145
33 125198
54 21455
115 51002
120 8267
122 38452
53 70809
120 9010
122 39624
53 72550
21 99117
102 98042
63 118804
99 35006
65 96099
65 97067
53 75618
115 54465
99 35749
115 54986
122 42124
21 101283
104 95709
53 76545
65 98013
53 76775
120 11969
54 25576
53 76900
53 77015
65 98518
65 98520
102 100680
54 26539
37 37902
122 44035
103 58286
37 38279
53 79498
21 103645
103 59770
21 103863
103 60095
99 38196
96 22057
103 60399
53 80406
122 45903
103 60667
103 60794
103 61420
53 81045
99 38758
65 100886
65 101373
122 48004
122 48334
103 62973
63 122242
106 1439
54 30298
102 104521
21 107853
96 25993
53 84044
122 49692
54 31375
96 26555
54 31491
37 45689
63 122956
106 2380
96 27024
99 41495
106 2511
102 105851
103 65179
102 106016
103 65339
37 46555
99 42455
99 42467
65 104420
54 33158
37 48762
61 56363
61 56377
61 56888
37 50207
96 29104
37 51053
61 57561
53 87275
96 29560
61 57951
122 55264
37 52278
99 44532
61 109053
37 52900
54 35190
122 56238
96 30805
61 59254
37 54385
106 8246
61 59657
61 109688
37 54696
100 53772
63 126148
106 8589
106 8727
37 55324
53 88810
100 54339
37 56474
106 10094
96 32745
61 61377
61 61474
99 46951
96 32982
61 61883
54 38998
99 47508
103 72901
100 56863
106 11552
61 111970
54 39274
63 127671
37 60585
100 57679
99 48134
54 39887
53 91772
61 112814
106 12959
65 110233
61 113251
54 41377
100 59429
99 49351
100 59615
37 63539
53 93366
100 59882
65 110915
96 36283
61 65980
53 93740
100 60553
53 94341
118 31918
65 112266
53 94840
37 68089
37 68106
63 129932
99 51611
61 116664
96 38891
118 33067
61 69780
106 18174
100 64903
106 18200
39 177
61 70457
61 70645
118 33701
100 65433
61 117351
61 71419
103 79549
118 34593
103 79692
39 2665
100 66366
118 34724
61 72262
61 72521
118 35117
61 72753
103 80565
39 4038
99 54188
104 4036
63 131510
50 59620
120 13694
104 6126
61 75753
100 70019
61 121828
39 7227
103 83214
63 132737
61 123199
61 123426
104 9337
96 44226
61 124046
96 44480
96 44690
63 133378
61 78593
63 133634
61 78997
61 125118
120 18262
104 11732
61 126203
61 80558
120 19250
61 127094
118 41608
63 134635
61 81704
120 19916
106 25912
104 14717
63 134853
61 82432
50 66495
100 76964
103 88640
61 129325
61 129816
61 84092
106 27796
103 89438
104 17913
104 17966
61 130279
106 28640
120 21860
33 779
104 18891
106 29004
100 78897
39 16944
103 90997
104 19913
96 50869
50 69147
100 79630
103 91422
33 1952
61 86893
33 2000
61 133175
104 21248
50 70521
39 18598
106 31348
106 31631
120 24285
61 134139
103 93141
104 23007
61 134582
106 32953
33 3378
61 89194
100 82113
100 82119
104 23784
61 135037
106 34305
50 72877
104 25226
45 3283
100 82966
39 21752
45 3519
100 83257
103 94949
120 26130
39 22236
106 35330
61 136177
61 136336
106 36114
50 73847
106 36830
120 27398
50 75444
33 6037
100 85106
100 85128
61 93504
33 6408
33 6481
106 38005
103 97463
103 97596
103 97626
106 38351
104 30280
100 86067
104 31147
50 79025
118 53847
118 53917
120 30278
33 9225
104 31776
100 87061
103 99803
100 87218
106 40251
61 95973
118 55094
45 12157
106 40818
106 40948
61 142507
100 88300
45 13676
103 100991
33 12107
120 32474
33 12707
103 101397
39 30711
61 143993
50 84642
33 13445
61 144841
100 89781
33 14308
61 145082
50 86117
46 3856
39 32117
61 98341
61 98419
103 102948
33 15070
46 4541
61 98695
100 91192
39 33274
50 88398
61 99409
61 99903
103 104501
103 104656
61 148538
61 148556
61 148705
100 93246
45 26186
61 150531
119 62303
46 10030
119 62366
46 10673
45 29553
61 151550
61 151641
61 151797
33 19478
119 63379
100 95457
39 40672
104 45976
61 103567
50 96888
64 3390
61 153388
61 153472
52 37219
52 37401
120 43286
61 104558
45 34151
120 43379
45 34282
61 104872
50 99532
50 99595
50 99825
64 4098
100 98516
64 4126
46 16940
50 101189
45 37794
52 40821
48 4330
45 38671
61 155861
52 42244
50 102721
45 39489
46 18533
50 103203
100 100580
119 69347
48 6129
48 6132
52 43833
48 6271
45 42161
50 104190
120 49724
120 49832
64 6614
119 70361
52 45236
48 7163
64 7032
100 102328
64 7239
50 106420
48 7658
20 86556
52 46705
50 106976
119 71952
119 72071
50 107551
52 47289
52 47494
64 7871
119 72272
120 53590
64 8151
46 23618
120 54103
52 48376
119 72828
119 72854
64 8467
120 54539
120 55071
63 53677
45 50942
48 12067
50 110433
63 53974
46 25920
64 9307
50 111301
99 710
52 50549
20 90174
95 58719
99 1554
50 112049
64 10052
33 27879
48 15216
53 56877
63 55464
33 28067
99 2834
53 57811
20 92166
23 64329
53 58452
52 53309
23 64850
20 92916
23 65238
48 17794
33 29446
99 4689
52 54146
52 54540
20 93412
63 56873
99 5828
99 5916
52 55270
23 67303
63 57151
46 31627
23 68442
52 56755
95 62063
52 57143
99 7981
20 95667
23 70169
33 31333
119 79811
64 14665
95 63700
52 115858
20 96846
32 119024
119 81001
20 98842
64 15630
20 99633
51 114029
64 16092
64 16353
63 60666
63 60735
32 122782
119 83428
33 34302
63 61035
64 17128
95 66507
64 17740
51 117246
99 13569
51 117596
20 103942
99 13707
32 127232
64 18356
95 67367
99 14038
95 67561
20 106612
32 129977
33 37116
119 86413
119 86578
20 107804
33 37476
51 119500
119 86895
99 15043
54 518
95 69411
99 15364
46 42731
119 87684
64 20594
119 87765
48 29968
48 30319
117 996
119 88610
54 3667
63 65693
54 4410
46 44528
117 2262
33 39440
54 4951
33 39634
54 5441
46 46084
54 6109
63 66643
46 48176
117 2824
54 7748
99 18647
63 67500
46 51421
59 1544
46 51889
46 52098
54 10703
33 42118
54 11549
33 42473
54 11827
33 42950
46 54655
64 28328
95 74550
117 5866
95 74982
99 21416
59 101428
54 15425
54 15539
99 22127
95 76331
64 31147
33 45283
63 71621
117 8331
64 31671
117 8402
63 72012
59 6803
64 32940
33 46952
48 43881
48 44316
64 33592
59 8582
48 45188
48 45496
48 45595
48 45980
117 10320
95 78936
59 105227
59 105427
59 11016
95 79684
95 80057
99 26226
117 11940
63 74440
95 80280
63 74997
99 27245
95 81886
59 107944
33 51740
59 108020
64 37172
117 13791
63 76567
59 14070
95 83362
95 83367
59 14678
59 109969
117 15177
101 735
99 32381
63 78736
117 16759
33 55958
64 40582
59 115643
63 81114
59 117125
101 4149
117 18867
33 56942
63 82130
64 43094
20 55410
20 56228
20 56507
20 56690
64 44097
64 44703
20 58401
20 58519
20 59107
64 44880
64 48014
64 50619
120 83666
120 83931
120 84048
40 6004
40 9603
40 22564
40 25034
40 25175
40 25242
40 25995
40 35304
40 38913
32 131800
32 132302
32 136855
32 140424
40 59136
32 142037
32 142605
44 4314
62 35522
62 35567
62 37648
32 148942
62 37996
32 149700
32 149983
62 41257
62 41518
32 23433
115 79051
62 53082
62 46258
115 82020
62 54418
62 48276
62 49300
115 83130
48 51128
48 51577
48 51902
62 51634
48 52989
62 52225
37 70465
115 85459
115 85524
37 72469
59 16497
37 73528
30 3446
37 75020
30 5982
30 7282
59 23091
115 89717
47 67375
31 103694
37 80921
37 80961
37 81034
31 105599
115 91841
31 109417
31 110883
62 59697
37 85666
47 71531
37 87117
59 28596
31 115384
62 61043
31 116437
31 117130
31 117892
37 90491
37 90792
31 120108
31 121519
101 5270
37 91738
31 122060
59 30841
47 74389
31 124226
31 124705
31 126321
103 426
101 7425
103 1188
101 7857
59 33879
41 61037
103 2961
103 6387
 85417
122 56672
20 66964
22 61746
101 9756
20 67646
63 85746
122 58805
20 69420
63 86531
20 70342
20 70383
20 70603
20 71053
103 7636
103 7946
20 72366
22 63773
101 11915
59 37480
22 64935
20 74069
37 107857
122 60864
101 12129
37 108995
101 12370
63 88216
37 110076
22 67187
37 110999
22 67415
33 59687
20 77300
20 77448
59 40538
33 60051
101 14562
20 78431
122 64098
117 19557
22 71241
20 79081
33 61668
20 79293
115 105534
59 42467
63 90958
59 42507
122 64956
64 51399
122 65282
59 43114
22 73901
33 62823
59 43306
20 81108
103 16985
20 81123
22 74523
103 17736
115 107083
22 75566
55 57279
122 66592
20 83330
103 19786
103 19811
20 83671
61 107140
20 84052
31 126766
61 107485
20 84607
103 21415
63 93556
63 93668
59 46670
19 71526
103 22693
115 110272
122 69470
115 110889
19 72735
103 25350
63 94958
115 111835
63 94980
32 102217
103 25674
122 70863
103 25912
63 95265
122 71521
115 112842
122 71979
31 132944
32 103479
115 113654
122 72956
117 27568
19 75110
32 104212
122 73948
59 50645
32 105463
32 105496
103 32444
97 56571
63 101184
97 58387
97 58726
117 31452
122 79145
103 35083
97 59266
97 59555
32 34770
97 59658
19 81895
55 67906
97 60388
31 140839
32 35596
55 68385
32 111510
55 69019
19 84168
119 4142
103 37581
117 33860
103 38103
122 82495
54 61534
97 63289
31 143538
55 70546
117 35013
32 40683
117 35482
103 38869
32 114171
31 144431
97 65004
54 63200
55 72932
117 36728
32 116119
31 146856
103 40476
32 117015
31 149007
97 69067
103 41997
24 3792
103 42396
31 149872
19 89897
103 42539
32 47464
33 131497
119 11704
103 42910
119 12539
119 13199
97 72044
122 87390
103 43956
97 72571
103 44384
32 50024
97 73526
103 44625
97 74326
64 104925
97 74820
103 46036
31 155442
117 42587
31 156130
24 8356
24 8540
64 106212
54 71185
54 71338
97 76703
64 106547
97 76893
122 90079
119 19641
122 90185
32 53575
117 44763
103 47890
24 10217
54 73391
32 54709
103 49359
122 92329
29 63632
122 92729
103 49741
19 98209
119 23551
29 64358
32 56292
97 81931
117 47622
37 113942
37 114581
19 99763
32 58365
122 95357
119 26481
122 95932
19 100933
122 96888
37 116985
32 60330
54 77715
19 101553
119 28288
119 28784
24 15202
54 78528
54 78570
119 29416
29 71336
54 78607
29 71411
24 15840
54 79116
56 60437
24 16088
119 30617
19 103189
29 73571
111 56040
117 51709
97 87310
29 74523
56 2855
111 56947
56 62189
37 122584
19 104460
29 77199
37 123314
37 123668
111 58129
56 4746
97 89883
29 81081
64 116185
117 54225
111 59067
54 83464
122 101294
122 101397
56 68938
56 6936
56 7114
24 19692
37 129293
29 85908
64 117567
56 8397
24 20104
54 85049
96 108202
64 118615
54 85522
56 74143
96 108664
24 21728
97 96453
56 74639
54 86193
56 75481
56 75634
97 97158
97 97690
122 104679
96 109806
111 63037
111 63071
64 120323
54 87505
29 90929
56 13344
122 105936
122 106047
56 13750
24 24114
64 121070
37 137440
29 94156
56 17645
 93440
64 123996
56 82471
64 124340
23 16060
64 124500
64 124734
23 16324
23 16472
56 21175
34 572
23 18452
34 710
60 96938
34 1652
60 97790
111 69304
111 69443
34 3231
60 99313
34 4610
56 27832
34 5200
40 126633
34 6264
24 33737
29 96685
40 126864
52 11841
23 25433
29 97466
34 6931
34 7020
34 7024
56 30406
29 98066
34 7765
23 26993
40 128389
24 36195
24 36247
29 98824
23 27712
56 33821
56 33823
23 29077
34 9763
60 101636
111 73355
29 101620
34 10376
23 30281
56 35851
23 30290
111 73992
54 101047
29 102785
34 12565
111 74399
56 39518
24 44515
34 13510
24 45148
52 19795
56 41327
24 46050
29 105290
56 42642
111 76014
24 47250
49 57322
52 23645
111 76632
53 24057
29 1084501 76818
52 23999
49 57948
34 17995
52 24315
34 18376
23 36444
34 18460
23 36991
52 24710
52 24813
34 19336
34 19348
53 24971
111 77693
61 165105
111 77828
34 20557
23 38571
53 25730
34 21832
34 21867
49 61124
53 26636
29 111552
61 166876
111 79020
56 48854
34 24839
53 27101
56 50320
23 43378
54 107321
56 50887
29 113388
29 114082
23 44428
52 27477
29 114620
61 168025
54 108326
34 27215
53 29783
23 46227
102 55260
56 55094
56 55624
23 47825
54 110424
34 28715
54 110543
111 81932
29 122588
49 66556
104 54321
53 31980
104 54397
52 31092
23 49895
52 31370
54 111708
102 58048
49 68722
23 52220
31 72037
31 72713
34 31125
49 69059
52 34331
52 35052
54 113877
53 36278
49 71303
102 60842
111 84480
31 79573
102 61993
111 85007
49 73282
111 85377
23 58804
23 58870
23 59046
111 85755
111 85807
23 59221
102 63791
104 62028
21 49873
31 80051
21 49970
31 80836
23 61864
53 38556
21 51444
49 75906
104 63337
31 82206
57 695
57 1372
53 39606
53 40301
104 65836
31 84789
49 77865
104 66907
49 78228
49 79065
57 3967
42 5334
53 41809
42 6721
42 7044
104 70766
104 71419
57 6406
111 91793
53 42364
65 115525
53 42591
102 73064
104 72388
42 10749
102 73663
57 8279
111 92603
31 89543
42 11899
102 75258
102 75259
53 44446
65 116686
111 93040
65 116830
31 91160
31 91576
49 84081
97 102813
104 74526
42 17003
97 103840
104 75302
102 80783
97 104848
97 104854
104 76309
104 76357
97 105037
49 86312
42 20046
65 120898
42 20731
104 76669
53 53039
65 121478
104 77098
57 16481
102 85913
104 78491
49 90094
49 90182
49 90447
49 90890
102 87297
57 18871
102 87444
57 19097
34 37266
102 87951
97 107134
97 107754
97 107821
31 98851
57 22273
57 22439
65 122161
65 122326
65 123310
57 24644
65 125029
57 24763
118 1067
42 23679
42 23931
42 29398
118 2602
102 88537
57 31500
102 89067
102 89613
102 90200
42 33066
57 33846
104 83082
57 37417
42 33963
42 34922
118 5691
118 5826
102 93075
42 39637
34 41853
34 42561
34 42828
65 126560
37 646
118 7666
37 2584
56 96521
118 8314
42 41340
118 8763
34 45637
56 99322
27 14507
27 15391
56 99763
57 43282
34 48065
42 45405
42 45750
34 49421
42 47273
42 47752
42 49940
34 56028
34 56261
34 57125
56 104127
34 57620
37 13574
27 91884
56 106375
27 114319
27 133610
34 61047
46 57058
37 20284
46 57687
46 57984
34 62926
37 20553
34 64031
34 64093
46 61501
46 64449
118 17568
103 56534
118 17944
103 56578
118 18220
46 66410
46 68087
114 389
114 1235
37 25304
34 71036
36 67402
34 71097
34 71576
34 73812
34 74555
46 72204
46 72247
34 76738
37 29630
111 96791
111 96836
111 97063
46 77824
96 1372
36 72658
114 4610
36 73837
36 73930
36 75461
36 77254
36 77701
48 60283
48 61043
36 79689
36 81451
32 27654
111 104627
48 66492
106 56529
48 66800
48 67175
36 85695
36 85930
117 56109
111 107418
36 87861
111 107770
106 59830
107 482
106 60243
117 58863
107 658
106 60622
117 60742
107 2622
48 73425
106 62673
36 89286
117 62261
48 74466
106 64295
36 92165
48 78050
117 65239
48 79252
36 92773
107 4771
107 4995
36 93884
106 67754
48 81236
117 67530
36 94834
48 82444
107 6700
36 96834
106 69947
36 98166
107 9072
107 9630
106 72802
107 9944
36 102167
106 73688
65 42833
101 113028
36 102759
101 114017
36 103761
117 77020
117 77117
48 88702
48 89416
106 76003
36 107309
48 90498
117 79265
50 114728
65 45199
117 79713
36 108570
50 115860
50 116988
117 81674
107 18045
117 82504
36 111331
65 46706
65 47042
36 112201
107 67946
107 67973
106 79069
106 79189
106 79460
101 55701
107 68902
107 19468
36 113828
107 19581
50 121038
107 20405
107 70162
65 48024
36 115266
107 21736
107 71279
36 116564
106 81719
36 116991
106 82442
50 124812
36 117266
106 83353
36 117711
50 125290
50 126312
107 23812
107 74215
107 24484
107 24506
42 52670
106 87835
65 51839
106 88952
50 129718
42 55003
65 52843
101 63066
36 124379
107 27612
50 131364
106 91790
50 131540
37 137789
106 91994
37 138213
106 92838
50 132362
106 93747
101 64907
101 65076
65 54510
106 95010
107 29117
106 96176
106 96785
51 3399
50 134738
110 48877
107 80228
107 80352
107 30025
50 136189
107 81022
51 5243
50 136437
107 81345
50 136676
107 30847
106 98809
101 68087
50 137235
50 137251
107 81977
50 137675
107 32054
50 137999
101 69214
106 101510
51 8276
110 51351
101 69756
111 87
51 9211
111 304
118 22066
110 51983
111 642
50 140285
118 22946
118 23122
111 1400
107 84853
37 31862
111 2456
118 24679
118 24751
51 12182
118 25557
50 142501
114 7199
114 7336
110 54584
111 4954
114 8285
107 87189
96 7544
30 13388
30 13863
101 73695
30 14615
107 44888
107 38185
101 73900
55 828
30 16039
101 74129
30 16282
101 74391
107 88419
107 45833
107 39447
114 10196
101 75311
33 134643
96 11068
55 3038
111 7910
60 53490
101 76011
96 11856
107 47187
96 12094
33 136989
30 23921
33 137934
60 54734
111 8737
107 42406
30 24153
107 48322
101 77560
96 13647
55 5204
33 138739
107 42729
55 5794
107 49200
33 139813
107 43167
107 43543
33 141292
33 141319
55 7603
33 142093
55 8572
107 93605
107 93618
55 9233
107 44534
51 21960
96 17791
33 143495
30 31312
101 80605
107 94183
107 51451
60 57763
104 47319
114 16172
30 33702
33 145239
30 34013
30 34028
114 20609
101 82220
51 23675
107 52999
30 35041
33 146144
114 17039
30 35439
30 35652
30 35806
51 24441
114 17556
55 14732
55 15509
51 25850
114 23789
114 23867
57 59742
104 50169
114 18483
30 39925
51 26847
55 17219
30 41650
114 19092
51 27375
114 25789
104 51802
101 85753
104 52158
111 15540
114 20249
104 52991
114 27211
101 87270
57 63100
101 87473
57 63234
51 30217
60 63740
57 64498
30 49561
55 20616
111 17565
51 31058
49 30517
65 464
114 28570
114 29052
51 32209
111 19055
30 54684
30 54880
114 29883
55 23551
101 92217
114 30040
65 13497
101 92951
49 33437
30 56476
65 13693
55 24479
65 13775
111 20285
57 69332
65 14409
60 68824
30 139916
60 68942
65 14747
57 70725
30 61850
51 36203
30 142788
30 63202
51 36519
60 69897
54 120439
111 22415
60 70052
114 32484
65 16076
49 37690
60 70292
49 38014
57 73474
49 38278
111 23276
54 123794
49 39383
111 23906
54 124228
57 75004
114 34449
65 17727
57 75315
114 35026
111 24879
31 7368
114 35735
111 25369
31 8705
51 41962
114 36322
57 77490
111 25964
111 25991
51 42707
60 75118
49 44681
111 27520
26 1940
57 80697
60 76462
51 44459
55 39487
57 81197
60 76870
60 77185
31 14894
60 77293
26 4442
60 77501
101 103334
60 77609
26 4853
51 45647
49 47150
114 40046
26 5576
26 5584
114 40259
101 104314
55 42657
60 78450
111 29988
57 84114
114 41413
51 46975
101 104883
60 79029
65 22832
57 84628
51 47517
51 47678
57 85924
114 42155
60 79797
31 20874
49 50918
55 47258
57 87073
26 10200
51 48767
26 10758
31 21976
31 22189
65 24298
65 24554
31 23254
101 107024
49 53574
55 50557
26 13616
60 81903
42 57837
49 54958
55 51952
26 15506
60 82233
49 55746
31 25576
42 58574
55 52955
57 91042
60 83023
111 34685
55 53416
100 1440
51 52344
55 54475
65 27090
65 27092
42 61273
51 53014
31 28161
111 35499
26 20736
42 62083
26 21037
107 94537
100 3319
107 94832
100 3687
26 21814
31 29221
111 36183
51 53808
42 63792
100 4698
107 96668
111 37735
107 96949
107 97041
64 54164
64 54203
107 97558
26 25130
111 38720
31 32088
31 32502
26 25630
60 86760
31 33997
107 99575
64 56359
111 40986
100 7354
114 49575
64 56985
64 57056
60 88471
100 8943
31 37962
111 42995
100 9721
31 38833
107 102761
64 58854
42 71781
65 33121
31 39508
114 51936
111 44525
22 6506
100 10801
100 11634
114 52634
42 73259
22 8202
102 4476
31 42286
26 36114
102 4674
100 12803
102 4695
100 12835
22 8728
100 12868
100 13002
102 5336
22 9735
102 5773
65 36167
42 76085
31 44683
65 36738
22 11189
111 46875
106 42862
100 16141
42 78334
102 8969
22 13271
31 46548
114 55032
102 9519
64 62655
65 40483
65 40557
65 40715
100 19715
26 44078
106 47977
64 64731
106 48180
65 42077
31 52274
22 18274
42 85084
100 21098
22 19292
106 49696
43 61476
106 49760
22 19699
42 86374
22 20470
42 87949
42 88556
22 21664
106 52859
101 108256
26 50050
26 50579
106 54466
106 54883
22 24749
40 77426
64 69617
31 61245
100 26797
45 58398
40 79717
40 79753
40 80854
100 27684
101 111858
101 111933
100 28259
60 514
40 82755
22 29176
60 1348
60 1670
100 29263
61 157706
26 60562
40 86044
45 64157
26 62669
40 87551
40 88003
45 65850
40 88520
45 65889
60 4890
60 5147
60 5238
60 5487
60 5687
40 90395
100 31575
24 356
64 74373
40 92481
22 34072
60 7805
24 1597
60 8418
64 74735
60 8787
24 1702
100 32317
100 32488
100 32892
24 2800
100 33878
60 11227
40 98806
64 76733
22 36896
61 162229
32 291
21 60060
32 1178
60 14329
40 103216
32 2201
100 35878
32 3200
64 77987
32 60841
60 15845
100 37186
100 37224
60 16118
32 5787
22 40202
22 40894
64 79825
32 64251
40 112102
32 64369
100 39348
32 65840
32 12836
47 56386
32 66793
47 57124
47 57256
32 67885
22 45540
114 56352
100 41983
32 69175
32 70681
47 63420
22 48386
32 16702
47 64860
32 72101
22 49224
21 70632
114 58077
21 71350
21 72306
32 74060
100 44998
100 45376
22 51930
22 52258
32 75027
32 22937
32 76784
22 54338
100 47468
32 77033
22 55285
32 78387
100 48388
22 56788
21 78702
100 50218
114 63319
100 50459
100 50621
114 63951
114 64841
114 64978
114 65004
21 81835
32 84121
32 85366
32 85449
32 85546
32 86458
63 1007
63 1031
32 87948
53 2545
32 88559
21 85881
63 2621
21 86127
114 67042
114 67223
21 86800
63 3510
34 146546
63 4980
34 148400
53 7841
53 7842
111 48766
53 7960
63 6428
53 8990
111 50526
53 9414
114 63 7248
114 69377
34 151925
21 93937
63 8861
21 94407
31 103088
21 94609
63 9558
53 12057
114 70853
114 70876
34 155467
114 71575
34 155591
97 110302
114 72826
34 159628
59 51112
53 18657
53 18719
59 53152
114 76968
59 53229
59 54161
97 113739
114 78890
114 79138
53 20414
60 19035
97 115376
53 21202
53 21229
60 19728
60 20177
59 58984
21 110337
60 20861
97 117072
114 82954
59 61490
114 84425
59 61647
114 84837
60 22476
41 1146
21 112677
21 112799
21 112838
21 113333
59 63648
114 87065
21 114377
21 114559
114 89049
114 90658
59 68278
60 27598
60 27714
59 71954
60 28731
60 28741
60 28954
21 121814
21 121873
114 94208
60 29864
114 94485
59 77848
59 78154
41 10788
21 125258
60 31277
59 80081
41 11767
60 32013
41 14977
60 32560
59 83492
114 98519
60 33279
59 86157
41 21001
41 21417
41 21669
41 22386
41 22624
41 25159
41 25221
41 25806
41 27572
41 30150
59 92884
41 30950
41 32000
59 94008
32 90629
32 90874
32 90986
41 32510
41 33272
32 92804
97 7612
60 41057
105 56620
41 35211
115 62157
115 62201
105 58226
41 37904
32 96287
64 85767
41 39092
38 21950
38 23960
97 11274
41 42412
64 88880
105 63754
105 63780
64 89523
60 46441
64 90289
99 67919
105 66176
105 66461
61 22602
61 22684
41 51000
64 92235
105 67527
115 68974
97 14076
105 68042
64 92975
97 14318
64 93319
64 94194
115 70230
105 70117
38 31004
97 15593
105 71041
122 112745
105 71080
38 31815
29 4199
64 95254
61 26255
105 71742
122 113380
29 4905
64 95507
105 72010
38 32346
115 72075
64 95604
61 27096
122 114837
61 28743
38 33682
61 29136
115 75019
115 75179
101 19742
61 30434
29 10456
61 30553
115 76394
61 31129
38 35497
115 76763
29 11068
64 98263
101 23427
122 117796
61 33462
101 23828
61 33577
64 99501
29 14501
61 34366
64 99969
102 15345
52 68447
101 26099
38 39258
64 100544
102 15969
102 16142
52 69519
64 101112
38 41398
29 19329
38 42280
29 19347
29 19776
61 36881
102 19739
105 80961
38 43759
122 121193
52 70697
122 121465
52 71613
101 32707
122 122701
52 71906
38 44855
52 72100
61 38782
63 13134
63 13177
101 34218
105 82965
101 34509
47 50447
102 23882
105 83214
102 24226
101 35025
102 25335
122 124872
63 15226
61 40205
63 15662
101 37325
105 85676
38 49934
122 127219
122 127370
29 32447
28 37792
52 76975
63 18252
52 77432
122 129070
105 86756
29 33983
63 19184
61 42548
102 30839
63 19754
61 43020
61 43375
105 88633
61 43431
63 21002
105 88783
28 50672
102 33462
29 37754
38 53942
52 79541
44 9221
105 89576
61 44810
29 39238
38 55607
102 36010
101 43595
28 73159
38 56394
44 17071
38 56550
29 42424
29 42586
102 37252
105 92741
20 47131
102 37794
38 58251
29 44991
20 48716
101 47015
61 48534
101 47755
122 136195
122 136351
101 48215
44 22618
28 122795
38 60310
102 39920
29 47753
105 96904
105 96940
52 85491
105 97278
52 85835
29 49164
38 63381
38 63437
34 162693
101 52045
101 52115
34 163176
20 53230
44 26731
105 99295
101 52905
122 138865
36 384
20 54022
122 139442
52 88099
52 88551
44 28002
34 165461
60 103262
101 54282
44 28804
105 101289
60 103836
34 166997
34 167347
61 53367
52 90258
60 104421
61 53682
110 1389
110 1474
52 91001
29 55768
29 55956
52 91938
52 60252
36 4323
44 35873
52 92712
29 58061
36 4760
34 170828
36 4844
36 5035
52 93622
52 94583
29 59589
30 64953
44 39085
110 6408
34 173172
44 39781
110 6952
122 145058
30 68055
30 68392
34 175447
52 98375
34 176037
29 63256
34 176179
30 70134
44 43625
36 9340
52 99963
97 17920
30 71329
97 18404
44 44863
99 54670
34 178770
99 55273
105 2020
60 112282
34 179082
52 102251
60 112320
52 102488
99 55820
36 12221
110 11037
52 103641
44 47561
60 112908
99 56403
44 47728
36 13585
60 113583
44 48797
97 22161
60 113694
97 22323
110 12579
110 12678
60 114271
44 51151
99 58700
44 53257
30 78975
105 5600
105 5677
30 80138
52 110089
52 110312
44 58797
97 26550
105 7936
36 19628
36 19998
34 186630
52 114464
105 9064
97 28133
105 9308
30 85661
97 28555
60 119543
99 62548
36 21972
105 10487
36 22835
30 87972
23 9338
30 89663
99 63843
36 24130
36 24149
97 30995
95 1617
99 64532
30 90714
95 2185
36 25426
36 25701
34 78596
97 34251
97 34300
63 23778
97 34978
105 15160
105 15217
99 66262
105 15799
36 28659
34 81259
63 25059
36 28924
36 29187
30 97389
63 26189
95 6680
97 37476
65 64048
65 64323
60 125635
95 7330
63 27481
60 125836
36 31234
34 83706
30 101022
95 9682
95 9777
30 102815
95 11306
95 11775
105 20527
36 33845
97 40798
105 20916
105 20949
105 21347
30 105844
36 35204
60 129781
95 16128
63 33969
36 36959
95 17175
36 37142
60 130472
105 23885
95 18509
105 24144
95 18703
63 35175
95 19058
30 110758
60 131665
36 38096
65 70576
34 93183
30 111858
95 21017
36 39171
95 21372
95 21473
65 71473
105 26237
34 94976
60 133701
63 37673
97 47192
30 117438
63 37865
95 24000
65 72534
63 38074
97 47990
30 120328
63 38789
97 48451
60 135574
97 48561
65 73640
30 122990
95 27195
97 49283
63 39685
30 124901
97 49599
34 99450
30 126288
30 126705
63 40565
34 101019
102 44160
102 44405
54 42358
97 51079
63 40880
60 137066
54 42804
60 137105
63 40970
63 41708
65 76772
38 65449
65 77341
54 45153
95 32613
65 77679
63 42570
97 53560
38 66331
105 34186
38 66514
102 47368
102 47441
34 107742
105 34501
20 838
63 43664
19 67369
96 52938
63 44165
96 53393
95 35269
63 44648
34 110509
96 53677
95 36032
59 98413
96 53720
34 111050
59 98925
54 48683
59 98976
63 45958
34 112297
43 456
105 36886
105 37078
105 37367
96 55183
38 72032
96 55721
43 3800
65 82000
96 55915
63 47978
105 38322
105 38335
34 117084
20 6936
63 48633
95 41179
54 52773
43 6962
65 82830
95 42835
96 57212
54 53765
95 43350
110 12738
43 9386
20 9212
34 121772
54 54425
110 13615
20 9782
96 58304
105 40142
110 56777
20 10140
43 11659
96 58600
96 59066
110 57593
105 41274
105 41616
105 41629
43 15348
38 79426
105 41905
110 16506
120 56384
38 80223
43 17641
105 42807
38 81521
43 18234
110 17840
95 47075
110 17907
34 129500
20 14844
20 15676
96 61636
54 58328
38 83237
110 18707
120 58081
95 47921
38 84486
95 48712
120 59449
54 60136
34 133129
96 63101
51 57778
43 26278
105 47134
110 23422
38 88202
43 27442
95 50600
51 58349
120 61529
110 63979
95 51263
110 64481
34 136807
110 65767
34 139581
110 66991
34 139806
43 34072
110 26934
51 62015
38 93012
110 67594
43 35881
34 141373
120 64830
34 142451
43 36557
34 143157
43 37574
20 25421
105 51901
105 51962
43 38835
110 69713
51 65184
110 30279
110 69817
51 65610
20 26441
110 30614
110 30638
43 39914
51 66592
120 67787
51 67298
110 31128
51 67329
96 70926
120 68659
120 68768
105 54210
20 28562
43 43042
20 28773
110 32478
19 60212
110 72131
120 70261
19 61359
110 33300
110 72660
120 70700
110 33635
19 62916
20 31052
110 34276
20 31764
19 65767
43 47259
51 73772
43 47870
43 48646
51 74997
110 75344
51 76524
110 75347
120 73996
51 77020
51 77948
110 37079
43 53620
96 82907
110 77374
96 83227
96 83494
43 55097
96 83915
96 84391
110 38805
110 78589
110 38828
43 56650
110 78646
20 39550
96 87098
96 87850
96 87958
110 80136
96 88066
20 40746
110 80856
19 2387
110 81919
96 91785
110 42876
110 84268
110 84806
36 49923
110 84988
19 7112
110 85305
110 44361
110 44732
110 86221
110 86420
110 86668
110 87158
110 88276
110 88692
36 55165
55 79299
36 57272
110 91055
36 57501
36 57744
110 91253
19 15464
110 93571
36 60930
19 18634
110 95138
36 61920
110 95334
110 95511
19 19537
36 62375
110 96589
110 96629
19 19979
110 97225
55 86646
110 101321
61 930
38 106657
19 24926
55 91302
19 25339
107 55139
61 7308
61 7371
61 7504
19 26685
38 110118
107 61676
107 61974
55 96021
55 96429
53 100375
53 101755
53 102140
55 99850
55 99931
53 103301
53 103511
53 103861
61 12562
38 116940
61 12663
55 100956
38 117504
55 101292
55 102860
55 103229
38 119371
55 104477
61 15185
61 15220
55 105399
38 120923
55 105939
61 16240
55 107202
38 122827
53 113878
55 110946
55 111198
55 111604
61 18298
38 753
38 1930
38 2108
29 125705
61 20939
29 128163
61 21198
29 130062
19 45718
19 46773
38 7081
29 135710
19 48744
19 49296
38 132684
19 49521
29 142799
29 144016
38 9660
19 50427
29 145525
38 135329
19 51179
29 148936
19 51514
38 136497
29 153684
29 154314
38 137106
51 80061
38 14068
38 137991
38 138581
38 15176
51 82679
38 15593
38 16204
29 160352
49 4938
49 5181
38 17729
51 85190
33 63735
62 4997
38 18887
38 20287
33 65396
49 8417
38 20658
62 6971
49 9653
62 8465
62 8500
33 69187
33 69462
51 90857
51 91424
51 93330
33 73697
49 17215
33 74620
96 97136
62 12772
96 98663
49 19057
49 19403
62 13507
51 96476
62 13566
96 101448
49 20595
96 103774
62 15437
50 537
51 99677
50 798
50 1174
62 15778
62 15914
50 2259
50 2567
33 81057
62 16860
33 81735
49 25942
50 7985
33 83259
50 8636
49 26778
50 10094
50 12334
50 17303
50 18462
50 19361
51 107943
62 21794
51 109352
50 21685
51 110871
62 23184
50 29254
62 24467
50 31084
21 5706
50 31330
62 25023
50 32986
50 33104
50 34061
50 36414
21 11422
21 12210
50 41081
50 44552
50 46143
21 21107
50 50323
50 50766
21 21805
50 52282
50 52675
50 52681
50 53025
62 31478
50 53667
50 55864
50 56558
21 25313
20 110689
21 25672
20 111840
21 26114
21 28234
21 29746
115 2437
20 117622
20 118023
21 31395
47 933
115 3508
21 33726
47 2216
21 34226
21 36458
115 4574
115 5234
47 8858
21 38800
47 9638
115 5886
47 11017
115 5947
47 15220
115 7639
122 383
47 20081
47 20440
122 2029
47 21314
47 26456
122 5862
47 29138
47 29383
122 7575
115 11717
122 9227
47 33742
115 12618
122 10522
47 35547
47 36098
122 11739
47 38101
115 13520
47 38635
122 14114
47 41017
122 18083
47 43841
47 44000
122 19439
122 20538
115 16035
122 21226
47 47093
122 25980
122 28095
122 29554
122 30001
122 31495
122 32067
122 32269
122 33803
122 34113
122 35286
122 35669
122 36977
115 25256
115 28510
115 30723
115 31795
115 34665
115 34896
115 39864
