# 181 angles,  1 tensor ranks for 0=projectile
@subtitle   "7Li(d,p) @ 7.5AMeV ADWA (d) + Watson (p) LEA no-SO"                            
@legend ON
@legend x1 0.2
@legend y1 0.8
@g0 type LOGY
@yaxis ticklabel format power
@legend string   0 "Lab energy =   14.5311"
#legend string   0 "Partition=  2 Excit=  2 near/far= 1"
#  Theta       sigma       iT11        T20         T21         T22         Kyy for projectile
   0.000       24.76    
   1.000       24.73    
   2.000       24.63    
   3.000       24.48    
   4.000       24.26    
   5.000       23.97    
   6.000       23.62    
   7.000       23.21    
   8.000       22.73    
   9.000       22.18    
   10.00       21.58    
   11.00       20.91    
   12.00       20.18    
   13.00       19.41    
   14.00       18.59    
   15.00       17.72    
   16.00       16.83    
   17.00       15.91    
   18.00       14.97    
   19.00       14.03    
   20.00       13.09    
   21.00       12.17    
   22.00       11.26    
   23.00       10.37    
   24.00       9.522    
   25.00       8.709    
   26.00       7.938    
   27.00       7.211    
   28.00       6.531    
   29.00       5.898    
   30.00       5.312    
   31.00       4.772    
   32.00       4.278    
   33.00       3.827    
   34.00       3.418    
   35.00       3.049    
   36.00       2.719    
   37.00       2.424    
   38.00       2.165    
   39.00       1.938    
   40.00       1.742    
   41.00       1.575    
   42.00       1.435    
   43.00       1.319    
   44.00       1.225    
   45.00       1.152    
   46.00       1.095    
   47.00       1.054    
   48.00       1.024    
   49.00       1.005    
   50.00      0.9939    
   51.00      0.9889    
   52.00      0.9885    
   53.00      0.9915    
   54.00      0.9967    
   55.00       1.003    
   56.00       1.011    
   57.00       1.018    
   58.00       1.026    
   59.00       1.032    
   60.00       1.038    
   61.00       1.043    
   62.00       1.045    
   63.00       1.046    
   64.00       1.045    
   65.00       1.041    
   66.00       1.034    
   67.00       1.025    
   68.00       1.013    
   69.00      0.9971    
   70.00      0.9788    
   71.00      0.9579    
   72.00      0.9346    
   73.00      0.9092    
   74.00      0.8821    
   75.00      0.8536    
   76.00      0.8241    
   77.00      0.7940    
   78.00      0.7635    
   79.00      0.7331    
   80.00      0.7029    
   81.00      0.6730    
   82.00      0.6437    
   83.00      0.6152    
   84.00      0.5873    
   85.00      0.5604    
   86.00      0.5343    
   87.00      0.5092    
   88.00      0.4851    
   89.00      0.4620    
   90.00      0.4400    
   91.00      0.4191    
   92.00      0.3994    
   93.00      0.3810    
   94.00      0.3637    
   95.00      0.3478    
   96.00      0.3331    
   97.00      0.3197    
   98.00      0.3076    
   99.00      0.2968    
   100.0      0.2873    
   101.0      0.2789    
   102.0      0.2716    
   103.0      0.2654    
   104.0      0.2601    
   105.0      0.2558    
   106.0      0.2523    
   107.0      0.2496    
   108.0      0.2475    
   109.0      0.2461    
   110.0      0.2453    
   111.0      0.2450    
   112.0      0.2451    
   113.0      0.2457    
   114.0      0.2467    
   115.0      0.2481    
   116.0      0.2498    
   117.0      0.2518    
   118.0      0.2542    
   119.0      0.2569    
   120.0      0.2599    
   121.0      0.2632    
   122.0      0.2668    
   123.0      0.2707    
   124.0      0.2748    
   125.0      0.2792    
   126.0      0.2839    
   127.0      0.2888    
   128.0      0.2940    
   129.0      0.2994    
   130.0      0.3051    
   131.0      0.3111    
   132.0      0.3174    
   133.0      0.3239    
   134.0      0.3308    
   135.0      0.3379    
   136.0      0.3454    
   137.0      0.3532    
   138.0      0.3613    
   139.0      0.3698    
   140.0      0.3786    
   141.0      0.3877    
   142.0      0.3973    
   143.0      0.4072    
   144.0      0.4174    
   145.0      0.4280    
   146.0      0.4390    
   147.0      0.4503    
   148.0      0.4619    
   149.0      0.4738    
   150.0      0.4860    
   151.0      0.4985    
   152.0      0.5112    
   153.0      0.5241    
   154.0      0.5371    
   155.0      0.5503    
   156.0      0.5635    
   157.0      0.5768    
   158.0      0.5900    
   159.0      0.6032    
   160.0      0.6162    
   161.0      0.6291    
   162.0      0.6417    
   163.0      0.6540    
   164.0      0.6660    
   165.0      0.6776    
   166.0      0.6888    
   167.0      0.6994    
   168.0      0.7095    
   169.0      0.7190    
   170.0      0.7278    
   171.0      0.7360    
   172.0      0.7434    
   173.0      0.7500    
   174.0      0.7558    
   175.0      0.7608    
   176.0      0.7649    
   177.0      0.7681    
   178.0      0.7704    
   179.0      0.7718    
   180.0      0.7722    
 END
