# 181 angles,  1 tensor ranks for 0=projectile
@subtitle   "7Li(d,p) @ 7.5AMeV ADWA (d) + Watson (p)"                                      
@legend ON
@legend x1 0.2
@legend y1 0.8
@g0 type LOGY
@yaxis ticklabel format power
@legend string   0 "Lab energy =   14.5311"
#legend string   0 "Partition=  2 Excit=  1 near/far= 1"
#  Theta       sigma       iT11        T20         T21         T22         Kyy for projectile
   0.000       32.62    
   1.000       32.61    
   2.000       32.60    
   3.000       32.56    
   4.000       32.51    
   5.000       32.41    
   6.000       32.28    
   7.000       32.09    
   8.000       31.83    
   9.000       31.50    
   10.00       31.08    
   11.00       30.56    
   12.00       29.94    
   13.00       29.23    
   14.00       28.41    
   15.00       27.49    
   16.00       26.48    
   17.00       25.40    
   18.00       24.23    
   19.00       23.01    
   20.00       21.74    
   21.00       20.44    
   22.00       19.12    
   23.00       17.79    
   24.00       16.47    
   25.00       15.17    
   26.00       13.90    
   27.00       12.68    
   28.00       11.50    
   29.00       10.39    
   30.00       9.333    
   31.00       8.348    
   32.00       7.433    
   33.00       6.590    
   34.00       5.819    
   35.00       5.121    
   36.00       4.493    
   37.00       3.934    
   38.00       3.441    
   39.00       3.011    
   40.00       2.641    
   41.00       2.326    
   42.00       2.063    
   43.00       1.847    
   44.00       1.674    
   45.00       1.540    
   46.00       1.440    
   47.00       1.369    
   48.00       1.325    
   49.00       1.302    
   50.00       1.297    
   51.00       1.306    
   52.00       1.327    
   53.00       1.356    
   54.00       1.392    
   55.00       1.430    
   56.00       1.471    
   57.00       1.511    
   58.00       1.550    
   59.00       1.586    
   60.00       1.618    
   61.00       1.646    
   62.00       1.669    
   63.00       1.686    
   64.00       1.697    
   65.00       1.701    
   66.00       1.700    
   67.00       1.692    
   68.00       1.679    
   69.00       1.660    
   70.00       1.635    
   71.00       1.606    
   72.00       1.572    
   73.00       1.534    
   74.00       1.492    
   75.00       1.448    
   76.00       1.402    
   77.00       1.354    
   78.00       1.304    
   79.00       1.254    
   80.00       1.204    
   81.00       1.153    
   82.00       1.104    
   83.00       1.055    
   84.00       1.007    
   85.00      0.9607    
   86.00      0.9161    
   87.00      0.8734    
   88.00      0.8327    
   89.00      0.7942    
   90.00      0.7580    
   91.00      0.7243    
   92.00      0.6930    
   93.00      0.6642    
   94.00      0.6379    
   95.00      0.6140    
   96.00      0.5927    
   97.00      0.5737    
   98.00      0.5570    
   99.00      0.5425    
   100.0      0.5301    
   101.0      0.5197    
   102.0      0.5111    
   103.0      0.5043    
   104.0      0.4990    
   105.0      0.4952    
   106.0      0.4927    
   107.0      0.4913    
   108.0      0.4910    
   109.0      0.4916    
   110.0      0.4930    
   111.0      0.4951    
   112.0      0.4978    
   113.0      0.5009    
   114.0      0.5045    
   115.0      0.5084    
   116.0      0.5126    
   117.0      0.5170    
   118.0      0.5216    
   119.0      0.5262    
   120.0      0.5310    
   121.0      0.5358    
   122.0      0.5406    
   123.0      0.5455    
   124.0      0.5505    
   125.0      0.5554    
   126.0      0.5604    
   127.0      0.5655    
   128.0      0.5707    
   129.0      0.5760    
   130.0      0.5814    
   131.0      0.5871    
   132.0      0.5929    
   133.0      0.5990    
   134.0      0.6054    
   135.0      0.6121    
   136.0      0.6192    
   137.0      0.6266    
   138.0      0.6345    
   139.0      0.6429    
   140.0      0.6518    
   141.0      0.6612    
   142.0      0.6711    
   143.0      0.6816    
   144.0      0.6926    
   145.0      0.7042    
   146.0      0.7164    
   147.0      0.7291    
   148.0      0.7423    
   149.0      0.7561    
   150.0      0.7704    
   151.0      0.7851    
   152.0      0.8002    
   153.0      0.8157    
   154.0      0.8315    
   155.0      0.8476    
   156.0      0.8639    
   157.0      0.8804    
   158.0      0.8969    
   159.0      0.9134    
   160.0      0.9299    
   161.0      0.9462    
   162.0      0.9623    
   163.0      0.9781    
   164.0      0.9935    
   165.0       1.008    
   166.0       1.023    
   167.0       1.037    
   168.0       1.050    
   169.0       1.062    
   170.0       1.074    
   171.0       1.084    
   172.0       1.094    
   173.0       1.103    
   174.0       1.110    
   175.0       1.117    
   176.0       1.122    
   177.0       1.126    
   178.0       1.129    
   179.0       1.131    
   180.0       1.132    
 END
