# 181 angles,  1 tensor ranks for 0=projectile
@subtitle   "7Li(d,p) @ 7.5AMeV ADWA (d) + Watson (p)"                                      
@legend ON
@legend x1 0.2
@legend y1 0.8
@g0 type LOGY
@yaxis ticklabel format power
@legend string   0 "Lab energy =   14.5311"
#legend string   0 "Partition=  2 Excit=  3 near/far= 1"
#  Theta       sigma       iT11        T20         T21         T22         Kyy for projectile
   0.000       65.98    
   1.000       65.85    
   2.000       65.48    
   3.000       64.84    
   4.000       63.95    
   5.000       62.81    
   6.000       61.40    
   7.000       59.75    
   8.000       57.84    
   9.000       55.68    
   10.00       53.30    
   11.00       50.71    
   12.00       47.94    
   13.00       45.03    
   14.00       42.00    
   15.00       38.93    
   16.00       35.84    
   17.00       32.80    
   18.00       29.86    
   19.00       27.07    
   20.00       24.46    
   21.00       22.06    
   22.00       19.89    
   23.00       17.96    
   24.00       16.26    
   25.00       14.78    
   26.00       13.50    
   27.00       12.38    
   28.00       11.41    
   29.00       10.56    
   30.00       9.788    
   31.00       9.086    
   32.00       8.429    
   33.00       7.805    
   34.00       7.201    
   35.00       6.615    
   36.00       6.047    
   37.00       5.503    
   38.00       4.991    
   39.00       4.524    
   40.00       4.111    
   41.00       3.762    
   42.00       3.482    
   43.00       3.270    
   44.00       3.122    
   45.00       3.027    
   46.00       2.969    
   47.00       2.936    
   48.00       2.911    
   49.00       2.882    
   50.00       2.841    
   51.00       2.784    
   52.00       2.711    
   53.00       2.625    
   54.00       2.532    
   55.00       2.437    
   56.00       2.349    
   57.00       2.271    
   58.00       2.209    
   59.00       2.165    
   60.00       2.141    
   61.00       2.136    
   62.00       2.148    
   63.00       2.175    
   64.00       2.211    
   65.00       2.251    
   66.00       2.289    
   67.00       2.320    
   68.00       2.337    
   69.00       2.337    
   70.00       2.317    
   71.00       2.276    
   72.00       2.215    
   73.00       2.137    
   74.00       2.046    
   75.00       1.946    
   76.00       1.842    
   77.00       1.738    
   78.00       1.639    
   79.00       1.547    
   80.00       1.462    
   81.00       1.387    
   82.00       1.321    
   83.00       1.264    
   84.00       1.213    
   85.00       1.167    
   86.00       1.126    
   87.00       1.087    
   88.00       1.050    
   89.00       1.014    
   90.00      0.9770    
   91.00      0.9394    
   92.00      0.9006    
   93.00      0.8608    
   94.00      0.8201    
   95.00      0.7792    
   96.00      0.7386    
   97.00      0.6992    
   98.00      0.6616    
   99.00      0.6266    
   100.0      0.5948    
   101.0      0.5666    
   102.0      0.5423    
   103.0      0.5219    
   104.0      0.5051    
   105.0      0.4916    
   106.0      0.4809    
   107.0      0.4724    
   108.0      0.4656    
   109.0      0.4600    
   110.0      0.4551    
   111.0      0.4506    
   112.0      0.4462    
   113.0      0.4419    
   114.0      0.4377    
   115.0      0.4337    
   116.0      0.4301    
   117.0      0.4272    
   118.0      0.4251    
   119.0      0.4241    
   120.0      0.4245    
   121.0      0.4265    
   122.0      0.4302    
   123.0      0.4357    
   124.0      0.4431    
   125.0      0.4524    
   126.0      0.4636    
   127.0      0.4766    
   128.0      0.4913    
   129.0      0.5075    
   130.0      0.5253    
   131.0      0.5443    
   132.0      0.5645    
   133.0      0.5858    
   134.0      0.6079    
   135.0      0.6308    
   136.0      0.6543    
   137.0      0.6783    
   138.0      0.7028    
   139.0      0.7277    
   140.0      0.7529    
   141.0      0.7784    
   142.0      0.8041    
   143.0      0.8300    
   144.0      0.8561    
   145.0      0.8824    
   146.0      0.9089    
   147.0      0.9356    
   148.0      0.9624    
   149.0      0.9895    
   150.0       1.017    
   151.0       1.044    
   152.0       1.072    
   153.0       1.099    
   154.0       1.127    
   155.0       1.155    
   156.0       1.182    
   157.0       1.210    
   158.0       1.237    
   159.0       1.264    
   160.0       1.291    
   161.0       1.317    
   162.0       1.343    
   163.0       1.368    
   164.0       1.393    
   165.0       1.417    
   166.0       1.439    
   167.0       1.461    
   168.0       1.481    
   169.0       1.501    
   170.0       1.519    
   171.0       1.535    
   172.0       1.550    
   173.0       1.564    
   174.0       1.575    
   175.0       1.586    
   176.0       1.594    
   177.0       1.600    
   178.0       1.605    
   179.0       1.608    
   180.0       1.609    
 END
