# 181 angles,  1 tensor ranks for 0=projectile
@subtitle   "7Li(d,p) @ 7.5AMeV ADWA (d) + Watson (p) LEA no-SO"                            
@legend ON
@legend x1 0.2
@legend y1 0.8
@g0 type LOGY
@yaxis ticklabel format power
@legend string   0 "Lab energy =   14.5311"
#legend string   0 "Partition=  2 Excit=  5 near/far= 1"
#  Theta       sigma       iT11        T20         T21         T22         Kyy for projectile
   0.000       200.9    
   1.000       200.3    
   2.000       198.4    
   3.000       195.2    
   4.000       190.8    
   5.000       185.1    
   6.000       178.0    
   7.000       169.6    
   8.000       160.0    
   9.000       149.2    
   10.00       137.3    
   11.00       124.7    
   12.00       111.5    
   13.00       98.15    
   14.00       84.96    
   15.00       72.33    
   16.00       60.61    
   17.00       50.10    
   18.00       41.03    
   19.00       33.52    
   20.00       27.57    
   21.00       23.09    
   22.00       19.88    
   23.00       17.70    
   24.00       16.30    
   25.00       15.44    
   26.00       14.92    
   27.00       14.61    
   28.00       14.43    
   29.00       14.34    
   30.00       14.31    
   31.00       14.31    
   32.00       14.29    
   33.00       14.18    
   34.00       13.90    
   35.00       13.39    
   36.00       12.63    
   37.00       11.66    
   38.00       10.58    
   39.00       9.529    
   40.00       8.669    
   41.00       8.143    
   42.00       8.041    
   43.00       8.376    
   44.00       9.076    
   45.00       9.997    
   46.00       10.95    
   47.00       11.75    
   48.00       12.24    
   49.00       12.32    
   50.00       11.97    
   51.00       11.24    
   52.00       10.23    
   53.00       9.061    
   54.00       7.869    
   55.00       6.755    
   56.00       5.789    
   57.00       5.006    
   58.00       4.415    
   59.00       4.007    
   60.00       3.768    
   61.00       3.686    
   62.00       3.752    
   63.00       3.959    
   64.00       4.294    
   65.00       4.730    
   66.00       5.227    
   67.00       5.731    
   68.00       6.180    
   69.00       6.513    
   70.00       6.681    
   71.00       6.654    
   72.00       6.427    
   73.00       6.021    
   74.00       5.475    
   75.00       4.843    
   76.00       4.183    
   77.00       3.544    
   78.00       2.969    
   79.00       2.481    
   80.00       2.092    
   81.00       1.799    
   82.00       1.590    
   83.00       1.452    
   84.00       1.369    
   85.00       1.327    
   86.00       1.316    
   87.00       1.331    
   88.00       1.366    
   89.00       1.416    
   90.00       1.475    
   91.00       1.536    
   92.00       1.591    
   93.00       1.630    
   94.00       1.646    
   95.00       1.632    
   96.00       1.587    
   97.00       1.510    
   98.00       1.407    
   99.00       1.285    
   100.0       1.155    
   101.0       1.026    
   102.0      0.9088    
   103.0      0.8098    
   104.0      0.7342    
   105.0      0.6840    
   106.0      0.6581    
   107.0      0.6531    
   108.0      0.6638    
   109.0      0.6843    
   110.0      0.7088    
   111.0      0.7317    
   112.0      0.7491    
   113.0      0.7582    
   114.0      0.7578    
   115.0      0.7480    
   116.0      0.7300    
   117.0      0.7058    
   118.0      0.6778    
   119.0      0.6485    
   120.0      0.6202    
   121.0      0.5949    
   122.0      0.5741    
   123.0      0.5589    
   124.0      0.5500    
   125.0      0.5474    
   126.0      0.5513    
   127.0      0.5613    
   128.0      0.5772    
   129.0      0.5985    
   130.0      0.6250    
   131.0      0.6562    
   132.0      0.6920    
   133.0      0.7321    
   134.0      0.7764    
   135.0      0.8248    
   136.0      0.8769    
   137.0      0.9326    
   138.0      0.9917    
   139.0       1.054    
   140.0       1.119    
   141.0       1.186    
   142.0       1.255    
   143.0       1.325    
   144.0       1.396    
   145.0       1.467    
   146.0       1.539    
   147.0       1.609    
   148.0       1.679    
   149.0       1.748    
   150.0       1.815    
   151.0       1.880    
   152.0       1.943    
   153.0       2.004    
   154.0       2.063    
   155.0       2.119    
   156.0       2.173    
   157.0       2.225    
   158.0       2.274    
   159.0       2.321    
   160.0       2.366    
   161.0       2.409    
   162.0       2.450    
   163.0       2.488    
   164.0       2.524    
   165.0       2.559    
   166.0       2.591    
   167.0       2.621    
   168.0       2.649    
   169.0       2.675    
   170.0       2.699    
   171.0       2.720    
   172.0       2.740    
   173.0       2.757    
   174.0       2.772    
   175.0       2.785    
   176.0       2.795    
   177.0       2.804    
   178.0       2.810    
   179.0       2.813    
   180.0       2.814    
 END
