 loop =           0  is type =           0   0.00000000       7.00000000       0.00000000       1.29999995       0.00000000       0.00000000       0.00000000       0.00000000       0.00000000    
 loop =          -1  is type =           1   0.00000000       86.1019974       1.16999996      0.733703017      0.262800992       1.32500005      0.663173020       0.00000000       0.00000000    
 loop =          -1  is type =           2   0.00000000       0.00000000       0.00000000       0.00000000       12.3149996       1.32500005      0.663173020       0.00000000       0.00000000    
 loop =          -1  is type =           3   0.00000000       3.45429993       1.07000005      0.660000026       0.00000000       0.00000000       0.00000000       0.00000000       0.00000000    
 WOUT,ITER,FALLOC = F           0 F
