# 181 angles,  1 tensor ranks for 0=projectile
@subtitle   "7Li(d,p) @ 7.5AMeV ADWA (d) + KD (p)"                                          
@legend ON
@legend x1 0.2
@legend y1 0.8
@g0 type LOGY
@yaxis ticklabel format power
@legend string   0 "Lab energy =   14.5311"
#legend string   0 "Partition=  2 Excit=  1 near/far= 1"
#  Theta       sigma       iT11        T20         T21         T22         Kyy for projectile
   0.000       29.30    
   1.000       29.32    
   2.000       29.34    
   3.000       29.39    
   4.000       29.43    
   5.000       29.47    
   6.000       29.49    
   7.000       29.48    
   8.000       29.42    
   9.000       29.30    
   10.00       29.11    
   11.00       28.83    
   12.00       28.45    
   13.00       27.98    
   14.00       27.41    
   15.00       26.74    
   16.00       25.97    
   17.00       25.11    
   18.00       24.17    
   19.00       23.15    
   20.00       22.08    
   21.00       20.95    
   22.00       19.79    
   23.00       18.60    
   24.00       17.41    
   25.00       16.22    
   26.00       15.04    
   27.00       13.89    
   28.00       12.77    
   29.00       11.70    
   30.00       10.67    
   31.00       9.703    
   32.00       8.791    
   33.00       7.940    
   34.00       7.152    
   35.00       6.428    
   36.00       5.767    
   37.00       5.170    
   38.00       4.634    
   39.00       4.157    
   40.00       3.737    
   41.00       3.370    
   42.00       3.055    
   43.00       2.787    
   44.00       2.562    
   45.00       2.377    
   46.00       2.228    
   47.00       2.111    
   48.00       2.022    
   49.00       1.958    
   50.00       1.914    
   51.00       1.888    
   52.00       1.876    
   53.00       1.875    
   54.00       1.883    
   55.00       1.898    
   56.00       1.917    
   57.00       1.939    
   58.00       1.961    
   59.00       1.982    
   60.00       2.002    
   61.00       2.019    
   62.00       2.032    
   63.00       2.041    
   64.00       2.045    
   65.00       2.043    
   66.00       2.035    
   67.00       2.022    
   68.00       2.003    
   69.00       1.978    
   70.00       1.947    
   71.00       1.911    
   72.00       1.871    
   73.00       1.826    
   74.00       1.776    
   75.00       1.724    
   76.00       1.668    
   77.00       1.610    
   78.00       1.550    
   79.00       1.488    
   80.00       1.426    
   81.00       1.363    
   82.00       1.299    
   83.00       1.237    
   84.00       1.175    
   85.00       1.113    
   86.00       1.054    
   87.00      0.9956    
   88.00      0.9393    
   89.00      0.8851    
   90.00      0.8332    
   91.00      0.7837    
   92.00      0.7368    
   93.00      0.6925    
   94.00      0.6509    
   95.00      0.6121    
   96.00      0.5761    
   97.00      0.5429    
   98.00      0.5124    
   99.00      0.4846    
   100.0      0.4593    
   101.0      0.4366    
   102.0      0.4163    
   103.0      0.3983    
   104.0      0.3824    
   105.0      0.3685    
   106.0      0.3565    
   107.0      0.3462    
   108.0      0.3375    
   109.0      0.3302    
   110.0      0.3242    
   111.0      0.3194    
   112.0      0.3155    
   113.0      0.3126    
   114.0      0.3105    
   115.0      0.3091    
   116.0      0.3082    
   117.0      0.3078    
   118.0      0.3079    
   119.0      0.3083    
   120.0      0.3090    
   121.0      0.3099    
   122.0      0.3110    
   123.0      0.3123    
   124.0      0.3137    
   125.0      0.3152    
   126.0      0.3168    
   127.0      0.3185    
   128.0      0.3203    
   129.0      0.3222    
   130.0      0.3243    
   131.0      0.3265    
   132.0      0.3289    
   133.0      0.3315    
   134.0      0.3343    
   135.0      0.3373    
   136.0      0.3407    
   137.0      0.3443    
   138.0      0.3483    
   139.0      0.3527    
   140.0      0.3575    
   141.0      0.3627    
   142.0      0.3683    
   143.0      0.3744    
   144.0      0.3810    
   145.0      0.3880    
   146.0      0.3955    
   147.0      0.4034    
   148.0      0.4118    
   149.0      0.4207    
   150.0      0.4299    
   151.0      0.4396    
   152.0      0.4496    
   153.0      0.4599    
   154.0      0.4706    
   155.0      0.4815    
   156.0      0.4926    
   157.0      0.5038    
   158.0      0.5152    
   159.0      0.5266    
   160.0      0.5380    
   161.0      0.5493    
   162.0      0.5605    
   163.0      0.5715    
   164.0      0.5823    
   165.0      0.5928    
   166.0      0.6029    
   167.0      0.6126    
   168.0      0.6218    
   169.0      0.6305    
   170.0      0.6386    
   171.0      0.6461    
   172.0      0.6529    
   173.0      0.6590    
   174.0      0.6644    
   175.0      0.6690    
   176.0      0.6728    
   177.0      0.6758    
   178.0      0.6780    
   179.0      0.6792    
   180.0      0.6797    
 END
