# 181 angles,  1 tensor ranks for 0=projectile
@subtitle   "7Li(d,p) @ 7.5AMeV ADWA (d) + KD (p)"                                          
@legend ON
@legend x1 0.2
@legend y1 0.8
@g0 type LOGY
@yaxis ticklabel format power
@legend string   0 "Lab energy =   14.5311"
#legend string   0 "Partition=  2 Excit=  3 near/far= 1"
#  Theta       sigma       iT11        T20         T21         T22         Kyy for projectile
   0.000       61.68    
   1.000       61.57    
   2.000       61.25    
   3.000       60.72    
   4.000       59.96    
   5.000       58.99    
   6.000       57.79    
   7.000       56.37    
   8.000       54.73    
   9.000       52.86    
   10.00       50.79    
   11.00       48.52    
   12.00       46.08    
   13.00       43.50    
   14.00       40.81    
   15.00       38.06    
   16.00       35.29    
   17.00       32.55    
   18.00       29.90    
   19.00       27.36    
   20.00       24.98    
   21.00       22.79    
   22.00       20.81    
   23.00       19.03    
   24.00       17.47    
   25.00       16.10    
   26.00       14.92    
   27.00       13.88    
   28.00       12.97    
   29.00       12.17    
   30.00       11.44    
   31.00       10.77    
   32.00       10.13    
   33.00       9.521    
   34.00       8.919    
   35.00       8.326    
   36.00       7.744    
   37.00       7.177    
   38.00       6.637    
   39.00       6.134    
   40.00       5.682    
   41.00       5.290    
   42.00       4.964    
   43.00       4.705    
   44.00       4.508    
   45.00       4.365    
   46.00       4.262    
   47.00       4.183    
   48.00       4.116    
   49.00       4.046    
   50.00       3.966    
   51.00       3.871    
   52.00       3.760    
   53.00       3.636    
   54.00       3.505    
   55.00       3.373    
   56.00       3.246    
   57.00       3.132    
   58.00       3.034    
   59.00       2.956    
   60.00       2.901    
   61.00       2.867    
   62.00       2.854    
   63.00       2.858    
   64.00       2.874    
   65.00       2.896    
   66.00       2.919    
   67.00       2.934    
   68.00       2.937    
   69.00       2.921    
   70.00       2.885    
   71.00       2.826    
   72.00       2.746    
   73.00       2.646    
   74.00       2.531    
   75.00       2.406    
   76.00       2.275    
   77.00       2.144    
   78.00       2.018    
   79.00       1.898    
   80.00       1.788    
   81.00       1.689    
   82.00       1.601    
   83.00       1.523    
   84.00       1.454    
   85.00       1.393    
   86.00       1.338    
   87.00       1.287    
   88.00       1.239    
   89.00       1.192    
   90.00       1.145    
   91.00       1.097    
   92.00       1.048    
   93.00      0.9973    
   94.00      0.9450    
   95.00      0.8915    
   96.00      0.8376    
   97.00      0.7841    
   98.00      0.7319    
   99.00      0.6819    
   100.0      0.6349    
   101.0      0.5916    
   102.0      0.5524    
   103.0      0.5175    
   104.0      0.4868    
   105.0      0.4602    
   106.0      0.4371    
   107.0      0.4172    
   108.0      0.3999    
   109.0      0.3845    
   110.0      0.3705    
   111.0      0.3576    
   112.0      0.3454    
   113.0      0.3336    
   114.0      0.3221    
   115.0      0.3109    
   116.0      0.3001    
   117.0      0.2896    
   118.0      0.2796    
   119.0      0.2704    
   120.0      0.2619    
   121.0      0.2545    
   122.0      0.2481    
   123.0      0.2429    
   124.0      0.2388    
   125.0      0.2360    
   126.0      0.2343    
   127.0      0.2338    
   128.0      0.2344    
   129.0      0.2359    
   130.0      0.2383    
   131.0      0.2415    
   132.0      0.2454    
   133.0      0.2497    
   134.0      0.2545    
   135.0      0.2597    
   136.0      0.2650    
   137.0      0.2705    
   138.0      0.2761    
   139.0      0.2817    
   140.0      0.2873    
   141.0      0.2929    
   142.0      0.2984    
   143.0      0.3039    
   144.0      0.3093    
   145.0      0.3147    
   146.0      0.3201    
   147.0      0.3255    
   148.0      0.3309    
   149.0      0.3364    
   150.0      0.3420    
   151.0      0.3477    
   152.0      0.3535    
   153.0      0.3595    
   154.0      0.3656    
   155.0      0.3719    
   156.0      0.3784    
   157.0      0.3850    
   158.0      0.3918    
   159.0      0.3987    
   160.0      0.4056    
   161.0      0.4127    
   162.0      0.4197    
   163.0      0.4268    
   164.0      0.4337    
   165.0      0.4406    
   166.0      0.4473    
   167.0      0.4538    
   168.0      0.4601    
   169.0      0.4660    
   170.0      0.4717    
   171.0      0.4769    
   172.0      0.4817    
   173.0      0.4860    
   174.0      0.4899    
   175.0      0.4932    
   176.0      0.4959    
   177.0      0.4981    
   178.0      0.4996    
   179.0      0.5005    
   180.0      0.5009    
 END
