# 181 angles,  1 tensor ranks for 0=projectile
@subtitle   "7Li(d,p) @ 7.5AMeV ADWA (d) + KD (p)"                                          
@legend ON
@legend x1 0.2
@legend y1 0.8
@g0 type LOGY
@yaxis ticklabel format power
@legend string   0 "Lab energy =   14.5311"
#legend string   0 "Partition=  2 Excit=  5 near/far= 1"
#  Theta       sigma       iT11        T20         T21         T22         Kyy for projectile
   0.000       191.1    
   1.000       190.5    
   2.000       188.8    
   3.000       185.9    
   4.000       181.8    
   5.000       176.5    
   6.000       169.9    
   7.000       162.1    
   8.000       153.1    
   9.000       143.0    
   10.00       131.9    
   11.00       120.0    
   12.00       107.7    
   13.00       95.08    
   14.00       82.63    
   15.00       70.67    
   16.00       59.54    
   17.00       49.54    
   18.00       40.87    
   19.00       33.67    
   20.00       27.95    
   21.00       23.62    
   22.00       20.50    
   23.00       18.40    
   24.00       17.05    
   25.00       16.25    
   26.00       15.81    
   27.00       15.60    
   28.00       15.53    
   29.00       15.56    
   30.00       15.66    
   31.00       15.77    
   32.00       15.85    
   33.00       15.81    
   34.00       15.59    
   35.00       15.11    
   36.00       14.37    
   37.00       13.39    
   38.00       12.27    
   39.00       11.17    
   40.00       10.23    
   41.00       9.599    
   42.00       9.373    
   43.00       9.569    
   44.00       10.13    
   45.00       10.91    
   46.00       11.74    
   47.00       12.45    
   48.00       12.88    
   49.00       12.93    
   50.00       12.59    
   51.00       11.88    
   52.00       10.91    
   53.00       9.783    
   54.00       8.625    
   55.00       7.532    
   56.00       6.571    
   57.00       5.777    
   58.00       5.162    
   59.00       4.719    
   60.00       4.440    
   61.00       4.315    
   62.00       4.338    
   63.00       4.502    
   64.00       4.793    
   65.00       5.187    
   66.00       5.642    
   67.00       6.107    
   68.00       6.518    
   69.00       6.818    
   70.00       6.957    
   71.00       6.907    
   72.00       6.661    
   73.00       6.241    
   74.00       5.683    
   75.00       5.039    
   76.00       4.365    
   77.00       3.712    
   78.00       3.119    
   79.00       2.611    
   80.00       2.201    
   81.00       1.887    
   82.00       1.660    
   83.00       1.505    
   84.00       1.407    
   85.00       1.355    
   86.00       1.337    
   87.00       1.346    
   88.00       1.377    
   89.00       1.423    
   90.00       1.479    
   91.00       1.536    
   92.00       1.587    
   93.00       1.622    
   94.00       1.633    
   95.00       1.616    
   96.00       1.568    
   97.00       1.489    
   98.00       1.386    
   99.00       1.265    
   100.0       1.137    
   101.0       1.011    
   102.0      0.8957    
   103.0      0.7991    
   104.0      0.7256    
   105.0      0.6767    
   106.0      0.6515    
   107.0      0.6465    
   108.0      0.6567    
   109.0      0.6763    
   110.0      0.6995    
   111.0      0.7211    
   112.0      0.7370    
   113.0      0.7445    
   114.0      0.7424    
   115.0      0.7306    
   116.0      0.7103    
   117.0      0.6831    
   118.0      0.6514    
   119.0      0.6173    
   120.0      0.5831    
   121.0      0.5505    
   122.0      0.5209    
   123.0      0.4952    
   124.0      0.4740    
   125.0      0.4574    
   126.0      0.4453    
   127.0      0.4374    
   128.0      0.4333    
   129.0      0.4326    
   130.0      0.4350    
   131.0      0.4401    
   132.0      0.4477    
   133.0      0.4576    
   134.0      0.4696    
   135.0      0.4837    
   136.0      0.4997    
   137.0      0.5176    
   138.0      0.5372    
   139.0      0.5583    
   140.0      0.5806    
   141.0      0.6039    
   142.0      0.6279    
   143.0      0.6523    
   144.0      0.6767    
   145.0      0.7009    
   146.0      0.7245    
   147.0      0.7471    
   148.0      0.7686    
   149.0      0.7888    
   150.0      0.8075    
   151.0      0.8245    
   152.0      0.8397    
   153.0      0.8533    
   154.0      0.8651    
   155.0      0.8752    
   156.0      0.8836    
   157.0      0.8905    
   158.0      0.8960    
   159.0      0.9003    
   160.0      0.9033    
   161.0      0.9053    
   162.0      0.9065    
   163.0      0.9069    
   164.0      0.9067    
   165.0      0.9059    
   166.0      0.9048    
   167.0      0.9034    
   168.0      0.9018    
   169.0      0.9000    
   170.0      0.8982    
   171.0      0.8965    
   172.0      0.8947    
   173.0      0.8931    
   174.0      0.8917    
   175.0      0.8904    
   176.0      0.8893    
   177.0      0.8885    
   178.0      0.8879    
   179.0      0.8875    
   180.0      0.8874    
 END
