# 181 angles,  1 tensor ranks for 0=projectile
@subtitle   "7Li(d,p) @ 7.5AMeV ADWA (d) + KD (p)"                                          
@legend ON
@legend x1 0.2
@legend y1 0.8
@g0 type LOGY
@yaxis ticklabel format power
@legend string   0 "Lab energy =   14.5311"
#legend string   0 "Partition=  2 Excit=  4 near/far= 1"
#  Theta       sigma       iT11        T20         T21         T22         Kyy for projectile
   0.000       64.40    
   1.000       64.28    
   2.000       63.92    
   3.000       63.31    
   4.000       62.45    
   5.000       61.33    
   6.000       59.95    
   7.000       58.29    
   8.000       56.35    
   9.000       54.15    
   10.00       51.68    
   11.00       48.98    
   12.00       46.07    
   13.00       43.00    
   14.00       39.83    
   15.00       36.61    
   16.00       33.42    
   17.00       30.32    
   18.00       27.37    
   19.00       24.63    
   20.00       22.15    
   21.00       19.94    
   22.00       18.03    
   23.00       16.39    
   24.00       15.03    
   25.00       13.90    
   26.00       12.97    
   27.00       12.21    
   28.00       11.58    
   29.00       11.03    
   30.00       10.55    
   31.00       10.10    
   32.00       9.653    
   33.00       9.195    
   34.00       8.712    
   35.00       8.197    
   36.00       7.655    
   37.00       7.097    
   38.00       6.540    
   39.00       6.008    
   40.00       5.524    
   41.00       5.109    
   42.00       4.778    
   43.00       4.535    
   44.00       4.373    
   45.00       4.278    
   46.00       4.228    
   47.00       4.199    
   48.00       4.168    
   49.00       4.116    
   50.00       4.032    
   51.00       3.913    
   52.00       3.761    
   53.00       3.586    
   54.00       3.399    
   55.00       3.212    
   56.00       3.036    
   57.00       2.880    
   58.00       2.751    
   59.00       2.655    
   60.00       2.593    
   61.00       2.565    
   62.00       2.569    
   63.00       2.602    
   64.00       2.656    
   65.00       2.724    
   66.00       2.795    
   67.00       2.858    
   68.00       2.904    
   69.00       2.923    
   70.00       2.910    
   71.00       2.861    
   72.00       2.778    
   73.00       2.665    
   74.00       2.528    
   75.00       2.375    
   76.00       2.215    
   77.00       2.055    
   78.00       1.904    
   79.00       1.765    
   80.00       1.642    
   81.00       1.537    
   82.00       1.448    
   83.00       1.374    
   84.00       1.314    
   85.00       1.266    
   86.00       1.225    
   87.00       1.191    
   88.00       1.160    
   89.00       1.130    
   90.00       1.099    
   91.00       1.066    
   92.00       1.030    
   93.00      0.9888    
   94.00      0.9436    
   95.00      0.8943    
   96.00      0.8420    
   97.00      0.7877    
   98.00      0.7329    
   99.00      0.6793    
   100.0      0.6284    
   101.0      0.5813    
   102.0      0.5391    
   103.0      0.5023    
   104.0      0.4710    
   105.0      0.4449    
   106.0      0.4235    
   107.0      0.4060    
   108.0      0.3914    
   109.0      0.3789    
   110.0      0.3675    
   111.0      0.3567    
   112.0      0.3458    
   113.0      0.3345    
   114.0      0.3227    
   115.0      0.3104    
   116.0      0.2978    
   117.0      0.2851    
   118.0      0.2726    
   119.0      0.2605    
   120.0      0.2493    
   121.0      0.2392    
   122.0      0.2303    
   123.0      0.2229    
   124.0      0.2170    
   125.0      0.2127    
   126.0      0.2100    
   127.0      0.2087    
   128.0      0.2088    
   129.0      0.2102    
   130.0      0.2128    
   131.0      0.2163    
   132.0      0.2207    
   133.0      0.2258    
   134.0      0.2314    
   135.0      0.2374    
   136.0      0.2437    
   137.0      0.2501    
   138.0      0.2565    
   139.0      0.2629    
   140.0      0.2692    
   141.0      0.2753    
   142.0      0.2812    
   143.0      0.2869    
   144.0      0.2924    
   145.0      0.2977    
   146.0      0.3027    
   147.0      0.3076    
   148.0      0.3123    
   149.0      0.3170    
   150.0      0.3216    
   151.0      0.3261    
   152.0      0.3307    
   153.0      0.3353    
   154.0      0.3400    
   155.0      0.3448    
   156.0      0.3498    
   157.0      0.3548    
   158.0      0.3600    
   159.0      0.3653    
   160.0      0.3707    
   161.0      0.3762    
   162.0      0.3818    
   163.0      0.3874    
   164.0      0.3930    
   165.0      0.3986    
   166.0      0.4040    
   167.0      0.4094    
   168.0      0.4146    
   169.0      0.4196    
   170.0      0.4243    
   171.0      0.4287    
   172.0      0.4328    
   173.0      0.4365    
   174.0      0.4397    
   175.0      0.4425    
   176.0      0.4449    
   177.0      0.4467    
   178.0      0.4481    
   179.0      0.4489    
   180.0      0.4492    
 END
