# 181 angles,  1 tensor ranks for 0=projectile
@subtitle   "7Li(d,p) @ 7.5AMeV ADWA (d) + KD (p)"                                          
@legend ON
@legend x1 0.2
@legend y1 0.8
@g0 type LOGY
@yaxis ticklabel format power
@legend string   0 "Lab energy =   14.5311"
#legend string   0 "Partition=  2 Excit=  2 near/far= 1"
#  Theta       sigma       iT11        T20         T21         T22         Kyy for projectile
   0.000       22.75    
   1.000       22.73    
   2.000       22.66    
   3.000       22.55    
   4.000       22.40    
   5.000       22.19    
   6.000       21.94    
   7.000       21.64    
   8.000       21.28    
   9.000       20.87    
   10.00       20.40    
   11.00       19.88    
   12.00       19.31    
   13.00       18.68    
   14.00       18.01    
   15.00       17.30    
   16.00       16.55    
   17.00       15.77    
   18.00       14.97    
   19.00       14.15    
   20.00       13.33    
   21.00       12.51    
   22.00       11.69    
   23.00       10.90    
   24.00       10.12    
   25.00       9.372    
   26.00       8.656    
   27.00       7.975    
   28.00       7.331    
   29.00       6.726    
   30.00       6.160    
   31.00       5.633    
   32.00       5.144    
   33.00       4.693    
   34.00       4.279    
   35.00       3.900    
   36.00       3.555    
   37.00       3.243    
   38.00       2.963    
   39.00       2.713    
   40.00       2.492    
   41.00       2.299    
   42.00       2.132    
   43.00       1.989    
   44.00       1.868    
   45.00       1.767    
   46.00       1.685    
   47.00       1.617    
   48.00       1.563    
   49.00       1.521    
   50.00       1.487    
   51.00       1.461    
   52.00       1.440    
   53.00       1.425    
   54.00       1.412    
   55.00       1.403    
   56.00       1.395    
   57.00       1.388    
   58.00       1.383    
   59.00       1.377    
   60.00       1.372    
   61.00       1.366    
   62.00       1.359    
   63.00       1.351    
   64.00       1.341    
   65.00       1.329    
   66.00       1.315    
   67.00       1.298    
   68.00       1.278    
   69.00       1.255    
   70.00       1.230    
   71.00       1.201    
   72.00       1.171    
   73.00       1.137    
   74.00       1.102    
   75.00       1.065    
   76.00       1.027    
   77.00      0.9881    
   78.00      0.9486    
   79.00      0.9089    
   80.00      0.8693    
   81.00      0.8300    
   82.00      0.7911    
   83.00      0.7529    
   84.00      0.7154    
   85.00      0.6788    
   86.00      0.6431    
   87.00      0.6083    
   88.00      0.5746    
   89.00      0.5419    
   90.00      0.5104    
   91.00      0.4801    
   92.00      0.4511    
   93.00      0.4234    
   94.00      0.3970    
   95.00      0.3721    
   96.00      0.3487    
   97.00      0.3268    
   98.00      0.3064    
   99.00      0.2875    
   100.0      0.2701    
   101.0      0.2542    
   102.0      0.2397    
   103.0      0.2265    
   104.0      0.2147    
   105.0      0.2041    
   106.0      0.1947    
   107.0      0.1863    
   108.0      0.1789    
   109.0      0.1723    
   110.0      0.1666    
   111.0      0.1617    
   112.0      0.1574    
   113.0      0.1537    
   114.0      0.1506    
   115.0      0.1479    
   116.0      0.1458    
   117.0      0.1440    
   118.0      0.1426    
   119.0      0.1415    
   120.0      0.1407    
   121.0      0.1402    
   122.0      0.1400    
   123.0      0.1399    
   124.0      0.1401    
   125.0      0.1404    
   126.0      0.1408    
   127.0      0.1414    
   128.0      0.1421    
   129.0      0.1430    
   130.0      0.1439    
   131.0      0.1450    
   132.0      0.1461    
   133.0      0.1474    
   134.0      0.1488    
   135.0      0.1502    
   136.0      0.1519    
   137.0      0.1536    
   138.0      0.1555    
   139.0      0.1575    
   140.0      0.1597    
   141.0      0.1621    
   142.0      0.1646    
   143.0      0.1673    
   144.0      0.1703    
   145.0      0.1734    
   146.0      0.1768    
   147.0      0.1804    
   148.0      0.1841    
   149.0      0.1881    
   150.0      0.1923    
   151.0      0.1967    
   152.0      0.2013    
   153.0      0.2061    
   154.0      0.2110    
   155.0      0.2161    
   156.0      0.2212    
   157.0      0.2265    
   158.0      0.2319    
   159.0      0.2373    
   160.0      0.2427    
   161.0      0.2481    
   162.0      0.2535    
   163.0      0.2588    
   164.0      0.2641    
   165.0      0.2692    
   166.0      0.2741    
   167.0      0.2789    
   168.0      0.2834    
   169.0      0.2877    
   170.0      0.2917    
   171.0      0.2954    
   172.0      0.2988    
   173.0      0.3019    
   174.0      0.3046    
   175.0      0.3069    
   176.0      0.3088    
   177.0      0.3103    
   178.0      0.3113    
   179.0      0.3120    
   180.0      0.3122    
 END
