# 181 angles,  1 tensor ranks for 0=projectile
@subtitle   "7Li(d,p) @ 7.5AMeV ADWA (d) + KD (p)"                                          
@legend ON
@legend x1 0.2
@legend y1 0.8
@g0 type LOGY
@yaxis ticklabel format power
@xaxis label "Scattering angle (degrees)"
@yaxis label "Cross section (mb/sr)"
@legend string   0 "Partition=  1 Excit=  1 near/far= 1"
#legend string   0 "Lab energy =   14.5311"
@s0 linestyle   1
#  Theta       sigma       iT11        T20         T21         T22         Kyy for projectile
  0.1000E-01  0.1578E+16
   1.000      0.1554E+08
   2.000      0.9335E+06
   3.000      0.1744E+06
   4.000      0.5176E+05
   5.000      0.1991E+05
   6.000       9147.    
   7.000       4842.    
   8.000       2908.    
   9.000       1959.    
   10.00       1459.    
   11.00       1177.    
   12.00       1008.    
   13.00       897.7    
   14.00       820.5    
   15.00       761.5    
   16.00       712.8    
   17.00       669.9    
   18.00       630.4    
   19.00       592.8    
   20.00       556.5    
   21.00       521.2    
   22.00       486.6    
   23.00       452.7    
   24.00       419.8    
   25.00       387.7    
   26.00       356.7    
   27.00       326.8    
   28.00       298.1    
   29.00       270.8    
   30.00       244.9    
   31.00       220.4    
   32.00       197.4    
   33.00       175.9    
   34.00       155.9    
   35.00       137.5    
   36.00       120.5    
   37.00       105.0    
   38.00       90.89    
   39.00       78.14    
   40.00       66.68    
   41.00       56.45    
   42.00       47.38    
   43.00       39.39    
   44.00       32.41    
   45.00       26.35    
   46.00       21.15    
   47.00       16.72    
   48.00       12.99    
   49.00       9.893    
   50.00       7.350    
   51.00       5.298    
   52.00       3.677    
   53.00       2.427    
   54.00       1.494    
   55.00      0.8292    
   56.00      0.3873    
   57.00      0.1275    
   58.00      0.1349E-01
   59.00      0.1293E-01
   60.00      0.9763E-01
   61.00      0.2432    
   62.00      0.4287    
   63.00      0.6366    
   64.00      0.8525    
   65.00       1.065    
   66.00       1.264    
   67.00       1.443    
   68.00       1.597    
   69.00       1.724    
   70.00       1.820    
   71.00       1.886    
   72.00       1.922    
   73.00       1.929    
   74.00       1.910    
   75.00       1.867    
   76.00       1.802    
   77.00       1.719    
   78.00       1.622    
   79.00       1.512    
   80.00       1.394    
   81.00       1.270    
   82.00       1.143    
   83.00       1.017    
   84.00      0.8934    
   85.00      0.7744    
   86.00      0.6624    
   87.00      0.5589    
   88.00      0.4656    
   89.00      0.3837    
   90.00      0.3143    
   91.00      0.2580    
   92.00      0.2156    
   93.00      0.1875    
   94.00      0.1737    
   95.00      0.1745    
   96.00      0.1896    
   97.00      0.2188    
   98.00      0.2617    
   99.00      0.3178    
   100.0      0.3863    
   101.0      0.4666    
   102.0      0.5577    
   103.0      0.6588    
   104.0      0.7687    
   105.0      0.8862    
   106.0       1.010    
   107.0       1.140    
   108.0       1.273    
   109.0       1.408    
   110.0       1.544    
   111.0       1.680    
   112.0       1.814    
   113.0       1.944    
   114.0       2.069    
   115.0       2.188    
   116.0       2.298    
   117.0       2.399    
   118.0       2.489    
   119.0       2.566    
   120.0       2.631    
   121.0       2.681    
   122.0       2.716    
   123.0       2.736    
   124.0       2.739    
   125.0       2.725    
   126.0       2.694    
   127.0       2.647    
   128.0       2.584    
   129.0       2.505    
   130.0       2.411    
   131.0       2.304    
   132.0       2.184    
   133.0       2.052    
   134.0       1.912    
   135.0       1.764    
   136.0       1.612    
   137.0       1.456    
   138.0       1.299    
   139.0       1.144    
   140.0      0.9939    
   141.0      0.8503    
   142.0      0.7161    
   143.0      0.5939    
   144.0      0.4860    
   145.0      0.3947    
   146.0      0.3222    
   147.0      0.2706    
   148.0      0.2414    
   149.0      0.2363    
   150.0      0.2564    
   151.0      0.3027    
   152.0      0.3758    
   153.0      0.4759    
   154.0      0.6029    
   155.0      0.7565    
   156.0      0.9358    
   157.0       1.140    
   158.0       1.366    
   159.0       1.614    
   160.0       1.881    
   161.0       2.165    
   162.0       2.462    
   163.0       2.771    
   164.0       3.086    
   165.0       3.407    
   166.0       3.728    
   167.0       4.047    
   168.0       4.360    
   169.0       4.663    
   170.0       4.953    
   171.0       5.227    
   172.0       5.482    
   173.0       5.714    
   174.0       5.921    
   175.0       6.101    
   176.0       6.251    
   177.0       6.369    
   178.0       6.455    
   179.0       6.507    
   180.0       6.524    
 END
@legend string   1 "Partition=  2 Excit=  1 near/far= 1"
#legend string   0 "Lab energy =   14.5311"
@s1 linestyle   2
#  Theta       sigma       iT11        T20         T21         T22         Kyy for projectile
   0.000       29.30    
   1.000       29.32    
   2.000       29.34    
   3.000       29.39    
   4.000       29.43    
   5.000       29.47    
   6.000       29.49    
   7.000       29.48    
   8.000       29.42    
   9.000       29.30    
   10.00       29.11    
   11.00       28.83    
   12.00       28.45    
   13.00       27.98    
   14.00       27.41    
   15.00       26.74    
   16.00       25.97    
   17.00       25.11    
   18.00       24.17    
   19.00       23.15    
   20.00       22.08    
   21.00       20.95    
   22.00       19.79    
   23.00       18.60    
   24.00       17.41    
   25.00       16.22    
   26.00       15.04    
   27.00       13.89    
   28.00       12.77    
   29.00       11.70    
   30.00       10.67    
   31.00       9.703    
   32.00       8.791    
   33.00       7.940    
   34.00       7.152    
   35.00       6.428    
   36.00       5.767    
   37.00       5.170    
   38.00       4.634    
   39.00       4.157    
   40.00       3.737    
   41.00       3.370    
   42.00       3.055    
   43.00       2.787    
   44.00       2.562    
   45.00       2.377    
   46.00       2.228    
   47.00       2.111    
   48.00       2.022    
   49.00       1.958    
   50.00       1.914    
   51.00       1.888    
   52.00       1.876    
   53.00       1.875    
   54.00       1.883    
   55.00       1.898    
   56.00       1.917    
   57.00       1.939    
   58.00       1.961    
   59.00       1.982    
   60.00       2.002    
   61.00       2.019    
   62.00       2.032    
   63.00       2.041    
   64.00       2.045    
   65.00       2.043    
   66.00       2.035    
   67.00       2.022    
   68.00       2.003    
   69.00       1.978    
   70.00       1.947    
   71.00       1.911    
   72.00       1.871    
   73.00       1.826    
   74.00       1.776    
   75.00       1.724    
   76.00       1.668    
   77.00       1.610    
   78.00       1.550    
   79.00       1.488    
   80.00       1.426    
   81.00       1.363    
   82.00       1.299    
   83.00       1.237    
   84.00       1.175    
   85.00       1.113    
   86.00       1.054    
   87.00      0.9956    
   88.00      0.9393    
   89.00      0.8851    
   90.00      0.8332    
   91.00      0.7837    
   92.00      0.7368    
   93.00      0.6925    
   94.00      0.6509    
   95.00      0.6121    
   96.00      0.5761    
   97.00      0.5429    
   98.00      0.5124    
   99.00      0.4846    
   100.0      0.4593    
   101.0      0.4366    
   102.0      0.4163    
   103.0      0.3983    
   104.0      0.3824    
   105.0      0.3685    
   106.0      0.3565    
   107.0      0.3462    
   108.0      0.3375    
   109.0      0.3302    
   110.0      0.3242    
   111.0      0.3194    
   112.0      0.3155    
   113.0      0.3126    
   114.0      0.3105    
   115.0      0.3091    
   116.0      0.3082    
   117.0      0.3078    
   118.0      0.3079    
   119.0      0.3083    
   120.0      0.3090    
   121.0      0.3099    
   122.0      0.3110    
   123.0      0.3123    
   124.0      0.3137    
   125.0      0.3152    
   126.0      0.3168    
   127.0      0.3185    
   128.0      0.3203    
   129.0      0.3222    
   130.0      0.3243    
   131.0      0.3265    
   132.0      0.3289    
   133.0      0.3315    
   134.0      0.3343    
   135.0      0.3373    
   136.0      0.3407    
   137.0      0.3443    
   138.0      0.3483    
   139.0      0.3527    
   140.0      0.3575    
   141.0      0.3627    
   142.0      0.3683    
   143.0      0.3744    
   144.0      0.3810    
   145.0      0.3880    
   146.0      0.3955    
   147.0      0.4034    
   148.0      0.4118    
   149.0      0.4207    
   150.0      0.4299    
   151.0      0.4396    
   152.0      0.4496    
   153.0      0.4599    
   154.0      0.4706    
   155.0      0.4815    
   156.0      0.4926    
   157.0      0.5038    
   158.0      0.5152    
   159.0      0.5266    
   160.0      0.5380    
   161.0      0.5493    
   162.0      0.5605    
   163.0      0.5715    
   164.0      0.5823    
   165.0      0.5928    
   166.0      0.6029    
   167.0      0.6126    
   168.0      0.6218    
   169.0      0.6305    
   170.0      0.6386    
   171.0      0.6461    
   172.0      0.6529    
   173.0      0.6590    
   174.0      0.6644    
   175.0      0.6690    
   176.0      0.6728    
   177.0      0.6758    
   178.0      0.6780    
   179.0      0.6792    
   180.0      0.6797    
 END
@legend string   2 "Partition=  2 Excit=  2 near/far= 1"
#legend string   0 "Lab energy =   14.5311"
@s2 linestyle   3
#  Theta       sigma       iT11        T20         T21         T22         Kyy for projectile
   0.000       22.75    
   1.000       22.73    
   2.000       22.66    
   3.000       22.55    
   4.000       22.40    
   5.000       22.19    
   6.000       21.94    
   7.000       21.64    
   8.000       21.28    
   9.000       20.87    
   10.00       20.40    
   11.00       19.88    
   12.00       19.31    
   13.00       18.68    
   14.00       18.01    
   15.00       17.30    
   16.00       16.55    
   17.00       15.77    
   18.00       14.97    
   19.00       14.15    
   20.00       13.33    
   21.00       12.51    
   22.00       11.69    
   23.00       10.90    
   24.00       10.12    
   25.00       9.372    
   26.00       8.656    
   27.00       7.975    
   28.00       7.331    
   29.00       6.726    
   30.00       6.160    
   31.00       5.633    
   32.00       5.144    
   33.00       4.693    
   34.00       4.279    
   35.00       3.900    
   36.00       3.555    
   37.00       3.243    
   38.00       2.963    
   39.00       2.713    
   40.00       2.492    
   41.00       2.299    
   42.00       2.132    
   43.00       1.989    
   44.00       1.868    
   45.00       1.767    
   46.00       1.685    
   47.00       1.617    
   48.00       1.563    
   49.00       1.521    
   50.00       1.487    
   51.00       1.461    
   52.00       1.440    
   53.00       1.425    
   54.00       1.412    
   55.00       1.403    
   56.00       1.395    
   57.00       1.388    
   58.00       1.383    
   59.00       1.377    
   60.00       1.372    
   61.00       1.366    
   62.00       1.359    
   63.00       1.351    
   64.00       1.341    
   65.00       1.329    
   66.00       1.315    
   67.00       1.298    
   68.00       1.278    
   69.00       1.255    
   70.00       1.230    
   71.00       1.201    
   72.00       1.171    
   73.00       1.137    
   74.00       1.102    
   75.00       1.065    
   76.00       1.027    
   77.00      0.9881    
   78.00      0.9486    
   79.00      0.9089    
   80.00      0.8693    
   81.00      0.8300    
   82.00      0.7911    
   83.00      0.7529    
   84.00      0.7154    
   85.00      0.6788    
   86.00      0.6431    
   87.00      0.6083    
   88.00      0.5746    
   89.00      0.5419    
   90.00      0.5104    
   91.00      0.4801    
   92.00      0.4511    
   93.00      0.4234    
   94.00      0.3970    
   95.00      0.3721    
   96.00      0.3487    
   97.00      0.3268    
   98.00      0.3064    
   99.00      0.2875    
   100.0      0.2701    
   101.0      0.2542    
   102.0      0.2397    
   103.0      0.2265    
   104.0      0.2147    
   105.0      0.2041    
   106.0      0.1947    
   107.0      0.1863    
   108.0      0.1789    
   109.0      0.1723    
   110.0      0.1666    
   111.0      0.1617    
   112.0      0.1574    
   113.0      0.1537    
   114.0      0.1506    
   115.0      0.1479    
   116.0      0.1458    
   117.0      0.1440    
   118.0      0.1426    
   119.0      0.1415    
   120.0      0.1407    
   121.0      0.1402    
   122.0      0.1400    
   123.0      0.1399    
   124.0      0.1401    
   125.0      0.1404    
   126.0      0.1408    
   127.0      0.1414    
   128.0      0.1421    
   129.0      0.1430    
   130.0      0.1439    
   131.0      0.1450    
   132.0      0.1461    
   133.0      0.1474    
   134.0      0.1488    
   135.0      0.1502    
   136.0      0.1519    
   137.0      0.1536    
   138.0      0.1555    
   139.0      0.1575    
   140.0      0.1597    
   141.0      0.1621    
   142.0      0.1646    
   143.0      0.1673    
   144.0      0.1703    
   145.0      0.1734    
   146.0      0.1768    
   147.0      0.1804    
   148.0      0.1841    
   149.0      0.1881    
   150.0      0.1923    
   151.0      0.1967    
   152.0      0.2013    
   153.0      0.2061    
   154.0      0.2110    
   155.0      0.2161    
   156.0      0.2212    
   157.0      0.2265    
   158.0      0.2319    
   159.0      0.2373    
   160.0      0.2427    
   161.0      0.2481    
   162.0      0.2535    
   163.0      0.2588    
   164.0      0.2641    
   165.0      0.2692    
   166.0      0.2741    
   167.0      0.2789    
   168.0      0.2834    
   169.0      0.2877    
   170.0      0.2917    
   171.0      0.2954    
   172.0      0.2988    
   173.0      0.3019    
   174.0      0.3046    
   175.0      0.3069    
   176.0      0.3088    
   177.0      0.3103    
   178.0      0.3113    
   179.0      0.3120    
   180.0      0.3122    
 END
@legend string   3 "Partition=  2 Excit=  3 near/far= 1"
#legend string   0 "Lab energy =   14.5311"
@s3 linestyle   4
#  Theta       sigma       iT11        T20         T21         T22         Kyy for projectile
   0.000       61.68    
   1.000       61.57    
   2.000       61.25    
   3.000       60.72    
   4.000       59.96    
   5.000       58.99    
   6.000       57.79    
   7.000       56.37    
   8.000       54.73    
   9.000       52.86    
   10.00       50.79    
   11.00       48.52    
   12.00       46.08    
   13.00       43.50    
   14.00       40.81    
   15.00       38.06    
   16.00       35.29    
   17.00       32.55    
   18.00       29.90    
   19.00       27.36    
   20.00       24.98    
   21.00       22.79    
   22.00       20.81    
   23.00       19.03    
   24.00       17.47    
   25.00       16.10    
   26.00       14.92    
   27.00       13.88    
   28.00       12.97    
   29.00       12.17    
   30.00       11.44    
   31.00       10.77    
   32.00       10.13    
   33.00       9.521    
   34.00       8.919    
   35.00       8.326    
   36.00       7.744    
   37.00       7.177    
   38.00       6.637    
   39.00       6.134    
   40.00       5.682    
   41.00       5.290    
   42.00       4.964    
   43.00       4.705    
   44.00       4.508    
   45.00       4.365    
   46.00       4.262    
   47.00       4.183    
   48.00       4.116    
   49.00       4.046    
   50.00       3.966    
   51.00       3.871    
   52.00       3.760    
   53.00       3.636    
   54.00       3.505    
   55.00       3.373    
   56.00       3.246    
   57.00       3.132    
   58.00       3.034    
   59.00       2.956    
   60.00       2.901    
   61.00       2.867    
   62.00       2.854    
   63.00       2.858    
   64.00       2.874    
   65.00       2.896    
   66.00       2.919    
   67.00       2.934    
   68.00       2.937    
   69.00       2.921    
   70.00       2.885    
   71.00       2.826    
   72.00       2.746    
   73.00       2.646    
   74.00       2.531    
   75.00       2.406    
   76.00       2.275    
   77.00       2.144    
   78.00       2.018    
   79.00       1.898    
   80.00       1.788    
   81.00       1.689    
   82.00       1.601    
   83.00       1.523    
   84.00       1.454    
   85.00       1.393    
   86.00       1.338    
   87.00       1.287    
   88.00       1.239    
   89.00       1.192    
   90.00       1.145    
   91.00       1.097    
   92.00       1.048    
   93.00      0.9973    
   94.00      0.9450    
   95.00      0.8915    
   96.00      0.8376    
   97.00      0.7841    
   98.00      0.7319    
   99.00      0.6819    
   100.0      0.6349    
   101.0      0.5916    
   102.0      0.5524    
   103.0      0.5175    
   104.0      0.4868    
   105.0      0.4602    
   106.0      0.4371    
   107.0      0.4172    
   108.0      0.3999    
   109.0      0.3845    
   110.0      0.3705    
   111.0      0.3576    
   112.0      0.3454    
   113.0      0.3336    
   114.0      0.3221    
   115.0      0.3109    
   116.0      0.3001    
   117.0      0.2896    
   118.0      0.2796    
   119.0      0.2704    
   120.0      0.2619    
   121.0      0.2545    
   122.0      0.2481    
   123.0      0.2429    
   124.0      0.2388    
   125.0      0.2360    
   126.0      0.2343    
   127.0      0.2338    
   128.0      0.2344    
   129.0      0.2359    
   130.0      0.2383    
   131.0      0.2415    
   132.0      0.2454    
   133.0      0.2497    
   134.0      0.2545    
   135.0      0.2597    
   136.0      0.2650    
   137.0      0.2705    
   138.0      0.2761    
   139.0      0.2817    
   140.0      0.2873    
   141.0      0.2929    
   142.0      0.2984    
   143.0      0.3039    
   144.0      0.3093    
   145.0      0.3147    
   146.0      0.3201    
   147.0      0.3255    
   148.0      0.3309    
   149.0      0.3364    
   150.0      0.3420    
   151.0      0.3477    
   152.0      0.3535    
   153.0      0.3595    
   154.0      0.3656    
   155.0      0.3719    
   156.0      0.3784    
   157.0      0.3850    
   158.0      0.3918    
   159.0      0.3987    
   160.0      0.4056    
   161.0      0.4127    
   162.0      0.4197    
   163.0      0.4268    
   164.0      0.4337    
   165.0      0.4406    
   166.0      0.4473    
   167.0      0.4538    
   168.0      0.4601    
   169.0      0.4660    
   170.0      0.4717    
   171.0      0.4769    
   172.0      0.4817    
   173.0      0.4860    
   174.0      0.4899    
   175.0      0.4932    
   176.0      0.4959    
   177.0      0.4981    
   178.0      0.4996    
   179.0      0.5005    
   180.0      0.5009    
 END
@legend string   4 "Partition=  2 Excit=  4 near/far= 1"
#legend string   0 "Lab energy =   14.5311"
@s4 linestyle   5
#  Theta       sigma       iT11        T20         T21         T22         Kyy for projectile
   0.000       64.40    
   1.000       64.28    
   2.000       63.92    
   3.000       63.31    
   4.000       62.45    
   5.000       61.33    
   6.000       59.95    
   7.000       58.29    
   8.000       56.35    
   9.000       54.15    
   10.00       51.68    
   11.00       48.98    
   12.00       46.07    
   13.00       43.00    
   14.00       39.83    
   15.00       36.61    
   16.00       33.42    
   17.00       30.32    
   18.00       27.37    
   19.00       24.63    
   20.00       22.15    
   21.00       19.94    
   22.00       18.03    
   23.00       16.39    
   24.00       15.03    
   25.00       13.90    
   26.00       12.97    
   27.00       12.21    
   28.00       11.58    
   29.00       11.03    
   30.00       10.55    
   31.00       10.10    
   32.00       9.653    
   33.00       9.195    
   34.00       8.712    
   35.00       8.197    
   36.00       7.655    
   37.00       7.097    
   38.00       6.540    
   39.00       6.008    
   40.00       5.524    
   41.00       5.109    
   42.00       4.778    
   43.00       4.535    
   44.00       4.373    
   45.00       4.278    
   46.00       4.228    
   47.00       4.199    
   48.00       4.168    
   49.00       4.116    
   50.00       4.032    
   51.00       3.913    
   52.00       3.761    
   53.00       3.586    
   54.00       3.399    
   55.00       3.212    
   56.00       3.036    
   57.00       2.880    
   58.00       2.751    
   59.00       2.655    
   60.00       2.593    
   61.00       2.565    
   62.00       2.569    
   63.00       2.602    
   64.00       2.656    
   65.00       2.724    
   66.00       2.795    
   67.00       2.858    
   68.00       2.904    
   69.00       2.923    
   70.00       2.910    
   71.00       2.861    
   72.00       2.778    
   73.00       2.665    
   74.00       2.528    
   75.00       2.375    
   76.00       2.215    
   77.00       2.055    
   78.00       1.904    
   79.00       1.765    
   80.00       1.642    
   81.00       1.537    
   82.00       1.448    
   83.00       1.374    
   84.00       1.314    
   85.00       1.266    
   86.00       1.225    
   87.00       1.191    
   88.00       1.160    
   89.00       1.130    
   90.00       1.099    
   91.00       1.066    
   92.00       1.030    
   93.00      0.9888    
   94.00      0.9436    
   95.00      0.8943    
   96.00      0.8420    
   97.00      0.7877    
   98.00      0.7329    
   99.00      0.6793    
   100.0      0.6284    
   101.0      0.5813    
   102.0      0.5391    
   103.0      0.5023    
   104.0      0.4710    
   105.0      0.4449    
   106.0      0.4235    
   107.0      0.4060    
   108.0      0.3914    
   109.0      0.3789    
   110.0      0.3675    
   111.0      0.3567    
   112.0      0.3458    
   113.0      0.3345    
   114.0      0.3227    
   115.0      0.3104    
   116.0      0.2978    
   117.0      0.2851    
   118.0      0.2726    
   119.0      0.2605    
   120.0      0.2493    
   121.0      0.2392    
   122.0      0.2303    
   123.0      0.2229    
   124.0      0.2170    
   125.0      0.2127    
   126.0      0.2100    
   127.0      0.2087    
   128.0      0.2088    
   129.0      0.2102    
   130.0      0.2128    
   131.0      0.2163    
   132.0      0.2207    
   133.0      0.2258    
   134.0      0.2314    
   135.0      0.2374    
   136.0      0.2437    
   137.0      0.2501    
   138.0      0.2565    
   139.0      0.2629    
   140.0      0.2692    
   141.0      0.2753    
   142.0      0.2812    
   143.0      0.2869    
   144.0      0.2924    
   145.0      0.2977    
   146.0      0.3027    
   147.0      0.3076    
   148.0      0.3123    
   149.0      0.3170    
   150.0      0.3216    
   151.0      0.3261    
   152.0      0.3307    
   153.0      0.3353    
   154.0      0.3400    
   155.0      0.3448    
   156.0      0.3498    
   157.0      0.3548    
   158.0      0.3600    
   159.0      0.3653    
   160.0      0.3707    
   161.0      0.3762    
   162.0      0.3818    
   163.0      0.3874    
   164.0      0.3930    
   165.0      0.3986    
   166.0      0.4040    
   167.0      0.4094    
   168.0      0.4146    
   169.0      0.4196    
   170.0      0.4243    
   171.0      0.4287    
   172.0      0.4328    
   173.0      0.4365    
   174.0      0.4397    
   175.0      0.4425    
   176.0      0.4449    
   177.0      0.4467    
   178.0      0.4481    
   179.0      0.4489    
   180.0      0.4492    
 END
@legend string   5 "Partition=  2 Excit=  5 near/far= 1"
#legend string   0 "Lab energy =   14.5311"
@s5 linestyle   1
#  Theta       sigma       iT11        T20         T21         T22         Kyy for projectile
   0.000       191.1    
   1.000       190.5    
   2.000       188.8    
   3.000       185.9    
   4.000       181.8    
   5.000       176.5    
   6.000       169.9    
   7.000       162.1    
   8.000       153.1    
   9.000       143.0    
   10.00       131.9    
   11.00       120.0    
   12.00       107.7    
   13.00       95.08    
   14.00       82.63    
   15.00       70.67    
   16.00       59.54    
   17.00       49.54    
   18.00       40.87    
   19.00       33.67    
   20.00       27.95    
   21.00       23.62    
   22.00       20.50    
   23.00       18.40    
   24.00       17.05    
   25.00       16.25    
   26.00       15.81    
   27.00       15.60    
   28.00       15.53    
   29.00       15.56    
   30.00       15.66    
   31.00       15.77    
   32.00       15.85    
   33.00       15.81    
   34.00       15.59    
   35.00       15.11    
   36.00       14.37    
   37.00       13.39    
   38.00       12.27    
   39.00       11.17    
   40.00       10.23    
   41.00       9.599    
   42.00       9.373    
   43.00       9.569    
   44.00       10.13    
   45.00       10.91    
   46.00       11.74    
   47.00       12.45    
   48.00       12.88    
   49.00       12.93    
   50.00       12.59    
   51.00       11.88    
   52.00       10.91    
   53.00       9.783    
   54.00       8.625    
   55.00       7.532    
   56.00       6.571    
   57.00       5.777    
   58.00       5.162    
   59.00       4.719    
   60.00       4.440    
   61.00       4.315    
   62.00       4.338    
   63.00       4.502    
   64.00       4.793    
   65.00       5.187    
   66.00       5.642    
   67.00       6.107    
   68.00       6.518    
   69.00       6.818    
   70.00       6.957    
   71.00       6.907    
   72.00       6.661    
   73.00       6.241    
   74.00       5.683    
   75.00       5.039    
   76.00       4.365    
   77.00       3.712    
   78.00       3.119    
   79.00       2.611    
   80.00       2.201    
   81.00       1.887    
   82.00       1.660    
   83.00       1.505    
   84.00       1.407    
   85.00       1.355    
   86.00       1.337    
   87.00       1.346    
   88.00       1.377    
   89.00       1.423    
   90.00       1.479    
   91.00       1.536    
   92.00       1.587    
   93.00       1.622    
   94.00       1.633    
   95.00       1.616    
   96.00       1.568    
   97.00       1.489    
   98.00       1.386    
   99.00       1.265    
   100.0       1.137    
   101.0       1.011    
   102.0      0.8957    
   103.0      0.7991    
   104.0      0.7256    
   105.0      0.6767    
   106.0      0.6515    
   107.0      0.6465    
   108.0      0.6567    
   109.0      0.6763    
   110.0      0.6995    
   111.0      0.7211    
   112.0      0.7370    
   113.0      0.7445    
   114.0      0.7424    
   115.0      0.7306    
   116.0      0.7103    
   117.0      0.6831    
   118.0      0.6514    
   119.0      0.6173    
   120.0      0.5831    
   121.0      0.5505    
   122.0      0.5209    
   123.0      0.4952    
   124.0      0.4740    
   125.0      0.4574    
   126.0      0.4453    
   127.0      0.4374    
   128.0      0.4333    
   129.0      0.4326    
   130.0      0.4350    
   131.0      0.4401    
   132.0      0.4477    
   133.0      0.4576    
   134.0      0.4696    
   135.0      0.4837    
   136.0      0.4997    
   137.0      0.5176    
   138.0      0.5372    
   139.0      0.5583    
   140.0      0.5806    
   141.0      0.6039    
   142.0      0.6279    
   143.0      0.6523    
   144.0      0.6767    
   145.0      0.7009    
   146.0      0.7245    
   147.0      0.7471    
   148.0      0.7686    
   149.0      0.7888    
   150.0      0.8075    
   151.0      0.8245    
   152.0      0.8397    
   153.0      0.8533    
   154.0      0.8651    
   155.0      0.8752    
   156.0      0.8836    
   157.0      0.8905    
   158.0      0.8960    
   159.0      0.9003    
   160.0      0.9033    
   161.0      0.9053    
   162.0      0.9065    
   163.0      0.9069    
   164.0      0.9067    
   165.0      0.9059    
   166.0      0.9048    
   167.0      0.9034    
   168.0      0.9018    
   169.0      0.9000    
   170.0      0.8982    
   171.0      0.8965    
   172.0      0.8947    
   173.0      0.8931    
   174.0      0.8917    
   175.0      0.8904    
   176.0      0.8893    
   177.0      0.8885    
   178.0      0.8879    
   179.0      0.8875    
   180.0      0.8874    
 END
