Adiabatic KD 8Li Real volume (1st block tran)
303 0.100000001 0.100000001
-0.9988584E+02 -0.9909265E+02 -0.9818877E+02 -0.9716139E+02 -0.9599699E+02
-0.9468162E+02 -0.9320121E+02 -0.9154196E+02 -0.8969094E+02 -0.8763672E+02
-0.8537010E+02 -0.8288501E+02 -0.8017937E+02 -0.7725589E+02 -0.7412289E+02
-0.7079473E+02 -0.6729215E+02 -0.6364206E+02 -0.5987699E+02 -0.5603414E+02
-0.5215394E+02 -0.4827845E+02 -0.4444951E+02 -0.4070696E+02 -0.3708707E+02
-0.3362119E+02 -0.3033491E+02 -0.2724751E+02 -0.2437201E+02 -0.2171541E+02
-0.1927928E+02 -0.1706059E+02 -0.1505248E+02 -0.1324520E+02 -0.1162692E+02
-0.1018445E+02 -0.8903904E+01 -0.7771197E+01 -0.6772450E+01 -0.5894293E+01
-0.5124074E+01 -0.4449989E+01 -0.3861160E+01 -0.3347656E+01 -0.2900488E+01
-0.2511579E+01 -0.2173708E+01 -0.1880456E+01 -0.1626142E+01 -0.1405753E+01
-0.1214883E+01 -0.1049667E+01 -0.9067230E+00 -0.7830988E+00 -0.6762205E+00
-0.5838474E+00 -0.5040319E+00 -0.4350822E+00 -0.3755307E+00 -0.3241051E+00
-0.2797029E+00 -0.2413699E+00 -0.2082799E+00 -0.1797185E+00 -0.1550679E+00
-0.1337942E+00 -0.1154358E+00 -0.9959404E-01 -0.8592453E-01 -0.7412986E-01
-0.6395324E-01 -0.5517294E-01 -0.4759757E-01 -0.4106190E-01 -0.3542336E-01
-0.3055886E-01 -0.2636221E-01 -0.2274176E-01 -0.1961843E-01 -0.1692399E-01
-0.1459955E-01 -0.1259433E-01 -0.1086450E-01 -0.9372234E-02 -0.8084921E-02
-0.6974413E-02 -0.6016431E-02 -0.5190028E-02 -0.4477132E-02 -0.3862156E-02
-0.3331649E-02 -0.2874011E-02 -0.2479234E-02 -0.2138682E-02 -0.1844908E-02
-0.1591487E-02 -0.1372876E-02 -0.1184294E-02 -0.1021615E-02 -0.8812827E-03
-0.7602266E-03 -0.6557991E-03 -0.5657160E-03 -0.4880071E-03 -0.4209725E-03
-0.3631460E-03 -0.3132628E-03 -0.2702317E-03 -0.2331115E-03 -0.2010903E-03
-0.1734677E-03 -0.1496394E-03 -0.1290843E-03 -0.1113527E-03 -0.9605682E-04
-0.8286203E-04 -0.7147974E-04 -0.6166096E-04 -0.5319094E-04 -0.4588439E-04
-0.3958151E-04 -0.3414442E-04 -0.2945419E-04 -0.2540823E-04 -0.2191804E-04
-0.1890728E-04 -0.1631009E-04 -0.1406966E-04 -0.1213699E-04 -0.1046980E-04
-0.9031619E-05 -0.7790995E-05 -0.6720789E-05 -0.5797591E-05 -0.5001208E-05
-0.4314219E-05 -0.3721599E-05 -0.3210383E-05 -0.2769390E-05 -0.2388974E-05
-0.2060814E-05 -0.1777731E-05 -0.1533534E-05 -0.1322881E-05 -0.1141164E-05
-0.9844086E-06 -0.8491858E-06 -0.7325378E-06 -0.6319131E-06 -0.5451106E-06
-0.4702318E-06 -0.4056386E-06 -0.3499183E-06 -0.3018519E-06 -0.2603882E-06
-0.2246201E-06 -0.1937652E-06 -0.1671488E-06 -0.1441885E-06 -0.1243821E-06
-0.1072964E-06 -0.9255768E-07 -0.7984353E-07 -0.6887587E-07 -0.5941477E-07
-0.5125328E-07 -0.4421290E-07 -0.3813962E-07 -0.3290059E-07 -0.2838121E-07
-0.2448264E-07 -0.2111960E-07 -0.1821851E-07 -0.1571594E-07 -0.1355712E-07
-0.1169486E-07 -0.1008840E-07 -0.8702609E-08 -0.7507180E-08 -0.6475959E-08
-0.5586392E-08 -0.4819020E-08 -0.4157058E-08 -0.3586026E-08 -0.3093433E-08
-0.2668505E-08 -0.2301947E-08 -0.1985741E-08 -0.1712971E-08 -0.1477669E-08
-0.1274690E-08 -0.1099593E-08 -0.9485478E-09 -0.8182510E-09 -0.7058523E-09
-0.6088933E-09 -0.5252529E-09 -0.4531018E-09 -0.3908617E-09 -0.3371712E-09
-0.2908558E-09 -0.2509025E-09 -0.2164374E-09 -0.1867066E-09 -0.1610597E-09
-0.1389359E-09 -0.1198510E-09 -0.1033877E-09 -0.8918591E-10 -0.7693493E-10
-0.6636680E-10 -0.5725036E-10 -0.4938619E-10 -0.4260228E-10 -0.3675024E-10
-0.3170206E-10 -0.2734732E-10 -0.2359077E-10 -0.2035023E-10 -0.1755483E-10
-0.1514342E-10 -0.1306325E-10 -0.1126883E-10 -0.9720889E-11 -0.8385584E-11
-0.7233702E-11 -0.6240048E-11 -0.5382887E-11 -0.4643469E-11 -0.4005621E-11
-0.3455391E-11 -0.2980743E-11 -0.2571295E-11 -0.2218090E-11 -0.1913403E-11
-0.1650569E-11 -0.1423840E-11 -0.1228255E-11 -0.1059536E-11 -0.9139934E-12
-0.7884431E-12 -0.6801390E-12 -0.5867120E-12 -0.5061186E-12 -0.4365959E-12
-0.3766231E-12 -0.3248884E-12 -0.2802603E-12 -0.2417625E-12 -0.2085529E-12
-0.1799051E-12 -0.1551925E-12 -0.1338746E-12 -0.1154850E-12 -0.9962143E-13
-0.8593698E-13 -0.7413229E-13 -0.6394914E-13 -0.5516480E-13 -0.4758711E-13
-0.4105033E-13 -0.3541147E-13 -0.3054719E-13 -0.2635109E-13 -0.2273139E-13
-0.1960890E-13 -0.1691533E-13 -0.1459177E-13 -0.1258738E-13 -0.1085832E-13
-0.9366769E-14 -0.8080108E-14 -0.6970188E-14 -0.6012731E-14 -0.5186795E-14
-0.4474313E-14 -0.3859702E-14 -0.3329515E-14 -0.2872158E-14 -0.2477626E-14
-0.2137288E-14 -0.1843700E-14 -0.1590441E-14 -0.1371971E-14 -0.1183511E-14
-0.1020938E-14 -0.8806977E-15 -0.7597211E-15 -0.6553624E-15 -0.5653388E-15
-0.4876813E-15 -0.4206912E-15 -0.3629032E-15 -0.3130532E-15 -0.2700508E-15
-0.2329554E-15 -0.2009556E-15 -0.1733514E-15 -0.1495391E-15 -0.1289977E-15
-0.1112780E-15 -0.9599235E-16 -0.8280640E-16 
Adiabatic KD 8Li Imaginary volume (2nd block tran)
303 0.100000001 0.100000001
-0.1901990E+01 -0.2019479E+01 -0.2160439E+01 -0.2329195E+01 -0.2530716E+01
-0.2770632E+01 -0.3055221E+01 -0.3391343E+01 -0.3786273E+01 -0.4247435E+01
-0.4781955E+01 -0.5396039E+01 -0.6094094E+01 -0.6877621E+01 -0.7743869E+01
-0.8684358E+01 -0.9683426E+01 -0.1071709E+02 -0.1175255E+02 -0.1274880E+02
-0.1365857E+02 -0.1443187E+02 -0.1502082E+02 -0.1538516E+02 -0.1549755E+02
-0.1534736E+02 -0.1494233E+02 -0.1430742E+02 -0.1348140E+02 -0.1251167E+02
-0.1144881E+02 -0.1034140E+02 -0.9232319E+01 -0.8156372E+01 -0.7139489E+01
-0.6199019E+01 -0.5344778E+01 -0.4580476E+01 -0.3905214E+01 -0.3314880E+01
-0.2803320E+01 -0.2363271E+01 -0.1987053E+01 -0.1667045E+01 -0.1396003E+01
-0.1167243E+01 -0.9747339E+00 -0.8131236E+00 -0.6777247E+00 -0.5644739E+00
-0.4698778E+00 -0.3909523E+00 -0.3251623E+00 -0.2703629E+00 -0.2247464E+00
-0.1867927E+00 -0.1552275E+00 -0.1289837E+00 -0.1071699E+00 -0.8904174E-01
-0.7397889E-01 -0.6146438E-01 -0.5106789E-01 -0.4243140E-01 -0.3525715E-01
-0.2929760E-01 -0.2434704E-01 -0.2023453E-01 -0.1681808E-01 -0.1397974E-01
-0.1162154E-01 -0.9662134E-02 -0.8033958E-02 -0.6680908E-02 -0.5556395E-02
-0.4621730E-02 -0.3844785E-02 -0.3198877E-02 -0.2661847E-02 -0.2215291E-02
-0.1843922E-02 -0.1535043E-02 -0.1278106E-02 -0.1064348E-02 -0.8864878E-03
-0.7384760E-03 -0.6152856E-03 -0.5127385E-03 -0.4273622E-03 -0.3562702E-03
-0.2970629E-03 -0.2477451E-03 -0.2066578E-03 -0.1724212E-03 -0.1438879E-03
-0.1201033E-03 -0.1002733E-03 -0.8373692E-04 -0.6994442E-04 -0.5843805E-04
-0.4883683E-04 -0.4082353E-04 -0.3413404E-04 -0.2854835E-04 -0.2388324E-04
-0.1998603E-04 -0.1672952E-04 -0.1400768E-04 -0.1173214E-04 -0.9829224E-05
-0.8237473E-05 -0.6905642E-05 -0.5790973E-05 -0.4857790E-05 -0.4076315E-05
-0.3421689E-05 -0.2873157E-05 -0.2413381E-05 -0.2027880E-05 -0.1704552E-05
-0.1433281E-05 -0.1205612E-05 -0.1014472E-05 -0.8539470E-06 -0.7190862E-06
-0.6057475E-06 -0.5104628E-06 -0.4303278E-06 -0.3629097E-06 -0.3061699E-06
-0.2583995E-06 -0.2181659E-06 -0.1842674E-06 -0.1556959E-06 -0.1316051E-06
-0.1112847E-06 -0.9413811E-07 -0.7966408E-07 -0.6744138E-07 -0.5711586E-07
-0.4838970E-07 -0.4101234E-07 -0.3477288E-07 -0.2949378E-07 -0.2502552E-07
-0.2124209E-07 -0.1803732E-07 -0.1532167E-07 -0.1301960E-07 -0.1106740E-07
-0.9411272E-08 -0.8005787E-08 -0.6812570E-08 -0.5799190E-08 -0.4938228E-08
-0.4206496E-08 -0.3584374E-08 -0.3055255E-08 -0.2605078E-08 -0.2221932E-08
-0.1895726E-08 -0.1617904E-08 -0.1381210E-08 -0.1179491E-08 -0.1007522E-08
-0.8608689E-09 -0.7357663E-09 -0.6290144E-09 -0.5378939E-09 -0.4600929E-09
-0.3936450E-09 -0.3368774E-09 -0.2883662E-09 -0.2468993E-09 -0.2114442E-09
-0.1811214E-09 -0.1551813E-09 -0.1329848E-09 -0.1139871E-09 -0.9772317E-10
-0.8379646E-10 -0.7186834E-10 -0.6164973E-10 -0.5289370E-10 -0.4538935E-10
-0.3895640E-10 -0.3344079E-10 -0.2871078E-10 -0.2465370E-10 -0.2117317E-10
-0.1818672E-10 -0.1562376E-10 -0.1342387E-10 -0.1153529E-10 -0.9913728E-11
-0.8521199E-11 -0.7325177E-11 -0.6297781E-11 -0.5415112E-11 -0.4656676E-11
-0.4004902E-11 -0.3444716E-11 -0.2963188E-11 -0.2549222E-11 -0.2193298E-11
-0.1887242E-11 -0.1624038E-11 -0.1397662E-11 -0.1202941E-11 -0.1035432E-11
-0.8913173E-12 -0.7673188E-12 -0.6606187E-12 -0.5687958E-12 -0.4897689E-12
-0.4217494E-12 -0.3631994E-12 -0.3127968E-12 -0.2694046E-12 -0.2320451E-12
-0.1998773E-12 -0.1721780E-12 -0.1483248E-12 -0.1277826E-12 -0.1100905E-12
-0.9485235E-13 -0.8172699E-13 -0.7042088E-13 -0.6068135E-13 -0.5229091E-13
-0.4506235E-13 -0.3883448E-13 -0.3346853E-13 -0.2884500E-13 -0.2486102E-13
-0.2142797E-13 -0.1846956E-13 -0.1592007E-13 -0.1372290E-13 -0.1182929E-13
-0.1019724E-13 -0.8790593E-14 -0.7578168E-14 -0.6533120E-14 -0.5632315E-14
-0.4855822E-14 -0.4186469E-14 -0.3609457E-14 -0.3112035E-14 -0.2683214E-14
-0.2313524E-14 -0.1994805E-14 -0.1720023E-14 -0.1483116E-14 -0.1278860E-14
-0.1102751E-14 -0.9509073E-15 -0.8199834E-15 -0.7070951E-15 -0.6097563E-15
-0.5258238E-15 -0.4534500E-15 -0.3910423E-15 -0.3372274E-15 -0.2908217E-15
-0.2508045E-15 -0.2162958E-15 -0.1865371E-15 -0.1608741E-15 -0.1387430E-15
-0.1196575E-15 -0.1031983E-15 -0.8900374E-16 -0.7676222E-16 -0.6620488E-16
-0.5709994E-16 -0.4924751E-16 -0.4247523E-16 -0.3663448E-16 -0.3159709E-16
-0.2725252E-16 -0.2350546E-16 -0.2027371E-16 -0.1748638E-16 -0.1508235E-16
-0.1300889E-16 -0.1122053E-16 -0.9678067E-17 -0.8347679E-17 -0.7200202E-17
-0.6210484E-17 -0.5356831E-17 -0.4620532E-17 -0.3985453E-17 -0.3437676E-17
-0.2965198E-17 -0.2557666E-17 -0.2206151E-17 -0.1902953E-17 -0.1641429E-17
-0.1415851E-17 -0.1221276E-17 -0.1053444E-17