# Fusion cross sections for ELAB=  14.531, ECM=  11.290
     0.5   34.05       34.75      0.6962    
     1.5   106.3       110.2       3.976    
     2.5   164.2       175.7       11.44    
     3.5   154.0       179.3       25.27    
     4.5   102.1       142.8       40.68    
     5.5   27.47       83.66       56.19    
     6.5  -14.49       34.06       48.55    
     7.5  -15.51       6.166       21.67    
     8.5  -6.832       1.055       7.887    
     9.5  -3.143      0.1975       3.340    
    10.5  -1.565      0.3827E-01   1.604    
    11.5  -1.076      0.7510E-02   1.084    
    12.5 -0.9319      0.1484E-02  0.9334    
    13.5 -0.6653      0.2956E-03  0.6656    
    14.5 -0.5562      0.5951E-04  0.5562    
    15.5 -0.5380      0.1215E-04  0.5380    
    16.5 -0.3394      0.2521E-05  0.3394    
    17.5 -0.1630      0.5334E-06  0.1630    
    18.5 -0.2018      0.1151E-06  0.2018    
    19.5 -0.1376      0.2534E-07  0.1376    
    20.5 -0.3195E-01  0.5684E-08  0.3195E-01
    21.5 -0.2386E-02  0.1296E-08  0.2386E-02
    22.5 -0.1838E-02  0.2995E-09  0.1838E-02
    23.5 -0.1233E-02  0.7020E-10  0.1233E-02
    24.5 -0.3619E-03  0.1685E-10  0.3619E-03
    25.5 -0.6264E-04  0.4113E-11  0.6264E-04
    26.5 -0.7303E-05  0.6315E-12  0.7303E-05
    27.5 -0.6157E-06  0.1541E-12  0.6157E-06
    28.5 -0.3924E-07 -0.7979E-12  0.3924E-07
    29.5 -0.1951E-08 -0.2064E-12  0.1951E-08
    30.5 -0.7743E-10   0.000      0.7743E-10
    31.5 -0.3291E-11 -0.7924E-12  0.2498E-11
    32.5  0.2431E-13  0.9080E-13  0.6649E-13
    33.5  0.1388E-12  0.1403E-12  0.1478E-14
    34.5  0.1444E-12  0.1445E-12  0.2773E-16
    35.5 -0.9905E-13 -0.9905E-13  0.4432E-18
    36.5 -0.2036E-12 -0.2036E-12  0.6081E-20
    37.5  0.5228E-13  0.5228E-13  0.7215E-22
    38.5 -0.2146E-12 -0.2146E-12  0.7449E-24
    39.5  0.1651E-12  0.1651E-12  0.6715E-26
    40.5  0.5640E-13  0.5640E-13  0.5049E-28
 &
