1Inelastic  7Li(d,p)8Li(gs) 7.266 AMeV ADKDFR-Watson LEA no SO          
2.7524E+01    2.7431E+01    2.7150E+01    2.6674E+01    2.5995E+01    2.5102E+01
    2.3989E+01    2.2656E+01    2.1111E+01    1.9378E+01    1.7493E+01
    1.5510E+01    1.3492E+01    1.1512E+01    9.6431E+00    7.9502E+00
    6.4831E+00    5.2705E+00    4.3176E+00    3.6085E+00    3.1113E+00
    2.7861E+00    2.5929E+00    2.4971E+00    2.4721E+00    2.4977E+00
    2.5563E+00    2.6290E+00    2.6932E+00    2.7245E+00    2.7004E+00
    2.6070E+00    2.4438E+00    2.2255E+00    1.9791E+00    1.7374E+00
    1.5298E+00    1.3753E+00    1.2781E+00    1.2287E+00    1.2086E+00
    1.1970E+00    1.1771E+00    1.1403E+00    1.0858E+00    1.0189E+00
    9.4732E-01    8.7824E-01    8.1669E-01    7.6563E-01    7.2696E-01
    7.0244E-01    6.9377E-01    7.0189E-01    7.2577E-01    7.6149E-01
    8.0231E-01    8.3982E-01    8.6583E-01    8.7437E-01    8.6301E-01
    8.3324E-01    7.8968E-01    7.3872E-01    6.8693E-01    6.3986E-01
    6.0137E-01    5.7355E-01    5.5698E-01    5.5109E-01    5.5442E-01
    5.6484E-01    5.7961E-01    5.9557E-01    6.0946E-01    6.1828E-01
    6.1983E-01    6.1301E-01    5.9800E-01    5.7612E-01    5.4951E-01
    5.2066E-01    4.9194E-01    4.6526E-01    4.4186E-01    4.2232E-01
    4.0662E-01    3.9434E-01    3.8482E-01    3.7731E-01    3.7100E-01
    3.6516E-01    3.5911E-01    3.5228E-01    3.4425E-01    3.3476E-01
    3.2379E-01    3.1150E-01    2.9822E-01    2.8441E-01    2.7057E-01
    2.5717E-01    2.4457E-01    2.3302E-01    2.2260E-01    2.1326E-01
    2.0486E-01    1.9721E-01    1.9010E-01    1.8336E-01    1.7686E-01
    1.7053E-01    1.6439E-01    1.5846E-01    1.5284E-01    1.4762E-01
    1.4291E-01    1.3881E-01    1.3542E-01    1.3282E-01    1.3107E-01
    1.3022E-01    1.3029E-01    1.3132E-01    1.3328E-01    1.3616E-01
    1.3992E-01    1.4453E-01    1.4991E-01    1.5600E-01    1.6274E-01
    1.7005E-01    1.7788E-01    1.8616E-01    1.9485E-01    2.0393E-01
    2.1336E-01    2.2313E-01    2.3324E-01    2.4367E-01    2.5444E-01
    2.6554E-01    2.7697E-01    2.8873E-01    3.0081E-01    3.1320E-01
    3.2589E-01    3.3886E-01    3.5209E-01    3.6555E-01    3.7920E-01
    3.9299E-01    4.0689E-01    4.2084E-01    4.3479E-01    4.4868E-01
    4.6246E-01    4.7609E-01    4.8951E-01    5.0268E-01    5.1556E-01
    5.2810E-01    5.4026E-01    5.5199E-01    5.6326E-01    5.7402E-01
    5.8424E-01    5.9388E-01    6.0292E-01    6.1132E-01    6.1906E-01
    6.2614E-01    6.3252E-01    6.3820E-01    6.4317E-01    6.4740E-01
    6.5089E-01    6.5362E-01    6.5558E-01    6.5676E-01
