    0.00   2.752400E+01
    1.00   2.743100E+01
    2.00   2.715000E+01
    3.00   2.667400E+01
    4.00   2.599500E+01
    5.00   2.510200E+01
    6.00   2.398900E+01
    7.00   2.265600E+01
    8.00   2.111100E+01
    9.00   1.937800E+01
   10.00   1.749300E+01
   11.00   1.551000E+01
   12.00   1.349200E+01
   13.00   1.151200E+01
   14.00   9.643100E+00
   15.00   7.950200E+00
   16.00   6.483100E+00
   17.00   5.270500E+00
   18.00   4.317600E+00
   19.00   3.608500E+00
   20.00   3.111300E+00
   21.00   2.786100E+00
   22.00   2.592900E+00
   23.00   2.497100E+00
   24.00   2.472100E+00
   25.00   2.497700E+00
   26.00   2.556300E+00
   27.00   2.629000E+00
   28.00   2.693200E+00
   29.00   2.724500E+00
   30.00   2.700400E+00
   31.00   2.607000E+00
   32.00   2.443800E+00
   33.00   2.225500E+00
   34.00   1.979100E+00
   35.00   1.737400E+00
   36.00   1.529800E+00
   37.00   1.375300E+00
   38.00   1.278100E+00
   39.00   1.228700E+00
   40.00   1.208600E+00
   41.00   1.197000E+00
   42.00   1.177100E+00
   43.00   1.140300E+00
   44.00   1.085800E+00
   45.00   1.018900E+00
   46.00   9.473200E-01
   47.00   8.782400E-01
   48.00   8.166900E-01
   49.00   7.656300E-01
   50.00   7.269600E-01
   51.00   7.024400E-01
   52.00   6.937700E-01
   53.00   7.018900E-01
   54.00   7.257700E-01
   55.00   7.614900E-01
   56.00   8.023100E-01
   57.00   8.398200E-01
   58.00   8.658300E-01
   59.00   8.743700E-01
   60.00   8.630100E-01
   61.00   8.332400E-01
   62.00   7.896800E-01
   63.00   7.387200E-01
   64.00   6.869300E-01
   65.00   6.398600E-01
   66.00   6.013700E-01
   67.00   5.735500E-01
   68.00   5.569800E-01
   69.00   5.510900E-01
   70.00   5.544200E-01
   71.00   5.648400E-01
   72.00   5.796100E-01
   73.00   5.955700E-01
   74.00   6.094600E-01
   75.00   6.182800E-01
   76.00   6.198300E-01
   77.00   6.130100E-01
   78.00   5.980000E-01
   79.00   5.761200E-01
   80.00   5.495100E-01
   81.00   5.206600E-01
   82.00   4.919400E-01
   83.00   4.652600E-01
   84.00   4.418600E-01
   85.00   4.223200E-01
   86.00   4.066200E-01
   87.00   3.943400E-01
   88.00   3.848200E-01
   89.00   3.773100E-01
   90.00   3.710000E-01
   91.00   3.651600E-01
   92.00   3.591100E-01
   93.00   3.522800E-01
   94.00   3.442500E-01
   95.00   3.347600E-01
   96.00   3.237900E-01
   97.00   3.115000E-01
   98.00   2.982200E-01
   99.00   2.844100E-01
  100.00   2.705700E-01
  101.00   2.571700E-01
  102.00   2.445700E-01
  103.00   2.330200E-01
  104.00   2.226000E-01
  105.00   2.132600E-01
  106.00   2.048600E-01
  107.00   1.972100E-01
  108.00   1.901000E-01
  109.00   1.833600E-01
  110.00   1.768600E-01
  111.00   1.705300E-01
  112.00   1.643900E-01
  113.00   1.584600E-01
  114.00   1.528400E-01
  115.00   1.476200E-01
  116.00   1.429100E-01
  117.00   1.388100E-01
  118.00   1.354200E-01
  119.00   1.328200E-01
  120.00   1.310700E-01
  121.00   1.302200E-01
  122.00   1.302900E-01
  123.00   1.313200E-01
  124.00   1.332800E-01
  125.00   1.361600E-01
  126.00   1.399200E-01
  127.00   1.445300E-01
  128.00   1.499100E-01
  129.00   1.560000E-01
  130.00   1.627400E-01
  131.00   1.700500E-01
  132.00   1.778800E-01
  133.00   1.861600E-01
  134.00   1.948500E-01
  135.00   2.039300E-01
  136.00   2.133600E-01
  137.00   2.231300E-01
  138.00   2.332400E-01
  139.00   2.436700E-01
  140.00   2.544400E-01
  141.00   2.655400E-01
  142.00   2.769700E-01
  143.00   2.887300E-01
  144.00   3.008100E-01
  145.00   3.132000E-01
  146.00   3.258900E-01
  147.00   3.388600E-01
  148.00   3.520900E-01
  149.00   3.655500E-01
  150.00   3.792000E-01
  151.00   3.929900E-01
  152.00   4.068900E-01
  153.00   4.208400E-01
  154.00   4.347900E-01
  155.00   4.486800E-01
  156.00   4.624600E-01
  157.00   4.760900E-01
  158.00   4.895100E-01
  159.00   5.026800E-01
  160.00   5.155600E-01
  161.00   5.281000E-01
  162.00   5.402600E-01
  163.00   5.519900E-01
  164.00   5.632600E-01
  165.00   5.740200E-01
  166.00   5.842400E-01
  167.00   5.938800E-01
  168.00   6.029200E-01
  169.00   6.113200E-01
  170.00   6.190600E-01
  171.00   6.261400E-01
  172.00   6.325200E-01
  173.00   6.382000E-01
  174.00   6.431700E-01
  175.00   6.474000E-01
  176.00   6.508900E-01
  177.00   6.536200E-01
  178.00   6.555800E-01
  179.00   6.567600E-01
