    0.00   2.634100E+01
    1.00   2.625200E+01
    2.00   2.598100E+01
    3.00   2.552400E+01
    4.00   2.487200E+01
    5.00   2.401700E+01
    6.00   2.295200E+01
    7.00   2.167900E+01
    8.00   2.020700E+01
    9.00   1.855700E+01
   10.00   1.676600E+01
   11.00   1.488200E+01
   12.00   1.296600E+01
   13.00   1.108600E+01
   14.00   9.310800E+00
   15.00   7.700200E+00
   16.00   6.301400E+00
   17.00   5.141400E+00
   18.00   4.225800E+00
   19.00   3.540400E+00
   20.00   3.055900E+00
   21.00   2.735600E+00
   22.00   2.542000E+00
   23.00   2.442600E+00
   24.00   2.411800E+00
   25.00   2.429700E+00
   26.00   2.478900E+00
   27.00   2.541000E+00
   28.00   2.594400E+00
   29.00   2.616300E+00
   30.00   2.586100E+00
   31.00   2.491200E+00
   32.00   2.331800E+00
   33.00   2.121900E+00
   34.00   1.886700E+00
   35.00   1.656700E+00
   36.00   1.459100E+00
   37.00   1.311400E+00
   38.00   1.217400E+00
   39.00   1.168300E+00
   40.00   1.146900E+00
   41.00   1.134000E+00
   42.00   1.114000E+00
   43.00   1.078700E+00
   44.00   1.027300E+00
   45.00   9.644300E-01
   46.00   8.972400E-01
   47.00   8.322900E-01
   48.00   7.742900E-01
   49.00   7.260900E-01
   50.00   6.895700E-01
   51.00   6.664000E-01
   52.00   6.582000E-01
   53.00   6.657500E-01
   54.00   6.880200E-01
   55.00   7.212700E-01
   56.00   7.591900E-01
   57.00   7.939600E-01
   58.00   8.179700E-01
   59.00   8.257000E-01
   60.00   8.149400E-01
   61.00   7.870700E-01
   62.00   7.463700E-01
   63.00   6.987900E-01
   64.00   6.504200E-01
   65.00   6.064200E-01
   66.00   5.704200E-01
   67.00   5.443600E-01
   68.00   5.288000E-01
   69.00   5.231800E-01
   70.00   5.261600E-01
   71.00   5.357100E-01
   72.00   5.492600E-01
   73.00   5.638800E-01
   74.00   5.765200E-01
   75.00   5.844200E-01
   76.00   5.855500E-01
   77.00   5.789200E-01
   78.00   5.647000E-01
   79.00   5.441300E-01
   80.00   5.192100E-01
   81.00   4.922400E-01
   82.00   4.654100E-01
   83.00   4.404900E-01
   84.00   4.186200E-01
   85.00   4.003300E-01
   86.00   3.855900E-01
   87.00   3.740100E-01
   88.00   3.649700E-01
   89.00   3.577600E-01
   90.00   3.516500E-01
   91.00   3.459500E-01
   92.00   3.400400E-01
   93.00   3.334000E-01
   94.00   3.256400E-01
   95.00   3.165600E-01
   96.00   3.061400E-01
   97.00   2.945300E-01
   98.00   2.820500E-01
   99.00   2.691200E-01
  100.00   2.562100E-01
  101.00   2.437300E-01
  102.00   2.320300E-01
  103.00   2.213000E-01
  104.00   2.116300E-01
  105.00   2.029600E-01
  106.00   1.951600E-01
  107.00   1.880400E-01
  108.00   1.814000E-01
  109.00   1.750900E-01
  110.00   1.689900E-01
  111.00   1.630500E-01
  112.00   1.572700E-01
  113.00   1.517000E-01
  114.00   1.464100E-01
  115.00   1.415100E-01
  116.00   1.371000E-01
  117.00   1.332800E-01
  118.00   1.301400E-01
  119.00   1.277600E-01
  120.00   1.262000E-01
  121.00   1.255000E-01
  122.00   1.256900E-01
  123.00   1.267800E-01
  124.00   1.287600E-01
  125.00   1.316200E-01
  126.00   1.353100E-01
  127.00   1.397900E-01
  128.00   1.450100E-01
  129.00   1.509000E-01
  130.00   1.574000E-01
  131.00   1.644300E-01
  132.00   1.719500E-01
  133.00   1.799000E-01
  134.00   1.882500E-01
  135.00   1.969500E-01
  136.00   2.060000E-01
  137.00   2.153700E-01
  138.00   2.250700E-01
  139.00   2.350800E-01
  140.00   2.454200E-01
  141.00   2.560700E-01
  142.00   2.670500E-01
  143.00   2.783400E-01
  144.00   2.899400E-01
  145.00   3.018400E-01
  146.00   3.140300E-01
  147.00   3.264900E-01
  148.00   3.392000E-01
  149.00   3.521300E-01
  150.00   3.652400E-01
  151.00   3.784900E-01
  152.00   3.918300E-01
  153.00   4.052200E-01
  154.00   4.186100E-01
  155.00   4.319400E-01
  156.00   4.451700E-01
  157.00   4.582400E-01
  158.00   4.711200E-01
  159.00   4.837600E-01
  160.00   4.961100E-01
  161.00   5.081400E-01
  162.00   5.197900E-01
  163.00   5.310400E-01
  164.00   5.418500E-01
  165.00   5.521600E-01
  166.00   5.619600E-01
  167.00   5.712000E-01
  168.00   5.798600E-01
  169.00   5.879100E-01
  170.00   5.953400E-01
  171.00   6.021200E-01
  172.00   6.082400E-01
  173.00   6.136800E-01
  174.00   6.184400E-01
  175.00   6.224900E-01
  176.00   6.258300E-01
  177.00   6.284500E-01
  178.00   6.303200E-01
  179.00   6.314500E-01
