1Inelastic  7Li(d,p)8Li(gs) 7.266 AMeV ADKDFR-Watson LEA no SO          
2.6341E+01    2.6252E+01    2.5981E+01    2.5524E+01    2.4872E+01    2.4017E+01
    2.2952E+01    2.1679E+01    2.0207E+01    1.8557E+01    1.6766E+01
    1.4882E+01    1.2966E+01    1.1086E+01    9.3108E+00    7.7002E+00
    6.3014E+00    5.1414E+00    4.2258E+00    3.5404E+00    3.0559E+00
    2.7356E+00    2.5420E+00    2.4426E+00    2.4118E+00    2.4297E+00
    2.4789E+00    2.5410E+00    2.5944E+00    2.6163E+00    2.5861E+00
    2.4912E+00    2.3318E+00    2.1219E+00    1.8867E+00    1.6567E+00
    1.4591E+00    1.3114E+00    1.2174E+00    1.1683E+00    1.1469E+00
    1.1340E+00    1.1140E+00    1.0787E+00    1.0273E+00    9.6443E-01
    8.9724E-01    8.3229E-01    7.7429E-01    7.2609E-01    6.8957E-01
    6.6640E-01    6.5820E-01    6.6575E-01    6.8802E-01    7.2127E-01
    7.5919E-01    7.9396E-01    8.1797E-01    8.2570E-01    8.1494E-01
    7.8707E-01    7.4637E-01    6.9879E-01    6.5042E-01    6.0642E-01
    5.7042E-01    5.4436E-01    5.2880E-01    5.2318E-01    5.2616E-01
    5.3571E-01    5.4926E-01    5.6388E-01    5.7652E-01    5.8442E-01
    5.8555E-01    5.7892E-01    5.6470E-01    5.4413E-01    5.1921E-01
    4.9224E-01    4.6541E-01    4.4049E-01    4.1862E-01    4.0033E-01
    3.8559E-01    3.7401E-01    3.6497E-01    3.5776E-01    3.5165E-01
    3.4595E-01    3.4004E-01    3.3340E-01    3.2564E-01    3.1656E-01
    3.0614E-01    2.9453E-01    2.8205E-01    2.6912E-01    2.5621E-01
    2.4373E-01    2.3203E-01    2.2130E-01    2.1163E-01    2.0296E-01
    1.9516E-01    1.8804E-01    1.8140E-01    1.7509E-01    1.6899E-01
    1.6305E-01    1.5727E-01    1.5170E-01    1.4641E-01    1.4151E-01
    1.3710E-01    1.3328E-01    1.3014E-01    1.2776E-01    1.2620E-01
    1.2550E-01    1.2569E-01    1.2678E-01    1.2876E-01    1.3162E-01
    1.3531E-01    1.3979E-01    1.4501E-01    1.5090E-01    1.5740E-01
    1.6443E-01    1.7195E-01    1.7990E-01    1.8825E-01    1.9695E-01
    2.0600E-01    2.1537E-01    2.2507E-01    2.3508E-01    2.4542E-01
    2.5607E-01    2.6705E-01    2.7834E-01    2.8994E-01    3.0184E-01
    3.1403E-01    3.2649E-01    3.3920E-01    3.5213E-01    3.6524E-01
    3.7849E-01    3.9183E-01    4.0522E-01    4.1861E-01    4.3194E-01
    4.4517E-01    4.5824E-01    4.7112E-01    4.8376E-01    4.9611E-01
    5.0814E-01    5.1979E-01    5.3104E-01    5.4185E-01    5.5216E-01
    5.6196E-01    5.7120E-01    5.7986E-01    5.8791E-01    5.9534E-01
    6.0212E-01    6.0824E-01    6.1368E-01    6.1844E-01    6.2249E-01
    6.2583E-01    6.2845E-01    6.3032E-01    6.3145E-01
